# Residue RMSF_average RMSF_std
4.000000000000000000e+02 6.284000000000000696e-02 3.625244819319103570e-03
4.010000000000000000e+02 5.245999999999999275e-02 3.642306961254090751e-03
4.020000000000000000e+02 5.866000000000000381e-02 3.297635516548182415e-03
4.030000000000000000e+02 8.608000000000000373e-02 9.857869952479593467e-03
4.040000000000000000e+02 7.223999999999999866e-02 5.215975460064973396e-03
4.050000000000000000e+02 6.082000000000000600e-02 3.982662426066262661e-03
4.060000000000000000e+02 6.748000000000001219e-02 5.393106711349219921e-03
4.070000000000000000e+02 7.893999999999999628e-02 9.426897686938159188e-03
4.080000000000000000e+02 7.686000000000001164e-02 8.321442182698859588e-03
4.090000000000000000e+02 7.483999999999998987e-02 7.901544152885563513e-03
4.100000000000000000e+02 8.923999999999999988e-02 9.934505523678567249e-03
4.110000000000000000e+02 9.900000000000000466e-02 1.049132975365849735e-02
4.120000000000000000e+02 9.447999999999999454e-02 8.383173623395856477e-03
4.130000000000000000e+02 1.065599999999999881e-01 1.092677445543743277e-02
4.140000000000000000e+02 1.220199999999999896e-01 1.472730796853247148e-02
4.150000000000000000e+02 1.278399999999999814e-01 1.241250981872723223e-02
4.160000000000000000e+02 1.112199999999999855e-01 6.060825026347487279e-03
4.170000000000000000e+02 1.144600000000000062e-01 6.664412952391227281e-03
4.180000000000000000e+02 1.278400000000000092e-01 9.957027668938156842e-03
4.190000000000000000e+02 1.527400000000000146e-01 2.990522362397579625e-02
4.200000000000000000e+02 1.287600000000000133e-01 1.222826234589363160e-02
4.210000000000000000e+02 1.126599999999999824e-01 1.294458960338256553e-02
4.220000000000000000e+02 9.700000000000000289e-02 1.130999557913264786e-02
4.230000000000000000e+02 8.830000000000000349e-02 1.043474963762906771e-02
4.240000000000000000e+02 1.012999999999999873e-01 1.168742914417024610e-02
4.250000000000000000e+02 1.063600000000000101e-01 1.173517788531558415e-02
4.260000000000000000e+02 9.252000000000000501e-02 9.977254131272790885e-03
4.270000000000000000e+02 7.882000000000000117e-02 7.407401703701506877e-03
4.280000000000000000e+02 8.093999999999999806e-02 7.997899724302625843e-03
4.290000000000000000e+02 8.621999999999999109e-02 7.708281261085378998e-03
4.300000000000000000e+02 9.861999999999999933e-02 1.022299369069550219e-02
4.310000000000000000e+02 1.186599999999999877e-01 7.590941970533037972e-03
4.320000000000000000e+02 1.244799999999999934e-01 6.252807369494126251e-03
4.330000000000000000e+02 1.007800000000000085e-01 8.100962905729166760e-03
4.340000000000000000e+02 9.099999999999999756e-02 9.079647570252931399e-03
4.350000000000000000e+02 9.706000000000000738e-02 9.197956294742870922e-03
4.360000000000000000e+02 9.564000000000000279e-02 9.601999791710058574e-03
4.370000000000000000e+02 8.203999999999998793e-02 8.501435172957561362e-03
4.380000000000000000e+02 8.069999999999999396e-02 6.593026619087773328e-03
4.390000000000000000e+02 9.539999999999998481e-02 5.571355310873646327e-03
4.400000000000000000e+02 9.230000000000000704e-02 8.679861750051094671e-03
4.410000000000000000e+02 7.780000000000000804e-02 9.032164746061709451e-03
4.420000000000000000e+02 8.315999999999999781e-02 4.591121867256410007e-03
4.430000000000000000e+02 1.124399999999999844e-01 2.214136400495689359e-03
4.440000000000000000e+02 1.116999999999999937e-01 2.896894889359987249e-03
4.450000000000000000e+02 8.669999999999998541e-02 3.060718869808205529e-03
4.460000000000000000e+02 8.353999999999998927e-02 4.006295046548618254e-03
4.470000000000000000e+02 7.846000000000000196e-02 5.529773955597100561e-03
4.480000000000000000e+02 8.549999999999999267e-02 6.660330322138682813e-03
4.490000000000000000e+02 7.767999999999999905e-02 6.095375296074884326e-03
4.500000000000000000e+02 8.186000000000000221e-02 9.830279751868710447e-03
