# Residue RMSF_average RMSF_std
4.000000000000000000e+02 6.050000000000001210e-02 8.460732828780258286e-03
4.010000000000000000e+02 6.236000000000000570e-02 7.540981368495748224e-03
4.020000000000000000e+02 6.764000000000000568e-02 1.049658992244624500e-02
4.030000000000000000e+02 6.659999999999999254e-02 1.010247494428964318e-02
4.040000000000000000e+02 6.006000000000000227e-02 8.654848352224318864e-03
4.050000000000000000e+02 6.486000000000000099e-02 1.028913990574527836e-02
4.060000000000000000e+02 7.259999999999999787e-02 1.295299193236836531e-02
4.070000000000000000e+02 6.620000000000000884e-02 1.055916663378317702e-02
4.080000000000000000e+02 6.020000000000001045e-02 8.162597625756152359e-03
4.090000000000000000e+02 6.873999999999999555e-02 1.176581488890591012e-02
4.100000000000000000e+02 7.263999999999999624e-02 1.215114809390454090e-02
4.110000000000000000e+02 6.510000000000000508e-02 9.460021141625425678e-03
4.120000000000000000e+02 6.689999999999998725e-02 8.686080819333884262e-03
4.130000000000000000e+02 7.897999999999999465e-02 1.350946334981519524e-02
4.140000000000000000e+02 8.264000000000000512e-02 1.400993932891930749e-02
4.150000000000000000e+02 7.259999999999999787e-02 1.258189174965354713e-02
4.160000000000000000e+02 6.598000000000001086e-02 9.153228938467561707e-03
4.170000000000000000e+02 7.424000000000000044e-02 8.654155071409340427e-03
4.180000000000000000e+02 7.463999999999999801e-02 6.904665089633239133e-03
4.190000000000000000e+02 7.398000000000000409e-02 7.712690840426578501e-03
4.200000000000000000e+02 6.986000000000000543e-02 7.933120445322888042e-03
4.210000000000000000e+02 6.992000000000000992e-02 6.719940475926852383e-03
4.220000000000000000e+02 5.594000000000000361e-02 6.215979407945298151e-03
4.230000000000000000e+02 5.456000000000001127e-02 6.464549481595760656e-03
4.240000000000000000e+02 6.794000000000000039e-02 7.854069009118778630e-03
4.250000000000000000e+02 6.290000000000001146e-02 7.916312272769437247e-03
4.260000000000000000e+02 5.501999999999999946e-02 8.231986394546579600e-03
4.270000000000000000e+02 5.342000000000000220e-02 8.005847862656395933e-03
4.280000000000000000e+02 6.011999999999999289e-02 5.918580910995472309e-03
4.290000000000000000e+02 5.960000000000000020e-02 3.545701623092388077e-03
4.300000000000000000e+02 7.798000000000000764e-02 8.726144624059354454e-03
4.310000000000000000e+02 9.053999999999999548e-02 1.338799462204851715e-02
4.320000000000000000e+02 6.776000000000000079e-02 6.273308536968351737e-03
4.330000000000000000e+02 6.482000000000000262e-02 8.658960676663222250e-03
4.340000000000000000e+02 6.199999999999999956e-02 7.412152184082567742e-03
4.350000000000000000e+02 5.697999999999999593e-02 2.457966639317954709e-03
4.360000000000000000e+02 5.072000000000000119e-02 2.502318924517814638e-03
4.370000000000000000e+02 5.238000000000000295e-02 3.012905574358413878e-03
4.380000000000000000e+02 6.171999999999999709e-02 3.470100863087413438e-03
4.390000000000000000e+02 6.045999999999999985e-02 2.904203849594582786e-03
4.400000000000000000e+02 5.498000000000000803e-02 3.352252973747653700e-03
4.410000000000000000e+02 6.403999999999999970e-02 5.769783358151324253e-03
4.420000000000000000e+02 1.078599999999999975e-01 1.843622521016707871e-02
4.430000000000000000e+02 1.153999999999999887e-01 1.844982384739756592e-02
4.440000000000000000e+02 7.906000000000000527e-02 1.140115783593929726e-02
4.450000000000000000e+02 6.850000000000000533e-02 4.303951672591135869e-03
4.460000000000000000e+02 6.570000000000000839e-02 4.891216617570721438e-03
4.470000000000000000e+02 6.983999999999998542e-02 5.960738209316023863e-03
4.480000000000000000e+02 7.104000000000000592e-02 4.661587712357240058e-03
4.490000000000000000e+02 7.589999999999999525e-02 6.155322899734830440e-03
4.500000000000000000e+02 7.081999999999999407e-02 6.932935886044237425e-03
