# Residue RMSF_average RMSF_std
1.500000000000000000e+02 8.381999999999999174e-02 1.339050409805396351e-02
1.510000000000000000e+02 9.319999999999999118e-02 3.238549057834387568e-02
1.520000000000000000e+02 7.226000000000000478e-02 1.927522762511509405e-02
1.530000000000000000e+02 6.471999999999998587e-02 1.367865490463152089e-02
1.540000000000000000e+02 6.254000000000001225e-02 6.214692269131274517e-03
1.550000000000000000e+02 6.374000000000000499e-02 5.201768929892982771e-03
1.560000000000000000e+02 6.488000000000000711e-02 4.905262480234875815e-03
1.570000000000000000e+02 8.025999999999999801e-02 2.485638750904885664e-03
1.580000000000000000e+02 9.823999999999999400e-02 5.646095996350043549e-03
1.590000000000000000e+02 1.420600000000000196e-01 1.617956736133571369e-02
1.600000000000000000e+02 1.071599999999999914e-01 3.552238730716168660e-03
1.610000000000000000e+02 1.020199999999999996e-01 1.159299788665555178e-02
1.620000000000000000e+02 1.317599999999999882e-01 2.152334546486675201e-02
1.630000000000000000e+02 1.241000000000000159e-01 2.054896591072163936e-02
1.640000000000000000e+02 8.972000000000000808e-02 9.920362896588010709e-03
1.650000000000000000e+02 1.043399999999999883e-01 1.227853411446170988e-02
1.660000000000000000e+02 1.224400000000000210e-01 1.936828335191325551e-02
1.670000000000000000e+02 1.002399999999999958e-01 1.407090615418921629e-02
1.680000000000000000e+02 9.025999999999999301e-02 6.466096194768526997e-03
1.690000000000000000e+02 1.032200000000000062e-01 1.595949873899553048e-02
1.700000000000000000e+02 1.178599999999999925e-01 1.706535672056110411e-02
1.710000000000000000e+02 1.553399999999999781e-01 1.320206044524868672e-02
1.720000000000000000e+02 2.160200000000000176e-01 3.395157728294813382e-02
1.730000000000000000e+02 2.705400000000000027e-01 7.612475550042836769e-02
1.740000000000000000e+02 2.849199999999999511e-01 1.018697678411019103e-01
1.750000000000000000e+02 2.096999999999999975e-01 9.086356805672998749e-02
1.760000000000000000e+02 1.713600000000000123e-01 6.392500606179088440e-02
1.770000000000000000e+02 1.253599999999999715e-01 4.339343729183020582e-02
1.780000000000000000e+02 1.105800000000000116e-01 2.540829785719617845e-02
1.790000000000000000e+02 1.223599999999999965e-01 2.838088088837272330e-02
1.800000000000000000e+02 1.320999999999999952e-01 2.773568099037771600e-02
1.810000000000000000e+02 1.141000000000000070e-01 2.004045907657805645e-02
1.820000000000000000e+02 9.678000000000000491e-02 1.639821941553411613e-02
1.830000000000000000e+02 1.185200000000000004e-01 1.619634526675694727e-02
1.840000000000000000e+02 1.154399999999999871e-01 1.813555623630000099e-02
1.850000000000000000e+02 9.269999999999999074e-02 1.624672274644950801e-02
1.860000000000000000e+02 9.621999999999999997e-02 1.574476420909504126e-02
1.870000000000000000e+02 1.117399999999999921e-01 1.788324355367336069e-02
1.880000000000000000e+02 1.078199999999999992e-01 1.540407738230369084e-02
1.890000000000000000e+02 9.756000000000000782e-02 1.095017808074370824e-02
1.900000000000000000e+02 1.122800000000000048e-01 1.381208166787323971e-02
1.910000000000000000e+02 1.044199999999999989e-01 1.726191182922679618e-02
1.920000000000000000e+02 1.202999999999999903e-01 2.711774326893739984e-02
1.930000000000000000e+02 1.362200000000000077e-01 3.172667016880278273e-02
1.940000000000000000e+02 1.222399999999999876e-01 3.090466631432864722e-02
1.950000000000000000e+02 1.350199999999999734e-01 3.155309176610114619e-02
1.960000000000000000e+02 1.653600000000000070e-01 3.672811457180998052e-02
1.970000000000000000e+02 1.461999999999999689e-01 2.736062864774857148e-02
1.980000000000000000e+02 1.664199999999999846e-01 3.075063576578539182e-02
1.990000000000000000e+02 1.238399999999999918e-01 1.881888413270032742e-02
2.000000000000000000e+02 1.069400000000000073e-01 1.407474333691382563e-02
