# Residue RMSF_average RMSF_std
1.000000000000000000e+00 2.678200000000000025e-01 4.719539808074511844e-02
2.000000000000000000e+00 2.233400000000000107e-01 3.800171575073946900e-02
3.000000000000000000e+00 1.893600000000000005e-01 3.120721711399463902e-02
4.000000000000000000e+00 1.458199999999999774e-01 2.331981131999141810e-02
5.000000000000000000e+00 1.445000000000000173e-01 2.785512520165723399e-02
6.000000000000000000e+00 1.213400000000000034e-01 3.192576389062601327e-02
7.000000000000000000e+00 1.304400000000000004e-01 3.881430664072205161e-02
8.000000000000000000e+00 1.243400000000000061e-01 4.417608402744634122e-02
9.000000000000000000e+00 1.424199999999999910e-01 5.216249227174637321e-02
1.000000000000000000e+01 1.562399999999999900e-01 6.296095933195428040e-02
1.100000000000000000e+01 1.770400000000000307e-01 6.955761928070856859e-02
1.200000000000000000e+01 2.137800000000000256e-01 7.678526942063823579e-02
1.300000000000000000e+01 2.257000000000000117e-01 8.391109580979144722e-02
1.400000000000000000e+01 2.506000000000000449e-01 9.078374303805719636e-02
1.500000000000000000e+01 2.345600000000000185e-01 8.856079493771494560e-02
1.600000000000000000e+01 1.959200000000000108e-01 7.908394021544448704e-02
1.700000000000000000e+01 1.957800000000000096e-01 8.004742094533714991e-02
1.800000000000000000e+01 1.949799999999999867e-01 7.950080251167279677e-02
1.900000000000000000e+01 2.149800000000000044e-01 8.618281499231733589e-02
2.000000000000000000e+01 1.963199999999999945e-01 7.567436554078270372e-02
2.100000000000000000e+01 1.833400000000000030e-01 6.485003006938393211e-02
2.200000000000000000e+01 1.482399999999999829e-01 5.219059685422269834e-02
2.300000000000000000e+01 1.379200000000000148e-01 4.342489608508004473e-02
2.400000000000000000e+01 1.111800000000000149e-01 3.264594308639283404e-02
2.500000000000000000e+01 1.082800000000000012e-01 2.259366282832422912e-02
2.600000000000000000e+01 9.902000000000001079e-02 1.334547114192676312e-02
2.700000000000000000e+01 1.090200000000000058e-01 1.362371461826767001e-02
2.800000000000000000e+01 1.401399999999999868e-01 1.838875743491115086e-02
2.900000000000000000e+01 1.713600000000000123e-01 2.498756490736941949e-02
3.000000000000000000e+01 2.125599999999999989e-01 2.945549863777559979e-02
3.100000000000000000e+01 2.043999999999999984e-01 3.093030876017891298e-02
3.200000000000000000e+01 1.691799999999999971e-01 2.787037136458716396e-02
3.300000000000000000e+01 1.512000000000000011e-01 2.512496766167073362e-02
3.400000000000000000e+01 1.574399999999999966e-01 3.497533988398111859e-02
3.500000000000000000e+01 1.498599999999999932e-01 3.416937810379346019e-02
3.600000000000000000e+01 1.497400000000000120e-01 4.304930196878922755e-02
3.700000000000000000e+01 1.617799999999999794e-01 5.254713693437541855e-02
3.800000000000000000e+01 1.520799999999999930e-01 5.173731342077977219e-02
3.900000000000000000e+01 1.875399999999999845e-01 5.441792351789986187e-02
4.000000000000000000e+01 2.130199999999999871e-01 5.472704632994549595e-02
4.100000000000000000e+01 2.698400000000000243e-01 7.671251788332852928e-02
4.200000000000000000e+01 3.043199999999999794e-01 1.032559809405731166e-01
4.300000000000000000e+01 3.041399999999999659e-01 9.729987872551537631e-02
4.400000000000000000e+01 2.760200000000000431e-01 9.882035013093204423e-02
4.500000000000000000e+01 2.181400000000000006e-01 7.516828054438921825e-02
4.600000000000000000e+01 1.894399999999999973e-01 7.290027709138009737e-02
4.700000000000000000e+01 2.158000000000000473e-01 8.207623285702141114e-02
4.800000000000000000e+01 2.194799999999999807e-01 8.356773061415512238e-02
4.900000000000000000e+01 2.135800000000000198e-01 7.506046629218340871e-02
5.000000000000000000e+01 2.019400000000000084e-01 6.634999924642050184e-02
5.100000000000000000e+01 1.771600000000000119e-01 5.645832445264383631e-02
5.200000000000000000e+01 1.725599999999999912e-01 5.447155588011048932e-02
5.300000000000000000e+01 1.583600000000000008e-01 4.613803636913907380e-02
5.400000000000000000e+01 1.504800000000000026e-01 4.771810557849084922e-02
5.500000000000000000e+01 1.604800000000000115e-01 4.226962975943839018e-02
5.600000000000000000e+01 1.484199999999999964e-01 3.848991556239114709e-02
5.700000000000000000e+01 1.745200000000000085e-01 3.932395707453662653e-02
5.800000000000000000e+01 1.746199999999999974e-01 3.876603668161087562e-02
5.900000000000000000e+01 2.291999999999999871e-01 5.412877238585777490e-02
6.000000000000000000e+01 2.271599999999999731e-01 5.038903055229381617e-02
6.100000000000000000e+01 2.126399999999999957e-01 3.742184388829604413e-02
6.200000000000000000e+01 1.765200000000000102e-01 2.306802115483683538e-02
6.300000000000000000e+01 1.855600000000000027e-01 2.929058551821727904e-02
6.400000000000000000e+01 1.629400000000000015e-01 2.437035904536492825e-02
6.500000000000000000e+01 1.192600000000000049e-01 1.644270050812821765e-02
6.600000000000000000e+01 1.161599999999999994e-01 1.725138834992708675e-02
6.700000000000000000e+01 8.640000000000000457e-02 1.601923843383324178e-02
6.800000000000000000e+01 7.588000000000000300e-02 1.159748248543622517e-02
6.900000000000000000e+01 8.618000000000000660e-02 1.498311049148339999e-02
7.000000000000000000e+01 1.032799999999999968e-01 2.622856458138721897e-02
7.100000000000000000e+01 1.339400000000000035e-01 3.508701184199075618e-02
7.200000000000000000e+01 1.559999999999999720e-01 4.524705515279420220e-02
7.300000000000000000e+01 1.894999999999999740e-01 5.234955587204154909e-02
7.400000000000000000e+01 2.141200000000000048e-01 6.219805141642300444e-02
7.500000000000000000e+01 2.430599999999999983e-01 7.367763839863490649e-02
7.600000000000000000e+01 2.554799999999999849e-01 7.951810862941849356e-02
7.700000000000000000e+01 2.737399999999999833e-01 7.506073807257693242e-02
7.800000000000000000e+01 2.615999999999999992e-01 7.332598448026457494e-02
7.900000000000000000e+01 2.262000000000000122e-01 7.476905777124652486e-02
8.000000000000000000e+01 1.942599999999999882e-01 6.976212726114364160e-02
8.100000000000000000e+01 1.637200000000000044e-01 6.664924305646688363e-02
8.200000000000000000e+01 1.532000000000000028e-01 6.311605184103327715e-02
8.300000000000000000e+01 1.273600000000000010e-01 5.188258281928531668e-02
8.400000000000000000e+01 1.331999999999999851e-01 5.213417305376579630e-02
8.500000000000000000e+01 1.131599999999999967e-01 4.152009633900191621e-02
8.600000000000000000e+01 1.001999999999999974e-01 3.347829147372966690e-02
8.700000000000000000e+01 1.126999999999999946e-01 2.863103211552109340e-02
8.800000000000000000e+01 1.168000000000000149e-01 2.425349459356321638e-02
8.900000000000000000e+01 1.494800000000000018e-01 2.368589453662242605e-02
9.000000000000000000e+01 2.028000000000000080e-01 9.920282254049030829e-03
9.100000000000000000e+01 2.674600000000000311e-01 1.472040760305229519e-02
9.200000000000000000e+01 3.169200000000000350e-01 4.727536356285380603e-03
9.300000000000000000e+01 3.359400000000000164e-01 4.435252416717676976e-02
9.400000000000000000e+01 2.701600000000000112e-01 1.611987593004363464e-02
9.500000000000000000e+01 1.738600000000000145e-01 2.591915122067079205e-02
9.600000000000000000e+01 1.321399999999999797e-01 2.636835982764191427e-02
9.700000000000000000e+01 1.197999999999999898e-01 3.231092694430166834e-02
9.800000000000000000e+01 9.693999999999999839e-02 2.951844169328726036e-02
9.900000000000000000e+01 1.158000000000000140e-01 3.880422657391846553e-02
1.000000000000000000e+02 1.101199999999999957e-01 3.841642357117591722e-02
1.010000000000000000e+02 1.347200000000000064e-01 5.142456222468014954e-02
1.020000000000000000e+02 1.452400000000000080e-01 4.821027276421489816e-02
1.030000000000000000e+02 1.585600000000000065e-01 5.521005705485188680e-02
1.040000000000000000e+02 1.476000000000000090e-01 4.666463328903378699e-02
1.050000000000000000e+02 1.745199999999999807e-01 5.386079836021741285e-02
1.060000000000000000e+02 1.735200000000000076e-01 4.337014641432514889e-02
1.070000000000000000e+02 1.899000000000000132e-01 4.086059226198270056e-02
1.080000000000000000e+02 1.783799999999999830e-01 2.973620016074683334e-02
1.090000000000000000e+02 1.507600000000000051e-01 2.242789334734763412e-02
1.100000000000000000e+02 1.120400000000000007e-01 2.177949494363906960e-02
1.110000000000000000e+02 8.906000000000000028e-02 1.579159269991472353e-02
1.120000000000000000e+02 8.631999999999998008e-02 2.226022461701588490e-02
1.130000000000000000e+02 1.011000000000000093e-01 3.313167668561312063e-02
1.140000000000000000e+02 1.081599999999999923e-01 3.267081878374032688e-02
1.150000000000000000e+02 9.811999999999999889e-02 1.720934629786965639e-02
1.160000000000000000e+02 7.498000000000000498e-02 1.301774173964132843e-02
1.170000000000000000e+02 6.670000000000000928e-02 1.100708862506339682e-02
1.180000000000000000e+02 8.654000000000000581e-02 1.529569874180320040e-02
1.190000000000000000e+02 9.070000000000000284e-02 1.856308164071903202e-02
1.200000000000000000e+02 9.204000000000001069e-02 1.389440175034535249e-02
