# Residue RMSF_average RMSF_std
4.000000000000000000e+02 6.013999999999999208e-02 6.181132582302374494e-03
4.010000000000000000e+02 6.088000000000000356e-02 4.362751425419515369e-03
4.020000000000000000e+02 6.640000000000000069e-02 6.924160598946274038e-03
4.030000000000000000e+02 6.582000000000000350e-02 6.637288603036633518e-03
4.040000000000000000e+02 6.066000000000000558e-02 7.402594139894475532e-03
4.050000000000000000e+02 6.211999999999999467e-02 6.244485567282542261e-03
4.060000000000000000e+02 6.795999999999999264e-02 6.458668593448652073e-03
4.070000000000000000e+02 6.113999999999999296e-02 7.535675152234203901e-03
4.080000000000000000e+02 5.775999999999999884e-02 6.710767467287179731e-03
4.090000000000000000e+02 6.488000000000000711e-02 6.083222830046585393e-03
4.100000000000000000e+02 6.864000000000000656e-02 7.136273537358277935e-03
4.110000000000000000e+02 6.455999999999999239e-02 8.546016615944528050e-03
4.120000000000000000e+02 6.600000000000000311e-02 6.562926176637979593e-03
4.130000000000000000e+02 7.564000000000001278e-02 6.517852407043288158e-03
4.140000000000000000e+02 8.673999999999999766e-02 1.761506173704764644e-02
4.150000000000000000e+02 7.592000000000000137e-02 1.236388288524280579e-02
4.160000000000000000e+02 7.163999999999999535e-02 7.609888304042310841e-03
4.170000000000000000e+02 8.061999999999999722e-02 8.674883284517435206e-03
4.180000000000000000e+02 8.927999999999999825e-02 1.494100398232996695e-02
4.190000000000000000e+02 8.940000000000000724e-02 1.986876946365828678e-02
4.200000000000000000e+02 7.982000000000000206e-02 1.603837897045708172e-02
4.210000000000000000e+02 8.004000000000000004e-02 2.035441966748254006e-02
4.220000000000000000e+02 7.767999999999999905e-02 2.651832573900546677e-02
4.230000000000000000e+02 7.728000000000001535e-02 2.499651175664316730e-02
4.240000000000000000e+02 8.637999999999999845e-02 2.746688187617953719e-02
4.250000000000000000e+02 7.947999999999999510e-02 2.616642123027143954e-02
4.260000000000000000e+02 6.615999999999999659e-02 1.334684981559319111e-02
4.270000000000000000e+02 6.017999999999999738e-02 8.431939278718745406e-03
4.280000000000000000e+02 8.002000000000000779e-02 2.400011666638310337e-02
4.290000000000000000e+02 1.086800000000000266e-01 7.036810072753137135e-02
4.300000000000000000e+02 1.171600000000000003e-01 3.937565745482860674e-02
4.310000000000000000e+02 1.061800000000000105e-01 1.842947638974043456e-02
4.320000000000000000e+02 8.057999999999999885e-02 1.001606709242704868e-02
4.330000000000000000e+02 7.208000000000000518e-02 8.304552968101293342e-03
4.340000000000000000e+02 7.081999999999999407e-02 8.440236963498121830e-03
4.350000000000000000e+02 6.829999999999999960e-02 8.661408661412992732e-03
4.360000000000000000e+02 5.908000000000000057e-02 5.026091921164990532e-03
4.370000000000000000e+02 5.982000000000000511e-02 3.169479452528441155e-03
4.380000000000000000e+02 7.217999999999999416e-02 6.429432323308178522e-03
4.390000000000000000e+02 6.932000000000000661e-02 6.704446285861346937e-03
4.400000000000000000e+02 5.864000000000000462e-02 3.406229587094798325e-03
4.410000000000000000e+02 6.940000000000000335e-02 6.097868480051042532e-03
4.420000000000000000e+02 1.076000000000000012e-01 1.368897366496115570e-02
4.430000000000000000e+02 1.125599999999999934e-01 1.161836477306509713e-02
4.440000000000000000e+02 8.191999999999999282e-02 8.856726257483628698e-03
4.450000000000000000e+02 7.489999999999999436e-02 4.555436312802542929e-03
4.460000000000000000e+02 6.965999999999998582e-02 6.040728432896150767e-03
4.470000000000000000e+02 7.223999999999999866e-02 6.306060576937077590e-03
4.480000000000000000e+02 7.398000000000000409e-02 4.159999999999999636e-03
4.490000000000000000e+02 8.079999999999999682e-02 4.398181442369105895e-03
4.500000000000000000e+02 7.144000000000000350e-02 3.593104507247180199e-03
