# Residue RMSF_average RMSF_std
1.000000000000000000e+00 2.738600000000000478e-01 1.536197903917331693e-02
2.000000000000000000e+00 2.267599999999999894e-01 1.470776665575029320e-02
3.000000000000000000e+00 1.843599999999999961e-01 1.896402910776082487e-02
4.000000000000000000e+00 1.391199999999999937e-01 2.213597976146526591e-02
5.000000000000000000e+00 1.392199999999999827e-01 2.316630311465340403e-02
6.000000000000000000e+00 1.152799999999999797e-01 2.410115349936595847e-02
7.000000000000000000e+00 1.204000000000000209e-01 2.665445553748941807e-02
8.000000000000000000e+00 1.156999999999999834e-01 2.773149833672894013e-02
9.000000000000000000e+00 1.256599999999999939e-01 3.033951878326352283e-02
1.000000000000000000e+01 1.376799999999999968e-01 3.611882611602984516e-02
1.100000000000000000e+01 1.519399999999999917e-01 3.459957225169119771e-02
1.200000000000000000e+01 1.864399999999999946e-01 3.162104362604119256e-02
1.300000000000000000e+01 2.008800000000000030e-01 3.454929232270901457e-02
1.400000000000000000e+01 2.242600000000000426e-01 4.261856872303432936e-02
1.500000000000000000e+01 2.032999999999999807e-01 5.205351092865879298e-02
1.600000000000000000e+01 1.715000000000000135e-01 4.578405836096227643e-02
1.700000000000000000e+01 1.771999999999999964e-01 4.951294780155995195e-02
1.800000000000000000e+01 1.776200000000000279e-01 5.138985892177560383e-02
1.900000000000000000e+01 1.971999999999999864e-01 5.517274689554616668e-02
2.000000000000000000e+01 1.773200000000000054e-01 5.057922102998423097e-02
2.100000000000000000e+01 1.746800000000000019e-01 4.367275580954332187e-02
2.200000000000000000e+01 1.439199999999999924e-01 3.597317889761759979e-02
2.300000000000000000e+01 1.341800000000000215e-01 3.176081862924820531e-02
2.400000000000000000e+01 1.092000000000000054e-01 2.371758841029163525e-02
2.500000000000000000e+01 1.066200000000000064e-01 1.647439224979179925e-02
2.600000000000000000e+01 8.900000000000000966e-02 8.385940615100968137e-03
2.700000000000000000e+01 9.016000000000000403e-02 7.943953675595043576e-03
2.800000000000000000e+01 1.124200000000000060e-01 9.709253318355641482e-03
2.900000000000000000e+01 1.372199999999999809e-01 1.048396871418452898e-02
3.000000000000000000e+01 1.851600000000000190e-01 1.060652629280670750e-02
3.100000000000000000e+01 1.688800000000000023e-01 1.489622771039701872e-02
3.200000000000000000e+01 1.379799999999999915e-01 1.232288927159536258e-02
3.300000000000000000e+01 1.436399999999999899e-01 1.730047398194627453e-02
3.400000000000000000e+01 1.644800000000000151e-01 2.865403287497241686e-02
3.500000000000000000e+01 1.493800000000000128e-01 3.050950015978629720e-02
3.600000000000000000e+01 1.535199999999999898e-01 3.649330897575608912e-02
3.700000000000000000e+01 1.628799999999999970e-01 3.896800739067882852e-02
3.800000000000000000e+01 1.552399999999999891e-01 3.739099356797035562e-02
3.900000000000000000e+01 1.864600000000000146e-01 4.369945537418058051e-02
4.000000000000000000e+01 2.091999999999999971e-01 4.496958972461279069e-02
4.100000000000000000e+01 2.733999999999999764e-01 4.396257499282771319e-02
4.200000000000000000e+01 2.996000000000000330e-01 4.270081966426405445e-02
4.300000000000000000e+01 2.772400000000000420e-01 4.417042449422464018e-02
4.400000000000000000e+01 2.395200000000000107e-01 4.464770542816283438e-02
4.500000000000000000e+01 2.023000000000000076e-01 5.130715349734382008e-02
4.600000000000000000e+01 1.701799999999999979e-01 4.688946150255939721e-02
4.700000000000000000e+01 1.910600000000000076e-01 4.793719224151535979e-02
4.800000000000000000e+01 1.885400000000000131e-01 4.348814091220731815e-02
4.900000000000000000e+01 1.840400000000000091e-01 3.781918031898628269e-02
5.000000000000000000e+01 1.779200000000000226e-01 3.747134371756636467e-02
5.100000000000000000e+01 1.599200000000000066e-01 3.763601466680551594e-02
5.200000000000000000e+01 1.625800000000000023e-01 3.859115960942349766e-02
5.300000000000000000e+01 1.527000000000000024e-01 3.533225155576700388e-02
5.400000000000000000e+01 1.516200000000000048e-01 3.523364301346086636e-02
5.500000000000000000e+01 1.652399999999999980e-01 3.318352603325933764e-02
5.600000000000000000e+01 1.547400000000000164e-01 2.806525253761312302e-02
5.700000000000000000e+01 1.785599999999999965e-01 2.769697456402052047e-02
5.800000000000000000e+01 1.770200000000000107e-01 2.861310189406245097e-02
5.900000000000000000e+01 2.162000000000000033e-01 3.175915616007453368e-02
6.000000000000000000e+01 2.141399999999999970e-01 3.047606273782754033e-02
6.100000000000000000e+01 1.977200000000000069e-01 1.936444163925208489e-02
6.200000000000000000e+01 1.573799999999999921e-01 1.176595087530115519e-02
6.300000000000000000e+01 1.600800000000000001e-01 1.223460665489496321e-02
6.400000000000000000e+01 1.324200000000000099e-01 9.591537937161069907e-03
6.500000000000000000e+01 9.593999999999999750e-02 6.987588997644322494e-03
6.600000000000000000e+01 8.321999999999998843e-02 9.568991587414003505e-03
6.700000000000000000e+01 6.861999999999998656e-02 7.694777449673252494e-03
6.800000000000000000e+01 6.539999999999999980e-02 5.828893548521879749e-03
6.900000000000000000e+01 8.118000000000000216e-02 1.511401998146092059e-02
7.000000000000000000e+01 9.506000000000000560e-02 2.319712051095997735e-02
7.100000000000000000e+01 1.193999999999999923e-01 3.418321225397050883e-02
7.200000000000000000e+01 1.412999999999999812e-01 3.727277827047508624e-02
7.300000000000000000e+01 1.695200000000000040e-01 4.453301696494411238e-02
7.400000000000000000e+01 1.872400000000000175e-01 5.469963802439647277e-02
7.500000000000000000e+01 2.129800000000000026e-01 6.069541663091208850e-02
7.600000000000000000e+01 2.380599999999999938e-01 6.791905770842231183e-02
7.700000000000000000e+01 2.319599999999999995e-01 6.678938837869380363e-02
7.800000000000000000e+01 1.949200000000000099e-01 5.935221647082777885e-02
7.900000000000000000e+01 1.873200000000000143e-01 5.829629147724578464e-02
8.000000000000000000e+01 1.535399999999999820e-01 5.358367661891072498e-02
8.100000000000000000e+01 1.397600000000000231e-01 4.669058149134576452e-02
8.200000000000000000e+01 1.316599999999999993e-01 3.846518425797541829e-02
8.300000000000000000e+01 1.098199999999999871e-01 3.007652905506218860e-02
8.400000000000000000e+01 1.126199999999999840e-01 2.635954476086414117e-02
8.500000000000000000e+01 9.491999999999999049e-02 2.180801687453492316e-02
8.600000000000000000e+01 8.520000000000001183e-02 2.019435564706138428e-02
8.700000000000000000e+01 9.280000000000000748e-02 2.207949274779653914e-02
8.800000000000000000e+01 9.791999999999999316e-02 1.859875264634701028e-02
8.900000000000000000e+01 1.325200000000000267e-01 1.651803862448565641e-02
9.000000000000000000e+01 1.962200000000000055e-01 2.189989954314860640e-02
9.100000000000000000e+01 2.616999999999999882e-01 2.475520147362973364e-02
9.200000000000000000e+01 3.014000000000000012e-01 3.811991605447210413e-02
9.300000000000000000e+01 2.691999999999999948e-01 5.059739123709839498e-02
9.400000000000000000e+01 2.116999999999999993e-01 2.855675051542104145e-02
9.500000000000000000e+01 1.358199999999999963e-01 1.087168800140989912e-02
9.600000000000000000e+01 9.937999999999999612e-02 1.337137240525444401e-02
9.700000000000000000e+01 9.339999999999999691e-02 2.090138751375133358e-02
9.800000000000000000e+01 7.656000000000000305e-02 1.504667405109846694e-02
9.900000000000000000e+01 9.367999999999999938e-02 1.551842775541388726e-02
1.000000000000000000e+02 9.349999999999999978e-02 1.882944502634105802e-02
1.010000000000000000e+02 1.136999999999999955e-01 2.634577765031808141e-02
1.020000000000000000e+02 1.143799999999999956e-01 3.474705167348735024e-02
1.030000000000000000e+02 1.228400000000000186e-01 4.298644437494220788e-02
1.040000000000000000e+02 1.132599999999999996e-01 4.247034730255922624e-02
1.050000000000000000e+02 1.279399999999999982e-01 5.263879177944721932e-02
1.060000000000000000e+02 1.460599999999999954e-01 5.196096996785182914e-02
1.070000000000000000e+02 1.611199999999999855e-01 5.427616051269654185e-02
1.080000000000000000e+02 1.473399999999999987e-01 4.334432373448685039e-02
1.090000000000000000e+02 1.199400000000000049e-01 3.152475852405534074e-02
1.100000000000000000e+02 9.321999999999999731e-02 2.995339045917840698e-02
1.110000000000000000e+02 7.950000000000000122e-02 1.708554944975431561e-02
1.120000000000000000e+02 6.810000000000000775e-02 8.222165164967194448e-03
1.130000000000000000e+02 7.442000000000000004e-02 1.018889591663394920e-02
1.140000000000000000e+02 7.988000000000000655e-02 1.033119547777506565e-02
1.150000000000000000e+02 7.942000000000000448e-02 6.180744291749979379e-03
1.160000000000000000e+02 7.066000000000000059e-02 1.084298851793176130e-02
1.170000000000000000e+02 6.329999999999999516e-02 1.084490663860228701e-02
1.180000000000000000e+02 6.970000000000001195e-02 8.512343978012166384e-03
1.190000000000000000e+02 7.244000000000000439e-02 1.285684253617504907e-02
1.200000000000000000e+02 8.027999999999999026e-02 1.459169626876875674e-02
