# Residue RMSF_average RMSF_std
1.500000000000000000e+02 8.166000000000001036e-02 9.270512391448491527e-03
1.510000000000000000e+02 8.365999999999999825e-02 1.185725094615104960e-02
1.520000000000000000e+02 6.937999999999999723e-02 8.426244715174132857e-03
1.530000000000000000e+02 6.658000000000000029e-02 8.296842773007091082e-03
1.540000000000000000e+02 6.520000000000000795e-02 1.029427025096971149e-02
1.550000000000000000e+02 6.795999999999999264e-02 9.395445705233998468e-03
1.560000000000000000e+02 7.089999999999999081e-02 1.163219669709895931e-02
1.570000000000000000e+02 7.930000000000000937e-02 1.167955478603529586e-02
1.580000000000000000e+02 1.011000000000000093e-01 2.429287961522881914e-02
1.590000000000000000e+02 1.355599999999999861e-01 4.362254463004192756e-02
1.600000000000000000e+02 1.065199999999999897e-01 2.253383234161468462e-02
1.610000000000000000e+02 1.044000000000000067e-01 1.896997627831937747e-02
1.620000000000000000e+02 1.386400000000000132e-01 3.458164831236359982e-02
1.630000000000000000e+02 1.285999999999999921e-01 3.476613294572751534e-02
1.640000000000000000e+02 9.579999999999999627e-02 1.584840685999700308e-02
1.650000000000000000e+02 1.136400000000000049e-01 2.288638022929795346e-02
1.660000000000000000e+02 1.381600000000000050e-01 3.358604472098493388e-02
1.670000000000000000e+02 1.168600000000000055e-01 2.391423007332663456e-02
1.680000000000000000e+02 1.032799999999999968e-01 1.601354426727574776e-02
1.690000000000000000e+02 1.375799999999999801e-01 3.837475211646324685e-02
1.700000000000000000e+02 1.581999999999999795e-01 5.118886597688993706e-02
1.710000000000000000e+02 2.027400000000000035e-01 6.814521553271367382e-02
1.720000000000000000e+02 2.374600000000000044e-01 6.781494230624988961e-02
1.730000000000000000e+02 2.943000000000000060e-01 1.022021330501472480e-01
1.740000000000000000e+02 2.998599999999999599e-01 1.239827988069312770e-01
1.750000000000000000e+02 1.873800000000000188e-01 5.714243256985127029e-02
1.760000000000000000e+02 1.618799999999999961e-01 3.870118344443745917e-02
1.770000000000000000e+02 1.081999999999999906e-01 2.438261675866640679e-02
1.780000000000000000e+02 9.621999999999999997e-02 1.911558526438571215e-02
1.790000000000000000e+02 1.061799999999999827e-01 1.926254396490764340e-02
1.800000000000000000e+02 1.088800000000000184e-01 1.920264565105548465e-02
1.810000000000000000e+02 9.353999999999999815e-02 1.760484024352394067e-02
1.820000000000000000e+02 8.000000000000000167e-02 1.527743433957416859e-02
1.830000000000000000e+02 1.008999999999999897e-01 2.036732677599100219e-02
1.840000000000000000e+02 1.031199999999999894e-01 1.680195226751939400e-02
1.850000000000000000e+02 8.522000000000000408e-02 1.257289147332466168e-02
1.860000000000000000e+02 8.630000000000000171e-02 1.276557871778635431e-02
1.870000000000000000e+02 1.006599999999999995e-01 1.423356596218952087e-02
1.880000000000000000e+02 1.012800000000000089e-01 1.334487167416757020e-02
1.890000000000000000e+02 9.425999999999999657e-02 1.321160096279023859e-02
1.900000000000000000e+02 1.012999999999999873e-01 1.214133435829851428e-02
1.910000000000000000e+02 9.003999999999999504e-02 1.231220532642304105e-02
1.920000000000000000e+02 9.557999999999999829e-02 1.464341490226921290e-02
1.930000000000000000e+02 1.044599999999999973e-01 1.765430259171966998e-02
1.940000000000000000e+02 9.559999999999999054e-02 2.045209035771160602e-02
1.950000000000000000e+02 1.022399999999999975e-01 1.787876953260486915e-02
1.960000000000000000e+02 1.263600000000000001e-01 1.974007092185841097e-02
1.970000000000000000e+02 1.178199999999999942e-01 2.914367169729990825e-02
1.980000000000000000e+02 1.339400000000000035e-01 2.742258922859035913e-02
1.990000000000000000e+02 1.115999999999999909e-01 2.898944635552738736e-02
2.000000000000000000e+02 1.020799999999999902e-01 2.241833178450171674e-02
