# Residue RMSF_average RMSF_std
1.500000000000000000e+02 9.209999999999998743e-02 4.619523784980439536e-03
1.510000000000000000e+02 9.685999999999998777e-02 6.013518105069610813e-03
1.520000000000000000e+02 6.772000000000000242e-02 4.091650033910525057e-03
1.530000000000000000e+02 6.389999999999999847e-02 4.815807305115103396e-03
1.540000000000000000e+02 6.266000000000000736e-02 6.901188303473539641e-03
1.550000000000000000e+02 6.378000000000000336e-02 7.086155516216109153e-03
1.560000000000000000e+02 6.808000000000000163e-02 8.750634262726330465e-03
1.570000000000000000e+02 8.052000000000000823e-02 1.086193352953331373e-02
1.580000000000000000e+02 1.010199999999999709e-01 8.022318866761656009e-03
1.590000000000000000e+02 1.334400000000000031e-01 1.043793082943166896e-02
1.600000000000000000e+02 1.320600000000000107e-01 7.986638842466836641e-03
1.610000000000000000e+02 1.582000000000000073e-01 1.591791443625702879e-02
1.620000000000000000e+02 1.692800000000000138e-01 1.777553374726058288e-02
1.630000000000000000e+02 1.279599999999999904e-01 1.007900788768418057e-02
1.640000000000000000e+02 8.812000000000000388e-02 8.931606798331416519e-03
1.650000000000000000e+02 8.533999999999999919e-02 1.614888231426559254e-02
1.660000000000000000e+02 9.228000000000000091e-02 1.955161374413887099e-02
1.670000000000000000e+02 8.787999999999999978e-02 1.907578569810428754e-02
1.680000000000000000e+02 8.155999999999999361e-02 1.350031110752637591e-02
1.690000000000000000e+02 9.212000000000000743e-02 1.673384594168357900e-02
1.700000000000000000e+02 1.040399999999999936e-01 1.077433988697219618e-02
1.710000000000000000e+02 1.684599999999999986e-01 2.063682146068042400e-02
1.720000000000000000e+02 1.667600000000000193e-01 1.334445203071298741e-02
1.730000000000000000e+02 1.991999999999999882e-01 4.878081590133563628e-02
1.740000000000000000e+02 2.147200000000000220e-01 6.928646043780847807e-02
1.750000000000000000e+02 1.720400000000000262e-01 5.967205711218610820e-02
1.760000000000000000e+02 1.109399999999999969e-01 1.841484184021138434e-02
1.770000000000000000e+02 8.548000000000000043e-02 1.517661358801758627e-02
1.780000000000000000e+02 7.649999999999998468e-02 7.372380890865586588e-03
1.790000000000000000e+02 8.548000000000000043e-02 8.223721785177318805e-03
1.800000000000000000e+02 8.945999999999999786e-02 1.449283961133910996e-02
1.810000000000000000e+02 8.019999999999999352e-02 1.003653326602368424e-02
1.820000000000000000e+02 7.495999999999999885e-02 7.484009620517599777e-03
1.830000000000000000e+02 8.618000000000000660e-02 8.534963385978875175e-03
1.840000000000000000e+02 8.754000000000000670e-02 7.911662277928705952e-03
1.850000000000000000e+02 7.938000000000000611e-02 8.794407313742069396e-03
1.860000000000000000e+02 8.004000000000001391e-02 9.261878859065259331e-03
1.870000000000000000e+02 8.820000000000000062e-02 7.240994406847722775e-03
1.880000000000000000e+02 8.859999999999999820e-02 6.508456038109191287e-03
1.890000000000000000e+02 8.007999999999999841e-02 5.884012236561036481e-03
1.900000000000000000e+02 8.740000000000000546e-02 6.555608286040280099e-03
1.910000000000000000e+02 7.997999999999999554e-02 6.476233473246619486e-03
1.920000000000000000e+02 9.374000000000000388e-02 8.220608250001941800e-03
1.930000000000000000e+02 1.037400000000000128e-01 6.902347426781707714e-03
1.940000000000000000e+02 9.296000000000000096e-02 7.053963424912266730e-03
1.950000000000000000e+02 1.058599999999999958e-01 1.532169703394502952e-02
1.960000000000000000e+02 1.212799999999999850e-01 2.589875672691644218e-02
1.970000000000000000e+02 9.137999999999998901e-02 1.108952659043658563e-02
1.980000000000000000e+02 9.679999999999999716e-02 1.426982831010940693e-02
1.990000000000000000e+02 1.144200000000000078e-01 1.875242917597610970e-02
2.000000000000000000e+02 9.415999999999999370e-02 1.095583862604775950e-02
