# Residue RMSF_average RMSF_std
2.000000000000000000e+00 3.426999999999999491e-01 4.268479823075189972e-02
3.000000000000000000e+00 2.336199999999999943e-01 2.821683185618116194e-02
4.000000000000000000e+00 1.796199999999999741e-01 2.008376458734766404e-02
5.000000000000000000e+00 1.481199999999999739e-01 1.312697985067395184e-02
6.000000000000000000e+00 1.430400000000000005e-01 1.486224747472602269e-02
7.000000000000000000e+00 1.183599999999999930e-01 1.206707918263570656e-02
8.000000000000000000e+00 1.251800000000000135e-01 1.500125328097622925e-02
9.000000000000000000e+00 1.160600000000000104e-01 2.159255427224856388e-02
1.000000000000000000e+01 1.330999999999999961e-01 3.018973335423816295e-02
1.100000000000000000e+01 1.421000000000000041e-01 4.067544713952140484e-02
1.200000000000000000e+01 1.611000000000000210e-01 4.967079624890262390e-02
1.300000000000000000e+01 2.008800000000000030e-01 6.201649458007119087e-02
1.400000000000000000e+01 2.142400000000000415e-01 6.291602657511041752e-02
1.500000000000000000e+01 2.370200000000000085e-01 6.543379554939481035e-02
1.600000000000000000e+01 2.139800000000000035e-01 6.382875214196187530e-02
1.700000000000000000e+01 1.783399999999999985e-01 5.658001767408701171e-02
1.800000000000000000e+01 1.744600000000000040e-01 5.410939289993928203e-02
1.900000000000000000e+01 1.696200000000000208e-01 5.163783109310459557e-02
2.000000000000000000e+01 1.859000000000000097e-01 5.346838318109123356e-02
2.100000000000000000e+01 1.624199999999999811e-01 4.388454853362399460e-02
2.200000000000000000e+01 1.483399999999999996e-01 3.936874902762341893e-02
2.300000000000000000e+01 1.210200000000000164e-01 3.148856300309685330e-02
2.400000000000000000e+01 1.098000000000000087e-01 2.537636695825467789e-02
2.500000000000000000e+01 9.260000000000000175e-02 1.690644847388120611e-02
2.600000000000000000e+01 9.818000000000000338e-02 1.026438502785237926e-02
2.700000000000000000e+01 1.014599999999999946e-01 7.269277818325561163e-03
2.800000000000000000e+01 1.145199999999999968e-01 1.363633381814921726e-02
2.900000000000000000e+01 1.512199999999999933e-01 1.852937127913411447e-02
3.000000000000000000e+01 1.954600000000000226e-01 2.067177786258356936e-02
3.100000000000000000e+01 2.337399999999999756e-01 2.425577044746259764e-02
3.200000000000000000e+01 1.930800000000000016e-01 3.190651344161564429e-02
3.300000000000000000e+01 1.538999999999999813e-01 2.240669542792957797e-02
3.400000000000000000e+01 1.446000000000000063e-01 2.056083655885626235e-02
3.500000000000000000e+01 1.547199999999999964e-01 2.600295367838045824e-02
3.600000000000000000e+01 1.314799999999999858e-01 2.386155066210074102e-02
3.700000000000000000e+01 1.342599999999999905e-01 3.112006426728582131e-02
3.800000000000000000e+01 1.349400000000000044e-01 3.776334730926271532e-02
3.900000000000000000e+01 1.368999999999999939e-01 3.685930004761349410e-02
4.000000000000000000e+01 1.737599999999999978e-01 4.478448838604724702e-02
4.100000000000000000e+01 1.956200000000000161e-01 4.331758996066147060e-02
4.200000000000000000e+01 2.323800000000000310e-01 5.482924037409235563e-02
4.300000000000000000e+01 2.585399999999999920e-01 4.999478372790504971e-02
4.400000000000000000e+01 2.620000000000000107e-01 5.106885547963650740e-02
4.500000000000000000e+01 2.305000000000000104e-01 5.289094440450085172e-02
4.600000000000000000e+01 1.881599999999999939e-01 5.567321079298372111e-02
4.700000000000000000e+01 1.619599999999999651e-01 4.632919597834610215e-02
4.800000000000000000e+01 1.906200000000000117e-01 5.810426490370563385e-02
4.900000000000000000e+01 1.972399999999999987e-01 5.941614595377253671e-02
5.000000000000000000e+01 1.945800000000000307e-01 5.213357459449715486e-02
5.100000000000000000e+01 1.835400000000000087e-01 4.770914377768688958e-02
5.200000000000000000e+01 1.657799999999999829e-01 3.529126804182586979e-02
5.300000000000000000e+01 1.608799999999999952e-01 3.151529152649552162e-02
5.400000000000000000e+01 1.488400000000000001e-01 2.505646423580151425e-02
5.500000000000000000e+01 1.385399999999999965e-01 2.920771131054263406e-02
5.600000000000000000e+01 1.532000000000000028e-01 2.962633963215840702e-02
5.700000000000000000e+01 1.434599999999999764e-01 2.475112926716678541e-02
5.800000000000000000e+01 1.686799999999999966e-01 2.842086557443316772e-02
5.900000000000000000e+01 1.769799999999999984e-01 3.036862854987033497e-02
6.000000000000000000e+01 2.205999999999999905e-01 3.957761993854608251e-02
6.100000000000000000e+01 2.355399999999999994e-01 3.259973006023209052e-02
6.200000000000000000e+01 2.236600000000000255e-01 2.870216716556435108e-02
6.300000000000000000e+01 1.844999999999999973e-01 2.336244850181590227e-02
6.400000000000000000e+01 2.017800000000000149e-01 2.510596741812591570e-02
6.500000000000000000e+01 1.760400000000000020e-01 2.292017451940538825e-02
6.600000000000000000e+01 1.308400000000000118e-01 1.623460501521363855e-02
6.700000000000000000e+01 1.205999999999999989e-01 1.675852022106964073e-02
6.800000000000000000e+01 9.212000000000000743e-02 8.964240068182020849e-03
6.900000000000000000e+01 7.502000000000000335e-02 3.488495377666424486e-03
7.000000000000000000e+01 7.512000000000000621e-02 4.905262480234876682e-03
7.100000000000000000e+01 8.136000000000000176e-02 1.477952637942095415e-02
7.200000000000000000e+01 1.028000000000000025e-01 1.819516419271889618e-02
7.300000000000000000e+01 1.190200000000000147e-01 2.652390619799428750e-02
7.400000000000000000e+01 1.468200000000000061e-01 2.914456381557287840e-02
7.500000000000000000e+01 1.700000000000000122e-01 3.632541809807562222e-02
7.600000000000000000e+01 1.933200000000000196e-01 4.169385566243544172e-02
7.700000000000000000e+01 2.199600000000000166e-01 5.101241417537499823e-02
7.800000000000000000e+01 2.217200000000000004e-01 4.298727253501900131e-02
7.900000000000000000e+01 2.065199999999999814e-01 3.914625908053029346e-02
8.000000000000000000e+01 1.935199999999999976e-01 4.861766757054475363e-02
8.100000000000000000e+01 1.585600000000000065e-01 4.491617080740521739e-02
8.200000000000000000e+01 1.389799999999999924e-01 4.404731092813726073e-02
8.300000000000000000e+01 1.329600000000000226e-01 4.532242711947364472e-02
8.400000000000000000e+01 1.115400000000000003e-01 3.588139350694172919e-02
8.500000000000000000e+01 1.234200000000000019e-01 3.566743052141547327e-02
8.600000000000000000e+01 1.089199999999999890e-01 2.309834626115037787e-02
8.700000000000000000e+01 9.729999999999999760e-02 1.099035941177539319e-02
8.800000000000000000e+01 1.158800000000000108e-01 6.535258219841048530e-03
8.900000000000000000e+01 1.213000000000000050e-01 4.283456548162941843e-03
9.000000000000000000e+01 1.505200000000000149e-01 8.353538172535033765e-03
9.100000000000000000e+01 1.783999999999999753e-01 1.210074377879310353e-02
9.200000000000000000e+01 2.138399999999999745e-01 1.639543838999128061e-02
9.300000000000000000e+01 2.506799999999999584e-01 2.205832269235355816e-02
9.400000000000000000e+01 2.187199999999999700e-01 1.940189681448697967e-02
9.500000000000000000e+01 2.046800000000000286e-01 1.892019027388467181e-02
9.600000000000000000e+01 1.663400000000000156e-01 1.432781909433532459e-02
9.700000000000000000e+01 1.460999999999999799e-01 1.337759320655251306e-02
9.800000000000000000e+01 1.295600000000000085e-01 1.110812315380056009e-02
9.900000000000000000e+01 9.874000000000000832e-02 1.048744010709953822e-02
1.000000000000000000e+02 1.097199999999999981e-01 2.483436328960338113e-02
1.010000000000000000e+02 1.014199999999999963e-01 3.073879633297309580e-02
1.020000000000000000e+02 1.225799999999999945e-01 4.200301893911913276e-02
1.030000000000000000e+02 1.194199999999999984e-01 4.687901022845938209e-02
1.040000000000000000e+02 1.284199999999999786e-01 4.613560013698748963e-02
1.050000000000000000e+02 1.162399999999999822e-01 3.404612165871466478e-02
1.060000000000000000e+02 1.459000000000000019e-01 4.745195464888669890e-02
1.070000000000000000e+02 1.317800000000000082e-01 3.384732781180813110e-02
1.080000000000000000e+02 1.512600000000000056e-01 3.559992134822773102e-02
1.090000000000000000e+02 1.536200000000000065e-01 3.001415665981638226e-02
1.100000000000000000e+02 1.242999999999999938e-01 2.562038251080572815e-02
1.110000000000000000e+02 8.749999999999999445e-02 1.700741014969651618e-02
1.120000000000000000e+02 7.592000000000000137e-02 1.125440358259823838e-02
1.130000000000000000e+02 7.592000000000000137e-02 1.124800426742451030e-02
1.140000000000000000e+02 8.782000000000000917e-02 8.476178384154028911e-03
1.150000000000000000e+02 1.053799999999999876e-01 2.027672557391848804e-02
1.160000000000000000e+02 1.141199999999999992e-01 3.500430830626424794e-02
1.170000000000000000e+02 8.827999999999999736e-02 1.203734189927327912e-02
1.180000000000000000e+02 7.864000000000000157e-02 9.189689875071956754e-03
1.190000000000000000e+02 1.048400000000000026e-01 1.000451897894146826e-02
1.200000000000000000e+02 1.102399999999999769e-01 1.233460173657828333e-02
