# x average std
1.000000000000000000e+00 2.344999999999999862e-01 6.462730073273986742e-02
2.000000000000000000e+00 2.091999999999999971e-01 6.037227840656669842e-02
3.000000000000000000e+00 1.759600000000000053e-01 4.898006124945129131e-02
4.000000000000000000e+00 1.457400000000000084e-01 4.133016331929986048e-02
5.000000000000000000e+00 1.464000000000000024e-01 4.334138899481649460e-02
6.000000000000000000e+00 1.219999999999999973e-01 3.443469180927861972e-02
7.000000000000000000e+00 1.290199999999999680e-01 4.364467436010949913e-02
8.000000000000000000e+00 1.304199999999999804e-01 4.733030318939442094e-02
9.000000000000000000e+00 1.463200000000000334e-01 6.003553614318772602e-02
1.000000000000000000e+01 1.605999999999999928e-01 7.196387982870294797e-02
1.100000000000000000e+01 1.806800000000000073e-01 8.296942569404706924e-02
1.200000000000000000e+01 2.154400000000000204e-01 9.690706063027605677e-02
1.300000000000000000e+01 2.265199999999999991e-01 1.009362848533667673e-01
1.400000000000000000e+01 2.524399999999999977e-01 1.108724420223528850e-01
1.500000000000000000e+01 2.375600000000000489e-01 1.044483144909481159e-01
1.600000000000000000e+01 2.000399999999999956e-01 9.199559989477755495e-02
1.700000000000000000e+01 1.963400000000000145e-01 8.977920917450765703e-02
1.800000000000000000e+01 1.966999999999999860e-01 8.679684326057025834e-02
1.900000000000000000e+01 2.116999999999999993e-01 8.751041080922886128e-02
2.000000000000000000e+01 1.985399999999999943e-01 7.796559754147978916e-02
2.100000000000000000e+01 1.819600000000000106e-01 6.354430265570629177e-02
2.200000000000000000e+01 1.511200000000000043e-01 5.308244154143627880e-02
2.300000000000000000e+01 1.443599999999999883e-01 4.475688103521065914e-02
2.400000000000000000e+01 1.201399999999999968e-01 3.234622698244726813e-02
2.500000000000000000e+01 1.266799999999999871e-01 3.410497910862868992e-02
2.600000000000000000e+01 1.171399999999999941e-01 2.880712411887031976e-02
2.700000000000000000e+01 1.230799999999999950e-01 3.437379234242274317e-02
2.800000000000000000e+01 1.494000000000000328e-01 3.830629191138187201e-02
2.900000000000000000e+01 1.775200000000000389e-01 4.136261113614565776e-02
3.000000000000000000e+01 2.249800000000000133e-01 6.201365656047060776e-02
3.100000000000000000e+01 2.442600000000000049e-01 7.357055389216532459e-02
3.200000000000000000e+01 2.121399999999999952e-01 5.709075581913414937e-02
3.300000000000000000e+01 1.840200000000000169e-01 4.758089532575022346e-02
3.400000000000000000e+01 1.830799999999999927e-01 4.213973896454509954e-02
3.500000000000000000e+01 1.577999999999999958e-01 3.971785492697207237e-02
3.600000000000000000e+01 1.532399999999999873e-01 3.975276594150399523e-02
3.700000000000000000e+01 1.617200000000000026e-01 4.673450117418607996e-02
3.800000000000000000e+01 1.503000000000000169e-01 4.529379648472844910e-02
3.900000000000000000e+01 1.709200000000000164e-01 4.876102541989862232e-02
4.000000000000000000e+01 1.851599999999999913e-01 5.279521190411114867e-02
4.100000000000000000e+01 2.196799999999999586e-01 5.464479481158291546e-02
4.200000000000000000e+01 2.532800000000000051e-01 6.060248839775475571e-02
4.300000000000000000e+01 2.562600000000000433e-01 6.849267406080740417e-02
4.400000000000000000e+01 2.606400000000000383e-01 9.399822551516598401e-02
4.500000000000000000e+01 2.087800000000000211e-01 7.966804629209880972e-02
4.600000000000000000e+01 1.884600000000000164e-01 7.921006501701663427e-02
4.700000000000000000e+01 2.159400000000000208e-01 9.485771660755913659e-02
4.800000000000000000e+01 2.185800000000000520e-01 9.832918996920496368e-02
4.900000000000000000e+01 2.150399999999999812e-01 9.639787549526181165e-02
5.000000000000000000e+01 2.083400000000000252e-01 9.313282128229553869e-02
5.100000000000000000e+01 1.714800000000000213e-01 7.037614368520059283e-02
5.200000000000000000e+01 1.632000000000000117e-01 6.364837782693287538e-02
5.300000000000000000e+01 1.536000000000000143e-01 5.053161386696451013e-02
5.400000000000000000e+01 1.451000000000000068e-01 4.227344320019366802e-02
5.500000000000000000e+01 1.559200000000000030e-01 4.236212459261221031e-02
5.600000000000000000e+01 1.446600000000000108e-01 3.431883447904372081e-02
5.700000000000000000e+01 1.686399999999999844e-01 3.979038074711022804e-02
5.800000000000000000e+01 1.759000000000000008e-01 4.524444717310621700e-02
5.900000000000000000e+01 2.278000000000000025e-01 6.663698672659200406e-02
6.000000000000000000e+01 2.357400000000000051e-01 7.867702587159736138e-02
6.100000000000000000e+01 2.251799999999999913e-01 7.722275312367463118e-02
6.200000000000000000e+01 1.927000000000000102e-01 6.315194375472539534e-02
6.300000000000000000e+01 1.974600000000000244e-01 6.345690190987895996e-02
6.400000000000000000e+01 1.685999999999999999e-01 5.103951410427023244e-02
6.500000000000000000e+01 1.250000000000000000e-01 3.094595288563595226e-02
6.600000000000000000e+01 1.198799999999999866e-01 2.406295077499847473e-02
6.700000000000000000e+01 9.450000000000000067e-02 1.755870154652672613e-02
6.800000000000000000e+01 8.902000000000001578e-02 1.642028014377343303e-02
6.900000000000000000e+01 1.083800000000000041e-01 3.241835282675540469e-02
7.000000000000000000e+01 1.190799999999999914e-01 3.709756865348455557e-02
7.100000000000000000e+01 1.462199999999999889e-01 5.073670860432316632e-02
7.200000000000000000e+01 1.628799999999999970e-01 6.292043865072778630e-02
7.300000000000000000e+01 1.924599999999999922e-01 6.936401372469733206e-02
7.400000000000000000e+01 2.156599999999999628e-01 8.391416090267482530e-02
7.500000000000000000e+01 2.396200000000000274e-01 8.299468416712001140e-02
7.600000000000000000e+01 2.642599999999999949e-01 8.906358627407724715e-02
7.700000000000000000e+01 2.811199999999999810e-01 1.032918467256733891e-01
7.800000000000000000e+01 2.745000000000000218e-01 1.027917311849547433e-01
7.900000000000000000e+01 2.331800000000000261e-01 9.938570118482838167e-02
8.000000000000000000e+01 2.001599999999999768e-01 8.842747536823608590e-02
8.100000000000000000e+01 1.727799999999999891e-01 7.907599888714654524e-02
8.200000000000000000e+01 1.624599999999999933e-01 7.520517535382788277e-02
8.300000000000000000e+01 1.361600000000000033e-01 5.919306040407102537e-02
8.400000000000000000e+01 1.386199999999999932e-01 5.979242092439476103e-02
8.500000000000000000e+01 1.180599999999999844e-01 4.570127350523177368e-02
8.600000000000000000e+01 1.052599999999999925e-01 3.515073825682754616e-02
8.700000000000000000e+01 1.176200000000000162e-01 3.833126139328054544e-02
8.800000000000000000e+01 1.245799999999999963e-01 3.563107632390579566e-02
8.900000000000000000e+01 1.625000000000000056e-01 4.820070538902931911e-02
9.000000000000000000e+01 2.083400000000000252e-01 5.189992678222195982e-02
9.100000000000000000e+01 2.710200000000000387e-01 7.767546330727613524e-02
9.200000000000000000e+01 3.115800000000000236e-01 6.993252176205289050e-02
9.300000000000000000e+01 2.878200000000000203e-01 8.026140791189749490e-02
9.400000000000000000e+01 2.621200000000000196e-01 7.478324411256841164e-02
9.500000000000000000e+01 1.900600000000000067e-01 5.608506396537316779e-02
9.600000000000000000e+01 1.353000000000000036e-01 4.425742875495592560e-02
9.700000000000000000e+01 1.204600000000000115e-01 4.212118706779285904e-02
9.800000000000000000e+01 9.913999999999999202e-02 3.192726734313477283e-02
9.900000000000000000e+01 1.173200000000000076e-01 4.332433034681551498e-02
1.000000000000000000e+02 1.169999999999999929e-01 4.523007848766127936e-02
1.010000000000000000e+02 1.403200000000000003e-01 6.163159579306704688e-02
1.020000000000000000e+02 1.523800000000000154e-01 6.504888623181799556e-02
1.030000000000000000e+02 1.693399999999999905e-01 7.499046872769898897e-02
1.040000000000000000e+02 1.619799999999999851e-01 6.809973274543741628e-02
1.050000000000000000e+02 1.891200000000000103e-01 8.065071357402860130e-02
1.060000000000000000e+02 1.852999999999999925e-01 7.225261240951776076e-02
1.070000000000000000e+02 2.096399999999999930e-01 7.817423104834482495e-02
1.080000000000000000e+02 1.990800000000000070e-01 6.679411351309334777e-02
1.090000000000000000e+02 1.635199999999999987e-01 5.142740125652860150e-02
1.100000000000000000e+02 1.299599999999999922e-01 4.357791183615846581e-02
1.110000000000000000e+02 1.061999999999999889e-01 3.128507631443465387e-02
1.120000000000000000e+02 9.128000000000000003e-02 1.997432351795674910e-02
1.130000000000000000e+02 8.784000000000000141e-02 1.177736812704774198e-02
1.140000000000000000e+02 9.264000000000001400e-02 1.330392423309754296e-02
1.150000000000000000e+02 9.926000000000000101e-02 1.558802104181284884e-02
1.160000000000000000e+02 7.495999999999999885e-02 6.838888798628031326e-03
1.170000000000000000e+02 6.747999999999999832e-02 1.034783069053605946e-02
1.180000000000000000e+02 8.917999999999999539e-02 7.975311906126306485e-03
1.190000000000000000e+02 9.786000000000000254e-02 7.129263636589684011e-03
1.200000000000000000e+02 8.957999999999999297e-02 6.210120771772477920e-03
1.210000000000000000e+02 1.105399999999999994e-01 1.772654506665075416e-02
1.220000000000000000e+02 1.177399999999999974e-01 1.893912352776653749e-02
1.230000000000000000e+02 1.059199999999999864e-01 1.487567141341862055e-02
1.240000000000000000e+02 1.489600000000000091e-01 1.887268926252959680e-02
1.250000000000000000e+02 1.259599999999999886e-01 8.436729224053597306e-03
1.260000000000000000e+02 1.207000000000000017e-01 8.349131691379648931e-03
1.270000000000000000e+02 9.775999999999999968e-02 7.179025003438835491e-03
1.280000000000000000e+02 8.680000000000001603e-02 6.618459035153122748e-03
1.290000000000000000e+02 1.023399999999999865e-01 9.445972686812090235e-03
1.300000000000000000e+02 9.806000000000000827e-02 8.516243303241162813e-03
1.310000000000000000e+02 7.669999999999999041e-02 9.104504379701288883e-03
1.320000000000000000e+02 8.143999999999999850e-02 6.173686095032691196e-03
1.330000000000000000e+02 9.321999999999999731e-02 7.179247871469544677e-03
1.340000000000000000e+02 8.643999999999998907e-02 7.836478801094278607e-03
1.350000000000000000e+02 7.646000000000000019e-02 7.893186935579315361e-03
1.360000000000000000e+02 8.485999999999999099e-02 6.599878786765709000e-03
1.370000000000000000e+02 9.346000000000001529e-02 5.185209735391617045e-03
1.380000000000000000e+02 8.817999999999999450e-02 4.514155513493082854e-03
1.390000000000000000e+02 8.086000000000000132e-02 4.137922183898577397e-03
1.400000000000000000e+02 8.968000000000000971e-02 3.074020169094535040e-03
1.410000000000000000e+02 9.908000000000001528e-02 5.912495243127053463e-03
1.420000000000000000e+02 9.332000000000000017e-02 7.144900279220140968e-03
1.430000000000000000e+02 8.069999999999999396e-02 7.429401052574834650e-03
1.440000000000000000e+02 8.273999999999999411e-02 1.004282828689209359e-02
1.450000000000000000e+02 7.687999999999999001e-02 9.821486649178933631e-03
1.460000000000000000e+02 7.661999999999999367e-02 9.545763458204899882e-03
1.470000000000000000e+02 6.911999999999998701e-02 1.012884988535223650e-02
1.480000000000000000e+02 6.511999999999999733e-02 8.452786522798265076e-03
1.490000000000000000e+02 6.971999999999999031e-02 7.488497846697959349e-03
1.500000000000000000e+02 8.166000000000001036e-02 9.270512391448491527e-03
1.510000000000000000e+02 8.365999999999999825e-02 1.185725094615104960e-02
1.520000000000000000e+02 6.937999999999999723e-02 8.426244715174132857e-03
1.530000000000000000e+02 6.658000000000000029e-02 8.296842773007091082e-03
1.540000000000000000e+02 6.520000000000000795e-02 1.029427025096971149e-02
1.550000000000000000e+02 6.795999999999999264e-02 9.395445705233998468e-03
1.560000000000000000e+02 7.089999999999999081e-02 1.163219669709895931e-02
1.570000000000000000e+02 7.930000000000000937e-02 1.167955478603529586e-02
1.580000000000000000e+02 1.011000000000000093e-01 2.429287961522881914e-02
1.590000000000000000e+02 1.355599999999999861e-01 4.362254463004192756e-02
1.600000000000000000e+02 1.065199999999999897e-01 2.253383234161468462e-02
1.610000000000000000e+02 1.044000000000000067e-01 1.896997627831937747e-02
1.620000000000000000e+02 1.386400000000000132e-01 3.458164831236359982e-02
1.630000000000000000e+02 1.285999999999999921e-01 3.476613294572751534e-02
1.640000000000000000e+02 9.579999999999999627e-02 1.584840685999700308e-02
1.650000000000000000e+02 1.136400000000000049e-01 2.288638022929795346e-02
1.660000000000000000e+02 1.381600000000000050e-01 3.358604472098493388e-02
1.670000000000000000e+02 1.168600000000000055e-01 2.391423007332663456e-02
1.680000000000000000e+02 1.032799999999999968e-01 1.601354426727574776e-02
1.690000000000000000e+02 1.375799999999999801e-01 3.837475211646324685e-02
1.700000000000000000e+02 1.581999999999999795e-01 5.118886597688993706e-02
1.710000000000000000e+02 2.027400000000000035e-01 6.814521553271367382e-02
1.720000000000000000e+02 2.374600000000000044e-01 6.781494230624988961e-02
1.730000000000000000e+02 2.943000000000000060e-01 1.022021330501472480e-01
1.740000000000000000e+02 2.998599999999999599e-01 1.239827988069312770e-01
1.750000000000000000e+02 1.873800000000000188e-01 5.714243256985127029e-02
1.760000000000000000e+02 1.618799999999999961e-01 3.870118344443745917e-02
1.770000000000000000e+02 1.081999999999999906e-01 2.438261675866640679e-02
1.780000000000000000e+02 9.621999999999999997e-02 1.911558526438571215e-02
1.790000000000000000e+02 1.061799999999999827e-01 1.926254396490764340e-02
1.800000000000000000e+02 1.088800000000000184e-01 1.920264565105548465e-02
1.810000000000000000e+02 9.353999999999999815e-02 1.760484024352394067e-02
1.820000000000000000e+02 8.000000000000000167e-02 1.527743433957416859e-02
1.830000000000000000e+02 1.008999999999999897e-01 2.036732677599100219e-02
1.840000000000000000e+02 1.031199999999999894e-01 1.680195226751939400e-02
1.850000000000000000e+02 8.522000000000000408e-02 1.257289147332466168e-02
1.860000000000000000e+02 8.630000000000000171e-02 1.276557871778635431e-02
1.870000000000000000e+02 1.006599999999999995e-01 1.423356596218952087e-02
1.880000000000000000e+02 1.012800000000000089e-01 1.334487167416757020e-02
1.890000000000000000e+02 9.425999999999999657e-02 1.321160096279023859e-02
1.900000000000000000e+02 1.012999999999999873e-01 1.214133435829851428e-02
1.910000000000000000e+02 9.003999999999999504e-02 1.231220532642304105e-02
1.920000000000000000e+02 9.557999999999999829e-02 1.464341490226921290e-02
1.930000000000000000e+02 1.044599999999999973e-01 1.765430259171966998e-02
1.940000000000000000e+02 9.559999999999999054e-02 2.045209035771160602e-02
1.950000000000000000e+02 1.022399999999999975e-01 1.787876953260486915e-02
1.960000000000000000e+02 1.263600000000000001e-01 1.974007092185841097e-02
1.970000000000000000e+02 1.178199999999999942e-01 2.914367169729990825e-02
1.980000000000000000e+02 1.339400000000000035e-01 2.742258922859035913e-02
1.990000000000000000e+02 1.115999999999999909e-01 2.898944635552738736e-02
2.000000000000000000e+02 1.020799999999999902e-01 2.241833178450171674e-02
2.010000000000000000e+02 8.957999999999999297e-02 1.366695284253223973e-02
2.020000000000000000e+02 9.152000000000000413e-02 1.510634303860467972e-02
2.030000000000000000e+02 1.362000000000000155e-01 2.463209288712593995e-02
2.040000000000000000e+02 1.342999999999999750e-01 1.413378930082092449e-02
2.050000000000000000e+02 1.279800000000000382e-01 2.689545686542618025e-02
2.060000000000000000e+02 1.375200000000000033e-01 3.392004716977852635e-02
2.070000000000000000e+02 1.442000000000000226e-01 3.610479192572642326e-02
2.080000000000000000e+02 1.208199999999999968e-01 2.256496399288063920e-02
2.090000000000000000e+02 1.062999999999999917e-01 1.978160761920021160e-02
2.100000000000000000e+02 1.165599999999999969e-01 2.878573257709450897e-02
2.110000000000000000e+02 1.097800000000000165e-01 2.498314631906878303e-02
2.120000000000000000e+02 9.186000000000001109e-02 1.543950776417434868e-02
2.130000000000000000e+02 1.066200000000000064e-01 1.286396517408221370e-02
2.140000000000000000e+02 1.116999999999999937e-01 1.300092304415344409e-02
2.150000000000000000e+02 1.123200000000000170e-01 6.114049394632007500e-03
2.160000000000000000e+02 9.728000000000000536e-02 7.458257169071069032e-03
2.170000000000000000e+02 8.191999999999999282e-02 1.377409162159160677e-02
2.180000000000000000e+02 8.581999999999999351e-02 1.111744574981141792e-02
2.190000000000000000e+02 6.944000000000000172e-02 8.894402734304309235e-03
2.200000000000000000e+02 6.309999999999998943e-02 6.330244860982867962e-03
2.210000000000000000e+02 6.926000000000000212e-02 7.304683429143250632e-03
2.220000000000000000e+02 7.019999999999999851e-02 7.870196947980401952e-03
2.230000000000000000e+02 6.620000000000000884e-02 7.064276325286266214e-03
2.240000000000000000e+02 6.999999999999999278e-02 5.664627083930590980e-03
2.250000000000000000e+02 7.657999999999999530e-02 6.929184656220383279e-03
2.260000000000000000e+02 7.210000000000001130e-02 6.073219903807203918e-03
2.270000000000000000e+02 6.936000000000000498e-02 7.279175777517669747e-03
2.280000000000000000e+02 7.470000000000000251e-02 9.648626845308094779e-03
2.290000000000000000e+02 6.804000000000000326e-02 7.327919213528488740e-03
2.300000000000000000e+02 5.834000000000000297e-02 5.800896482441311557e-03
2.310000000000000000e+02 6.114000000000001378e-02 6.740801139330548225e-03
2.320000000000000000e+02 5.935999999999998916e-02 5.083935483461606182e-03
2.330000000000000000e+02 5.397999999999999327e-02 3.785974115072633390e-03
2.340000000000000000e+02 5.752000000000000168e-02 5.818384655555180682e-03
2.350000000000000000e+02 5.688000000000000000e-02 9.621517551821024208e-03
2.360000000000000000e+02 5.383999999999999897e-02 1.053880448627831853e-02
2.370000000000000000e+02 5.203999999999999598e-02 5.279621198533091843e-03
2.380000000000000000e+02 5.739999999999999269e-02 6.169927066019498425e-03
2.390000000000000000e+02 6.511999999999999733e-02 1.510885832880830455e-02
2.400000000000000000e+02 6.809999999999999387e-02 1.553473527292950108e-02
2.410000000000000000e+02 7.938000000000000611e-02 1.680754592437575662e-02
2.420000000000000000e+02 5.979999999999999899e-02 1.323434924731850884e-02
2.430000000000000000e+02 5.564000000000000196e-02 7.422290751513307971e-03
2.440000000000000000e+02 5.817999999999999561e-02 9.253410182197694539e-03
2.450000000000000000e+02 6.351999999999999313e-02 7.197610714674698013e-03
2.460000000000000000e+02 5.331999999999999934e-02 5.466406497874084017e-03
2.470000000000000000e+02 4.855999999999999900e-02 3.693020444026814432e-03
2.480000000000000000e+02 5.749999999999999556e-02 3.502570484658373753e-03
2.490000000000000000e+02 6.714000000000000523e-02 3.610318545502598335e-03
2.500000000000000000e+02 9.160000000000000087e-02 4.364401448079676185e-03
2.510000000000000000e+02 9.134000000000000452e-02 4.259389627634457137e-03
2.520000000000000000e+02 1.033799999999999997e-01 3.987179454200678354e-03
2.530000000000000000e+02 1.051800000000000096e-01 4.864319068482246544e-03
2.540000000000000000e+02 1.199999999999999956e-01 3.603886790674755425e-03
2.550000000000000000e+02 9.189999999999999558e-02 4.303022193761033357e-03
2.560000000000000000e+02 7.957999999999999796e-02 2.703627193235043098e-03
2.570000000000000000e+02 1.043200000000000099e-01 6.096687625260129202e-03
2.580000000000000000e+02 8.502000000000001223e-02 5.676407314490389093e-03
2.590000000000000000e+02 9.142000000000001514e-02 4.074506105038987365e-03
2.600000000000000000e+02 8.990000000000000768e-02 5.271811832757314874e-03
2.610000000000000000e+02 1.011200000000000154e-01 6.849642326428439371e-03
2.620000000000000000e+02 9.421999999999999820e-02 7.984334662324722026e-03
2.630000000000000000e+02 8.598000000000000087e-02 7.509567231205804480e-03
2.640000000000000000e+02 9.868000000000001770e-02 6.506120195631188985e-03
2.650000000000000000e+02 1.044599999999999973e-01 6.257347680926798363e-03
2.660000000000000000e+02 8.934000000000000274e-02 7.644501291778298298e-03
2.670000000000000000e+02 8.679999999999998828e-02 8.084058386726310566e-03
2.680000000000000000e+02 9.659999999999999143e-02 7.859007570934131021e-03
2.690000000000000000e+02 1.020000000000000073e-01 8.597208849388271804e-03
2.700000000000000000e+02 1.195799999999999919e-01 8.690776720178695208e-03
2.710000000000000000e+02 1.072400000000000020e-01 7.971097791396111742e-03
2.720000000000000000e+02 9.951999999999999735e-02 7.708021795506288243e-03
2.730000000000000000e+02 8.763999999999999568e-02 7.964320435542505267e-03
2.740000000000000000e+02 9.945999999999999286e-02 6.920289011305814399e-03
2.750000000000000000e+02 9.885999999999998955e-02 5.333891637444468196e-03
2.760000000000000000e+02 8.205999999999999406e-02 5.884759978112955904e-03
2.770000000000000000e+02 8.086000000000000132e-02 4.507593593038305806e-03
2.780000000000000000e+02 9.908000000000000140e-02 3.914792459377636896e-03
2.790000000000000000e+02 9.894000000000000017e-02 4.690671593705954615e-03
2.800000000000000000e+02 8.576000000000000290e-02 4.280467264213099789e-03
2.810000000000000000e+02 6.972000000000000419e-02 6.419781927760473753e-03
2.820000000000000000e+02 5.812000000000000499e-02 5.200538433662423889e-03
2.830000000000000000e+02 5.188000000000000250e-02 4.267270790563917372e-03
2.840000000000000000e+02 5.153999999999999554e-02 4.206946636219670299e-03
2.850000000000000000e+02 5.016000000000000320e-02 4.323239526096143634e-03
2.860000000000000000e+02 5.029999999999999749e-02 2.597691282658506472e-03
2.870000000000000000e+02 4.757999999999999730e-02 3.161898164078028733e-03
2.880000000000000000e+02 5.636000000000000038e-02 3.690853559815127864e-03
2.890000000000000000e+02 5.464000000000000107e-02 4.230177301248731585e-03
2.900000000000000000e+02 5.131999999999999756e-02 4.312493478255938033e-03
2.910000000000000000e+02 5.609999999999999709e-02 4.283456548162944445e-03
2.920000000000000000e+02 7.261999999999999011e-02 4.541981946243291678e-03
2.930000000000000000e+02 5.929999999999999855e-02 4.189510711288370673e-03
2.940000000000000000e+02 7.871999999999998443e-02 3.716665171898055325e-03
2.950000000000000000e+02 6.647999999999998355e-02 6.932647401967014476e-03
2.960000000000000000e+02 5.873999999999999361e-02 5.152708025883087975e-03
2.970000000000000000e+02 7.076000000000000345e-02 5.400962877117373127e-03
2.980000000000000000e+02 8.291999999999999371e-02 9.947944511304833773e-03
2.990000000000000000e+02 9.365999999999999326e-02 1.486816733831039516e-02
3.000000000000000000e+02 1.141000000000000070e-01 1.843637708444909734e-02
3.010000000000000000e+02 1.209199999999999997e-01 2.130280732673513200e-02
3.020000000000000000e+02 9.568000000000000116e-02 1.940663803959872050e-02
3.030000000000000000e+02 8.368000000000000438e-02 1.827144219814079082e-02
3.040000000000000000e+02 5.956000000000000183e-02 9.058167585113449660e-03
3.050000000000000000e+02 5.717999999999999472e-02 5.316540228381612908e-03
3.060000000000000000e+02 5.653999999999999998e-02 4.913084570816992486e-03
3.070000000000000000e+02 5.709999999999999798e-02 3.397646244093107098e-03
3.080000000000000000e+02 4.581999999999999268e-02 3.058365576578443365e-03
3.090000000000000000e+02 4.413999999999999868e-02 3.570770225035490696e-03
3.100000000000000000e+02 4.784000000000000752e-02 3.469639750752230838e-03
3.110000000000000000e+02 4.766000000000000097e-02 3.044733157437611980e-03
3.120000000000000000e+02 5.064000000000000445e-02 4.532813695708218585e-03
3.130000000000000000e+02 5.335999999999999771e-02 4.664161232204564606e-03
3.140000000000000000e+02 5.882000000000000423e-02 5.699964912172702895e-03
3.150000000000000000e+02 6.642000000000000681e-02 6.072692977584163120e-03
3.160000000000000000e+02 7.886000000000001342e-02 8.802408761242575333e-03
3.170000000000000000e+02 1.003400000000000125e-01 9.346143589737959320e-03
3.180000000000000000e+02 1.048000000000000043e-01 1.021273714534943165e-02
3.190000000000000000e+02 8.913999999999999702e-02 8.833934570733475988e-03
3.200000000000000000e+02 7.381999999999999673e-02 1.008194425693774779e-02
3.210000000000000000e+02 6.276000000000001022e-02 6.863410231073181766e-03
3.220000000000000000e+02 6.285999999999999921e-02 7.601473541360257054e-03
3.230000000000000000e+02 5.458000000000000351e-02 6.576746916219293644e-03
3.240000000000000000e+02 5.822000000000000786e-02 7.129488060162525800e-03
3.250000000000000000e+02 5.632000000000000201e-02 5.420110699976523477e-03
3.260000000000000000e+02 4.948000000000000315e-02 4.636550441869472135e-03
3.270000000000000000e+02 5.016000000000000320e-02 4.879180259018926422e-03
3.280000000000000000e+02 4.812000000000000305e-02 4.523450010777170863e-03
3.290000000000000000e+02 5.642000000000000487e-02 5.507231609438631957e-03
3.300000000000000000e+02 6.382000000000000173e-02 6.167787285566840236e-03
3.310000000000000000e+02 7.878000000000000280e-02 4.212552670293866902e-03
3.320000000000000000e+02 8.544000000000000206e-02 4.624543220686773599e-03
3.330000000000000000e+02 1.138000000000000123e-01 1.380999637943471255e-02
3.340000000000000000e+02 1.251600000000000212e-01 1.052874161521689597e-02
3.350000000000000000e+02 1.014400000000000024e-01 7.556348324422320663e-03
3.360000000000000000e+02 7.359999999999999876e-02 5.775465349216457427e-03
3.370000000000000000e+02 7.752000000000000557e-02 6.999257103436051439e-03
3.380000000000000000e+02 6.528000000000000469e-02 6.567922045822405241e-03
3.390000000000000000e+02 6.006000000000000227e-02 6.418597977751839406e-03
3.400000000000000000e+02 6.720000000000000973e-02 6.509070594178557531e-03
3.410000000000000000e+02 7.803999999999999826e-02 6.395185689250937854e-03
3.420000000000000000e+02 8.664000000000000867e-02 8.995910181854862089e-03
3.430000000000000000e+02 7.756000000000000394e-02 9.009017704500308157e-03
3.440000000000000000e+02 8.351999999999999702e-02 9.596541043521880643e-03
3.450000000000000000e+02 8.190000000000000058e-02 7.346836053703661128e-03
3.460000000000000000e+02 7.048000000000001486e-02 5.616903061296321664e-03
3.470000000000000000e+02 6.648000000000001131e-02 7.576912299875193137e-03
3.480000000000000000e+02 5.806000000000000050e-02 7.427139422415605235e-03
3.490000000000000000e+02 5.422000000000000430e-02 5.784600245479371190e-03
3.500000000000000000e+02 5.074000000000000732e-02 5.641843670290767020e-03
3.510000000000000000e+02 4.891999999999999821e-02 5.066912274748793833e-03
3.520000000000000000e+02 4.487999999999999629e-02 4.445851999336010441e-03
3.530000000000000000e+02 4.400000000000000439e-02 4.457353474877217246e-03
3.540000000000000000e+02 4.182000000000000300e-02 5.334566524095467333e-03
3.550000000000000000e+02 3.909999999999999587e-02 4.896120913539615815e-03
3.560000000000000000e+02 4.118000000000000826e-02 5.260570311287553029e-03
3.570000000000000000e+02 4.468000000000000443e-02 8.388659010831229709e-03
3.580000000000000000e+02 4.140000000000000624e-02 6.684309986827360536e-03
3.590000000000000000e+02 4.279999999999999777e-02 7.553806987208503028e-03
3.600000000000000000e+02 4.632000000000000700e-02 1.048339639620671747e-02
3.610000000000000000e+02 4.898000000000000270e-02 1.026068223852586066e-02
3.620000000000000000e+02 4.753999999999999893e-02 9.540775649809608502e-03
3.630000000000000000e+02 5.133999999999999675e-02 9.555438242173927912e-03
3.640000000000000000e+02 5.425999999999999573e-02 9.865617061289173526e-03
3.650000000000000000e+02 5.738000000000000045e-02 7.965274634311108465e-03
3.660000000000000000e+02 5.312000000000000055e-02 8.104665323133334806e-03
3.670000000000000000e+02 5.814000000000000418e-02 8.216471262044309359e-03
3.680000000000000000e+02 5.391999999999998877e-02 7.717357060548643566e-03
3.690000000000000000e+02 5.289999999999998870e-02 6.695371535620710420e-03
3.700000000000000000e+02 5.026000000000000606e-02 6.838596347204592939e-03
3.710000000000000000e+02 5.007999999999999952e-02 6.624620743861493570e-03
3.720000000000000000e+02 4.949999999999999539e-02 5.752216963919216247e-03
3.730000000000000000e+02 5.179999999999999882e-02 5.293769923221067555e-03
3.740000000000000000e+02 5.395999999999999408e-02 5.681056239820198722e-03
3.750000000000000000e+02 5.579999999999999544e-02 6.432106964284723186e-03
3.760000000000000000e+02 5.617999999999999383e-02 6.135275054958823013e-03
3.770000000000000000e+02 5.891999999999999321e-02 8.110092477894442070e-03
3.780000000000000000e+02 6.230000000000000121e-02 7.252861504261608368e-03
3.790000000000000000e+02 6.276000000000001022e-02 7.436558343750151838e-03
3.800000000000000000e+02 6.351999999999999313e-02 6.871797435896958954e-03
3.810000000000000000e+02 6.260000000000000286e-02 8.146655755584616618e-03
3.820000000000000000e+02 6.132000000000000645e-02 7.270598324759801161e-03
3.830000000000000000e+02 5.974000000000000143e-02 7.366030138412413449e-03
3.840000000000000000e+02 6.579999999999999738e-02 8.329465769183518400e-03
3.850000000000000000e+02 6.575999999999999901e-02 9.206432533831982595e-03
3.860000000000000000e+02 6.206000000000000405e-02 9.155020480588780402e-03
3.870000000000000000e+02 6.256000000000000449e-02 1.006093435024799435e-02
3.880000000000000000e+02 6.758000000000000118e-02 1.188636193290444967e-02
3.890000000000000000e+02 6.609999999999999210e-02 1.205586993957715250e-02
3.900000000000000000e+02 6.300000000000001432e-02 1.185951095113116534e-02
3.910000000000000000e+02 6.016000000000000514e-02 1.150749321094737994e-02
3.920000000000000000e+02 6.172000000000001096e-02 1.132985436799608531e-02
3.930000000000000000e+02 5.875999999999999973e-02 9.153272638788817472e-03
3.940000000000000000e+02 5.736000000000000126e-02 1.026033137866414272e-02
3.950000000000000000e+02 6.066000000000000558e-02 1.158733791688151306e-02
3.960000000000000000e+02 6.164000000000000729e-02 8.868731589128176288e-03
3.970000000000000000e+02 6.002000000000000390e-02 8.456334903490994939e-03
3.980000000000000000e+02 6.222000000000001141e-02 9.760614734738791431e-03
3.990000000000000000e+02 6.587999999999999412e-02 1.029279359552109224e-02
4.000000000000000000e+02 6.050000000000001210e-02 8.460732828780258286e-03
4.010000000000000000e+02 6.236000000000000570e-02 7.540981368495748224e-03
4.020000000000000000e+02 6.764000000000000568e-02 1.049658992244624500e-02
4.030000000000000000e+02 6.659999999999999254e-02 1.010247494428964318e-02
4.040000000000000000e+02 6.006000000000000227e-02 8.654848352224318864e-03
4.050000000000000000e+02 6.486000000000000099e-02 1.028913990574527836e-02
4.060000000000000000e+02 7.259999999999999787e-02 1.295299193236836531e-02
4.070000000000000000e+02 6.620000000000000884e-02 1.055916663378317702e-02
4.080000000000000000e+02 6.020000000000001045e-02 8.162597625756152359e-03
4.090000000000000000e+02 6.873999999999999555e-02 1.176581488890591012e-02
4.100000000000000000e+02 7.263999999999999624e-02 1.215114809390454090e-02
4.110000000000000000e+02 6.510000000000000508e-02 9.460021141625425678e-03
4.120000000000000000e+02 6.689999999999998725e-02 8.686080819333884262e-03
4.130000000000000000e+02 7.897999999999999465e-02 1.350946334981519524e-02
4.140000000000000000e+02 8.264000000000000512e-02 1.400993932891930749e-02
4.150000000000000000e+02 7.259999999999999787e-02 1.258189174965354713e-02
4.160000000000000000e+02 6.598000000000001086e-02 9.153228938467561707e-03
4.170000000000000000e+02 7.424000000000000044e-02 8.654155071409340427e-03
4.180000000000000000e+02 7.463999999999999801e-02 6.904665089633239133e-03
4.190000000000000000e+02 7.398000000000000409e-02 7.712690840426578501e-03
4.200000000000000000e+02 6.986000000000000543e-02 7.933120445322888042e-03
4.210000000000000000e+02 6.992000000000000992e-02 6.719940475926852383e-03
4.220000000000000000e+02 5.594000000000000361e-02 6.215979407945298151e-03
4.230000000000000000e+02 5.456000000000001127e-02 6.464549481595760656e-03
4.240000000000000000e+02 6.794000000000000039e-02 7.854069009118778630e-03
4.250000000000000000e+02 6.290000000000001146e-02 7.916312272769437247e-03
4.260000000000000000e+02 5.501999999999999946e-02 8.231986394546579600e-03
4.270000000000000000e+02 5.342000000000000220e-02 8.005847862656395933e-03
4.280000000000000000e+02 6.011999999999999289e-02 5.918580910995472309e-03
4.290000000000000000e+02 5.960000000000000020e-02 3.545701623092388077e-03
4.300000000000000000e+02 7.798000000000000764e-02 8.726144624059354454e-03
4.310000000000000000e+02 9.053999999999999548e-02 1.338799462204851715e-02
4.320000000000000000e+02 6.776000000000000079e-02 6.273308536968351737e-03
4.330000000000000000e+02 6.482000000000000262e-02 8.658960676663222250e-03
4.340000000000000000e+02 6.199999999999999956e-02 7.412152184082567742e-03
4.350000000000000000e+02 5.697999999999999593e-02 2.457966639317954709e-03
4.360000000000000000e+02 5.072000000000000119e-02 2.502318924517814638e-03
4.370000000000000000e+02 5.238000000000000295e-02 3.012905574358413878e-03
4.380000000000000000e+02 6.171999999999999709e-02 3.470100863087413438e-03
4.390000000000000000e+02 6.045999999999999985e-02 2.904203849594582786e-03
4.400000000000000000e+02 5.498000000000000803e-02 3.352252973747653700e-03
4.410000000000000000e+02 6.403999999999999970e-02 5.769783358151324253e-03
4.420000000000000000e+02 1.078599999999999975e-01 1.843622521016707871e-02
4.430000000000000000e+02 1.153999999999999887e-01 1.844982384739756592e-02
4.440000000000000000e+02 7.906000000000000527e-02 1.140115783593929726e-02
4.450000000000000000e+02 6.850000000000000533e-02 4.303951672591135869e-03
4.460000000000000000e+02 6.570000000000000839e-02 4.891216617570721438e-03
4.470000000000000000e+02 6.983999999999998542e-02 5.960738209316023863e-03
4.480000000000000000e+02 7.104000000000000592e-02 4.661587712357240058e-03
4.490000000000000000e+02 7.589999999999999525e-02 6.155322899734830440e-03
4.500000000000000000e+02 7.081999999999999407e-02 6.932935886044237425e-03
4.510000000000000000e+02 6.890000000000000291e-02 6.239871793554735944e-03
4.520000000000000000e+02 6.973999999999999644e-02 5.350738266818890615e-03
4.530000000000000000e+02 6.183999999999999220e-02 2.579612373981795843e-03
4.540000000000000000e+02 5.777999999999999803e-02 1.717439955282279353e-03
4.550000000000000000e+02 5.745999999999999719e-02 3.063070355052264267e-03
4.560000000000000000e+02 6.191999999999999588e-02 3.044601780200490229e-03
4.570000000000000000e+02 5.938000000000000222e-02 2.162775993948518570e-03
4.580000000000000000e+02 5.179999999999999882e-02 1.914157778240864211e-03
4.590000000000000000e+02 5.989999999999999492e-02 3.274751898999373866e-03
4.600000000000000000e+02 5.777999999999999803e-02 2.815244216759888850e-03
4.610000000000000000e+02 6.829999999999999960e-02 6.535135805780931638e-03
4.620000000000000000e+02 8.563999999999999391e-02 8.738329359780389050e-03
4.630000000000000000e+02 1.013400000000000134e-01 8.697033977167159535e-03
4.640000000000000000e+02 1.330999999999999961e-01 1.465851288500985387e-02
4.650000000000000000e+02 1.187999999999999889e-01 9.709994850668049460e-03
4.660000000000000000e+02 8.315999999999999781e-02 8.366026535936876840e-03
4.670000000000000000e+02 1.084999999999999992e-01 3.032550082026675559e-02
4.680000000000000000e+02 9.631999999999998896e-02 1.048454100092130643e-02
4.690000000000000000e+02 5.986000000000000348e-02 2.911769221624542318e-03
4.700000000000000000e+02 6.180000000000000770e-02 3.553589734339070248e-03
4.710000000000000000e+02 5.984000000000000430e-02 4.500044444224966626e-03
4.720000000000000000e+02 5.664000000000000284e-02 3.036840463376370113e-03
4.730000000000000000e+02 6.243999999999999551e-02 5.349242937089322518e-03
4.740000000000000000e+02 6.146000000000000074e-02 5.553593431283927739e-03
4.750000000000000000e+02 5.679999999999999633e-02 4.699361658778775444e-03
4.760000000000000000e+02 5.728000000000001146e-02 5.578673677497188697e-03
4.770000000000000000e+02 6.216000000000000691e-02 5.710551637101271387e-03
4.780000000000000000e+02 5.645999999999999630e-02 4.692803000339987318e-03
4.790000000000000000e+02 5.168000000000000371e-02 3.069462493662367727e-03
4.800000000000000000e+02 5.720000000000000778e-02 3.778359432346267092e-03
4.810000000000000000e+02 5.782000000000000334e-02 4.973288650380150965e-03
4.820000000000000000e+02 5.236000000000000376e-02 4.650849384789837448e-03
4.830000000000000000e+02 5.095999999999999142e-02 3.924589150471676814e-03
4.840000000000000000e+02 5.653999999999999998e-02 5.595212239048667595e-03
4.850000000000000000e+02 5.684000000000000163e-02 7.056798140800117636e-03
4.860000000000000000e+02 5.233999999999999764e-02 5.879319688535399741e-03
4.870000000000000000e+02 5.480000000000000149e-02 5.480875842417890290e-03
4.880000000000000000e+02 5.922000000000000874e-02 6.188828645228433567e-03
4.890000000000000000e+02 5.927999999999999936e-02 7.193997497914491474e-03
4.900000000000000000e+02 5.680000000000000326e-02 6.833447153523615133e-03
4.910000000000000000e+02 6.147999999999999993e-02 7.554971872879474165e-03
4.920000000000000000e+02 6.855999999999999595e-02 9.548528682472499224e-03
4.930000000000000000e+02 6.671999999999998765e-02 9.426643092851240760e-03
4.940000000000000000e+02 6.368000000000000049e-02 7.746328162426374675e-03
4.950000000000000000e+02 7.947999999999999510e-02 6.041324358118836495e-03
4.960000000000000000e+02 7.361999999999999100e-02 6.125487735682767082e-03
4.970000000000000000e+02 6.797999999999999876e-02 5.505415515653653072e-03
4.980000000000000000e+02 7.911999999999999589e-02 5.605854083010010716e-03
4.990000000000000000e+02 7.477999999999999925e-02 8.062108905243094148e-03
5.000000000000000000e+02 6.471999999999999975e-02 6.485799873569952044e-03
5.010000000000000000e+02 7.638000000000000345e-02 3.895843939379499063e-03
5.020000000000000000e+02 8.727999999999999647e-02 4.458430217015851675e-03
5.030000000000000000e+02 7.091999999999999693e-02 7.624014690437051420e-03
5.040000000000000000e+02 7.322000000000000730e-02 4.830900537166959302e-03
5.050000000000000000e+02 7.055999999999998384e-02 5.936530973556865959e-03
5.060000000000000000e+02 6.191999999999999588e-02 4.900367333170034187e-03
5.070000000000000000e+02 6.432000000000000217e-02 3.815966456875636778e-03
5.080000000000000000e+02 6.772000000000000242e-02 4.160961427362669038e-03
5.090000000000000000e+02 6.147999999999999299e-02 4.426917663566829787e-03
5.100000000000000000e+02 6.117999999999999827e-02 3.603553801457667818e-03
5.110000000000000000e+02 6.990000000000000380e-02 3.793151723830722605e-03
5.120000000000000000e+02 6.770000000000001017e-02 3.659508163674458220e-03
5.130000000000000000e+02 6.283999999999999309e-02 4.804830902331525856e-03
5.140000000000000000e+02 6.963999999999999357e-02 4.098585121721887853e-03
5.150000000000000000e+02 8.805999999999999939e-02 8.982115563718827411e-03
5.160000000000000000e+02 1.026600000000000013e-01 1.574885392655605079e-02
5.170000000000000000e+02 1.096200000000000091e-01 2.301646367277128402e-02
5.180000000000000000e+02 9.175999999999999435e-02 1.652375260042342545e-02
5.190000000000000000e+02 7.951999999999999347e-02 6.354966561674419735e-03
5.200000000000000000e+02 9.493999999999999662e-02 1.537017891893259318e-02
5.210000000000000000e+02 9.811999999999999889e-02 1.206273600805389361e-02
5.220000000000000000e+02 1.172800000000000092e-01 1.215309014201737883e-02
5.230000000000000000e+02 1.089799999999999935e-01 1.341363485413256916e-02
5.240000000000000000e+02 7.581999999999999851e-02 4.558245276419427110e-03
5.250000000000000000e+02 7.710000000000000187e-02 5.086059378339973479e-03
5.260000000000000000e+02 7.065999999999998671e-02 5.216742278472265987e-03
5.270000000000000000e+02 7.693999999999999451e-02 8.837556223300646954e-03
5.280000000000000000e+02 8.319999999999999618e-02 9.074359481528159951e-03
5.290000000000000000e+02 7.051999999999999935e-02 4.723303928395884352e-03
5.300000000000000000e+02 6.795999999999999264e-02 3.724835566840500444e-03
5.310000000000000000e+02 7.799999999999999989e-02 5.209606511052443725e-03
5.320000000000000000e+02 6.189999999999999669e-02 4.090965656174592319e-03
5.330000000000000000e+02 5.634000000000000119e-02 4.622380339175908431e-03
5.340000000000000000e+02 5.711999999999999023e-02 4.003198721022977781e-03
5.350000000000000000e+02 5.613999999999998852e-02 3.560112357777488017e-03
5.360000000000000000e+02 5.192000000000000087e-02 4.322221650956831196e-03
5.370000000000000000e+02 4.996000000000000441e-02 4.458519933789688999e-03
5.380000000000000000e+02 5.034000000000000974e-02 3.406229587094799626e-03
5.390000000000000000e+02 5.126000000000000695e-02 3.609210439971601101e-03
5.400000000000000000e+02 5.183999999999999719e-02 4.834294157371890957e-03
5.410000000000000000e+02 4.797999999999999488e-02 4.135408081435252778e-03
5.420000000000000000e+02 4.815999999999999448e-02 2.969579094754001489e-03
5.430000000000000000e+02 5.118000000000000327e-02 3.727411970791530849e-03
5.440000000000000000e+02 4.892000000000000515e-02 5.008951986194317384e-03
5.450000000000000000e+02 4.678000000000000214e-02 3.887106893307670438e-03
5.460000000000000000e+02 4.748000000000000137e-02 4.054824287191738548e-03
5.470000000000000000e+02 5.263999999999999929e-02 5.399481456584511764e-03
5.480000000000000000e+02 5.263999999999999929e-02 5.985849981414502301e-03
5.490000000000000000e+02 5.223999999999999477e-02 4.825598408487800396e-03
5.500000000000000000e+02 4.776000000000000384e-02 4.192183202103647553e-03
5.510000000000000000e+02 4.814000000000000223e-02 5.404294588565654138e-03
5.520000000000000000e+02 5.380000000000000060e-02 6.458173116292252949e-03
5.530000000000000000e+02 5.655999999999999917e-02 4.907382194204970745e-03
5.540000000000000000e+02 5.501999999999999946e-02 4.610162686934160710e-03
5.550000000000000000e+02 5.211999999999999966e-02 5.937137357346551104e-03
5.560000000000000000e+02 6.023999999999999494e-02 9.127891322753574690e-03
5.570000000000000000e+02 6.595999999999999086e-02 8.922017709016275347e-03
5.580000000000000000e+02 6.464000000000000301e-02 6.614106137642484888e-03
5.590000000000000000e+02 6.034000000000000474e-02 6.974983870949092064e-03
5.600000000000000000e+02 5.749999999999999556e-02 5.672036671249578582e-03
5.610000000000000000e+02 5.662000000000000366e-02 5.990459080905234830e-03
5.620000000000000000e+02 5.816000000000000336e-02 6.115423125181118115e-03
5.630000000000000000e+02 6.271999999999999797e-02 7.363531761322144632e-03
5.640000000000000000e+02 5.845999999999999808e-02 7.465011721357173342e-03
5.650000000000000000e+02 6.273999999999999022e-02 9.601791499506745139e-03
5.660000000000000000e+02 5.795999999999999763e-02 7.259090852165991578e-03
5.670000000000000000e+02 4.791999999999999732e-02 5.934104818757418576e-03
5.680000000000000000e+02 5.072000000000000119e-02 6.521778898429475557e-03
5.690000000000000000e+02 5.072000000000000119e-02 6.323100505290106532e-03
5.700000000000000000e+02 5.867999999999998911e-02 9.120175436909095171e-03
5.710000000000000000e+02 4.965999999999999581e-02 5.999199946659556498e-03
5.720000000000000000e+02 5.236000000000000376e-02 3.584745458188070676e-03
5.730000000000000000e+02 5.782000000000000334e-02 4.960000000000001734e-03
5.740000000000000000e+02 6.061999999999999333e-02 6.305679979193362476e-03
5.750000000000000000e+02 6.876000000000000167e-02 6.059570941906699572e-03
5.760000000000000000e+02 6.083999999999999131e-02 5.586626889277641894e-03
5.770000000000000000e+02 6.859999999999999432e-02 6.456004956627589206e-03
5.780000000000000000e+02 7.847999999999999421e-02 5.523549583374808523e-03
5.790000000000000000e+02 8.208000000000001406e-02 6.246406967209228861e-03
5.800000000000000000e+02 8.655999999999999805e-02 7.553171519302339862e-03
5.810000000000000000e+02 1.009400000000000019e-01 7.920505034402794409e-03
5.820000000000000000e+02 1.025000000000000078e-01 1.036995660550226427e-02
5.830000000000000000e+02 9.247999999999999277e-02 1.070913628636782113e-02
5.840000000000000000e+02 9.046000000000001262e-02 7.115223116670338702e-03
5.850000000000000000e+02 8.443999999999998729e-02 8.278792182438208733e-03
5.860000000000000000e+02 9.221999999999999642e-02 1.128811764644575312e-02
5.870000000000000000e+02 8.476000000000000201e-02 1.129063328604733470e-02
5.880000000000000000e+02 6.601999999999999535e-02 8.620301618853021264e-03
5.890000000000000000e+02 7.575999999999999401e-02 9.301311735448930529e-03
5.900000000000000000e+02 8.236000000000000265e-02 9.456341787393258286e-03
5.910000000000000000e+02 6.342000000000000415e-02 8.856952071677930485e-03
5.920000000000000000e+02 5.779999999999999721e-02 7.932717062898437047e-03
5.930000000000000000e+02 6.237999999999999101e-02 1.005552584403222698e-02
5.940000000000000000e+02 6.256000000000000449e-02 1.086620448914891145e-02
5.950000000000000000e+02 7.022000000000000464e-02 1.483312509217124021e-02
5.960000000000000000e+02 7.428000000000001268e-02 1.853120611293285203e-02
5.970000000000000000e+02 6.545999999999999042e-02 1.232665404722627957e-02
5.980000000000000000e+02 6.511999999999999733e-02 8.530978841844585187e-03
5.990000000000000000e+02 7.320000000000000118e-02 1.422153296940945055e-02
6.000000000000000000e+02 7.058000000000000385e-02 1.565444345864776959e-02
6.010000000000000000e+02 6.089999999999999580e-02 1.285892686035658428e-02
6.020000000000000000e+02 6.489999999999999936e-02 1.229796731171456901e-02
6.030000000000000000e+02 6.848000000000001308e-02 1.079340539403574745e-02
6.040000000000000000e+02 6.529999999999999694e-02 1.096795331864609986e-02
6.050000000000000000e+02 6.337999999999999190e-02 1.046105157238028105e-02
6.060000000000000000e+02 6.637999999999999456e-02 8.726832185850717100e-03
6.070000000000000000e+02 6.932000000000000661e-02 1.009760367612038724e-02
6.080000000000000000e+02 6.884000000000001229e-02 1.041414422792386572e-02
6.090000000000000000e+02 7.008000000000000340e-02 6.574617859617389905e-03
6.100000000000000000e+02 8.475999999999998813e-02 4.555699726715977185e-03
6.110000000000000000e+02 1.166800000000000059e-01 1.513768806654437749e-02
6.120000000000000000e+02 1.486400000000000221e-01 3.084429282703689962e-02
6.130000000000000000e+02 1.783599999999999908e-01 3.352202857823493448e-02
6.140000000000000000e+02 1.625200000000000256e-01 4.179523417807345931e-02
6.150000000000000000e+02 1.651400000000000090e-01 3.682513272209619881e-02
6.160000000000000000e+02 1.522799999999999987e-01 5.378399018295314249e-02
6.170000000000000000e+02 8.966000000000000358e-02 2.044491134732552215e-02
6.180000000000000000e+02 7.020000000000001239e-02 8.612781200053792885e-03
6.190000000000000000e+02 7.910000000000000364e-02 8.630643081485873946e-03
6.200000000000000000e+02 9.158000000000000862e-02 1.346883810876053390e-02
6.210000000000000000e+02 9.388000000000000511e-02 1.763501063226217622e-02
6.220000000000000000e+02 1.196400000000000102e-01 2.450311000669098613e-02
6.230000000000000000e+02 9.838000000000000911e-02 1.991817260694363906e-02
6.240000000000000000e+02 9.959999999999999409e-02 1.919041427379826123e-02
6.250000000000000000e+02 8.438000000000001055e-02 1.338437895458732124e-02
6.260000000000000000e+02 8.399999999999999134e-02 7.187489130426564544e-03
6.270000000000000000e+02 9.052000000000000324e-02 6.166490087561964789e-03
6.280000000000000000e+02 7.824000000000000399e-02 7.811939579899476044e-03
6.290000000000000000e+02 8.631999999999999396e-02 8.782573654686879477e-03
6.300000000000000000e+02 7.980000000000000981e-02 7.020256405573801865e-03
6.310000000000000000e+02 7.095999999999999530e-02 6.270438581152039392e-03
6.320000000000000000e+02 8.092000000000000581e-02 7.367876220458650233e-03
6.330000000000000000e+02 8.242000000000000715e-02 6.477777396607571972e-03
6.340000000000000000e+02 7.075999999999998957e-02 4.925687769235885700e-03
6.350000000000000000e+02 7.313999999999999668e-02 6.276495837646989956e-03
6.360000000000000000e+02 8.605999999999999761e-02 8.041044708245315489e-03
6.370000000000000000e+02 7.946000000000000285e-02 5.659540617399966451e-03
6.380000000000000000e+02 6.745999999999999219e-02 4.959677408864411087e-03
6.390000000000000000e+02 7.754000000000001169e-02 5.917296680072751426e-03
6.400000000000000000e+02 8.483999999999999875e-02 6.962068658092941328e-03
6.410000000000000000e+02 7.527999999999998582e-02 5.751312893592212989e-03
6.420000000000000000e+02 6.972000000000000419e-02 6.539235429314350576e-03
6.430000000000000000e+02 8.173999999999999322e-02 6.231725282776831923e-03
6.440000000000000000e+02 8.429999999999999993e-02 6.295077441938268584e-03
6.450000000000000000e+02 7.506000000000000172e-02 6.332961392587201262e-03
6.460000000000000000e+02 7.341999999999999915e-02 6.480555531742629785e-03
6.470000000000000000e+02 8.439999999999998892e-02 5.807925619358428500e-03
6.480000000000000000e+02 8.727999999999999647e-02 5.933430710811413156e-03
6.490000000000000000e+02 7.858000000000001095e-02 7.577704137797939936e-03
6.500000000000000000e+02 8.604000000000000536e-02 7.256335163152264310e-03
6.510000000000000000e+02 1.010199999999999987e-01 1.216476880174876055e-02
6.520000000000000000e+02 1.018000000000000016e-01 1.648660061989736317e-02
6.530000000000000000e+02 9.210000000000000131e-02 1.505815393731914018e-02
6.540000000000000000e+02 1.153999999999999887e-01 1.610403676101119369e-02
6.550000000000000000e+02 1.494999999999999940e-01 3.427605578242630402e-02
6.560000000000000000e+02 1.166800000000000059e-01 3.130229384565929446e-02
6.570000000000000000e+02 1.231399999999999856e-01 3.737965221882087047e-02
6.580000000000000000e+02 9.479999999999999538e-02 3.398458474073208502e-02
6.590000000000000000e+02 8.392000000000000848e-02 1.948737026897164742e-02
6.600000000000000000e+02 7.172000000000000597e-02 1.511243196841593681e-02
6.610000000000000000e+02 6.801999999999999713e-02 7.346400479146230830e-03
6.620000000000000000e+02 6.244000000000000938e-02 7.113255232311013927e-03
6.630000000000000000e+02 5.807999999999999968e-02 4.414702707997447510e-03
6.640000000000000000e+02 6.425999999999999768e-02 5.955031486062858752e-03
6.650000000000000000e+02 6.517999999999998795e-02 6.965457630335569750e-03
6.660000000000000000e+02 7.489999999999999436e-02 7.691553809211765583e-03
6.670000000000000000e+02 6.989999999999998992e-02 7.177186078122816705e-03
6.680000000000000000e+02 5.982000000000000511e-02 8.461300136503846145e-03
6.690000000000000000e+02 6.610000000000001985e-02 1.150443392783843249e-02
6.700000000000000000e+02 6.710000000000000686e-02 9.935793878699375470e-03
6.710000000000000000e+02 6.629999999999999782e-02 1.479932430890005049e-02
6.720000000000000000e+02 6.418000000000000094e-02 1.052718385894347089e-02
6.730000000000000000e+02 7.081999999999999407e-02 1.119757116521256923e-02
6.740000000000000000e+02 6.214000000000000773e-02 9.555438242173931382e-03
