# x average std
1.000000000000000000e+00 2.738600000000000478e-01 1.536197903917331693e-02
2.000000000000000000e+00 2.267599999999999894e-01 1.470776665575029320e-02
3.000000000000000000e+00 1.843599999999999961e-01 1.896402910776082487e-02
4.000000000000000000e+00 1.391199999999999937e-01 2.213597976146526591e-02
5.000000000000000000e+00 1.392199999999999827e-01 2.316630311465340403e-02
6.000000000000000000e+00 1.152799999999999797e-01 2.410115349936595847e-02
7.000000000000000000e+00 1.204000000000000209e-01 2.665445553748941807e-02
8.000000000000000000e+00 1.156999999999999834e-01 2.773149833672894013e-02
9.000000000000000000e+00 1.256599999999999939e-01 3.033951878326352283e-02
1.000000000000000000e+01 1.376799999999999968e-01 3.611882611602984516e-02
1.100000000000000000e+01 1.519399999999999917e-01 3.459957225169119771e-02
1.200000000000000000e+01 1.864399999999999946e-01 3.162104362604119256e-02
1.300000000000000000e+01 2.008800000000000030e-01 3.454929232270901457e-02
1.400000000000000000e+01 2.242600000000000426e-01 4.261856872303432936e-02
1.500000000000000000e+01 2.032999999999999807e-01 5.205351092865879298e-02
1.600000000000000000e+01 1.715000000000000135e-01 4.578405836096227643e-02
1.700000000000000000e+01 1.771999999999999964e-01 4.951294780155995195e-02
1.800000000000000000e+01 1.776200000000000279e-01 5.138985892177560383e-02
1.900000000000000000e+01 1.971999999999999864e-01 5.517274689554616668e-02
2.000000000000000000e+01 1.773200000000000054e-01 5.057922102998423097e-02
2.100000000000000000e+01 1.746800000000000019e-01 4.367275580954332187e-02
2.200000000000000000e+01 1.439199999999999924e-01 3.597317889761759979e-02
2.300000000000000000e+01 1.341800000000000215e-01 3.176081862924820531e-02
2.400000000000000000e+01 1.092000000000000054e-01 2.371758841029163525e-02
2.500000000000000000e+01 1.066200000000000064e-01 1.647439224979179925e-02
2.600000000000000000e+01 8.900000000000000966e-02 8.385940615100968137e-03
2.700000000000000000e+01 9.016000000000000403e-02 7.943953675595043576e-03
2.800000000000000000e+01 1.124200000000000060e-01 9.709253318355641482e-03
2.900000000000000000e+01 1.372199999999999809e-01 1.048396871418452898e-02
3.000000000000000000e+01 1.851600000000000190e-01 1.060652629280670750e-02
3.100000000000000000e+01 1.688800000000000023e-01 1.489622771039701872e-02
3.200000000000000000e+01 1.379799999999999915e-01 1.232288927159536258e-02
3.300000000000000000e+01 1.436399999999999899e-01 1.730047398194627453e-02
3.400000000000000000e+01 1.644800000000000151e-01 2.865403287497241686e-02
3.500000000000000000e+01 1.493800000000000128e-01 3.050950015978629720e-02
3.600000000000000000e+01 1.535199999999999898e-01 3.649330897575608912e-02
3.700000000000000000e+01 1.628799999999999970e-01 3.896800739067882852e-02
3.800000000000000000e+01 1.552399999999999891e-01 3.739099356797035562e-02
3.900000000000000000e+01 1.864600000000000146e-01 4.369945537418058051e-02
4.000000000000000000e+01 2.091999999999999971e-01 4.496958972461279069e-02
4.100000000000000000e+01 2.733999999999999764e-01 4.396257499282771319e-02
4.200000000000000000e+01 2.996000000000000330e-01 4.270081966426405445e-02
4.300000000000000000e+01 2.772400000000000420e-01 4.417042449422464018e-02
4.400000000000000000e+01 2.395200000000000107e-01 4.464770542816283438e-02
4.500000000000000000e+01 2.023000000000000076e-01 5.130715349734382008e-02
4.600000000000000000e+01 1.701799999999999979e-01 4.688946150255939721e-02
4.700000000000000000e+01 1.910600000000000076e-01 4.793719224151535979e-02
4.800000000000000000e+01 1.885400000000000131e-01 4.348814091220731815e-02
4.900000000000000000e+01 1.840400000000000091e-01 3.781918031898628269e-02
5.000000000000000000e+01 1.779200000000000226e-01 3.747134371756636467e-02
5.100000000000000000e+01 1.599200000000000066e-01 3.763601466680551594e-02
5.200000000000000000e+01 1.625800000000000023e-01 3.859115960942349766e-02
5.300000000000000000e+01 1.527000000000000024e-01 3.533225155576700388e-02
5.400000000000000000e+01 1.516200000000000048e-01 3.523364301346086636e-02
5.500000000000000000e+01 1.652399999999999980e-01 3.318352603325933764e-02
5.600000000000000000e+01 1.547400000000000164e-01 2.806525253761312302e-02
5.700000000000000000e+01 1.785599999999999965e-01 2.769697456402052047e-02
5.800000000000000000e+01 1.770200000000000107e-01 2.861310189406245097e-02
5.900000000000000000e+01 2.162000000000000033e-01 3.175915616007453368e-02
6.000000000000000000e+01 2.141399999999999970e-01 3.047606273782754033e-02
6.100000000000000000e+01 1.977200000000000069e-01 1.936444163925208489e-02
6.200000000000000000e+01 1.573799999999999921e-01 1.176595087530115519e-02
6.300000000000000000e+01 1.600800000000000001e-01 1.223460665489496321e-02
6.400000000000000000e+01 1.324200000000000099e-01 9.591537937161069907e-03
6.500000000000000000e+01 9.593999999999999750e-02 6.987588997644322494e-03
6.600000000000000000e+01 8.321999999999998843e-02 9.568991587414003505e-03
6.700000000000000000e+01 6.861999999999998656e-02 7.694777449673252494e-03
6.800000000000000000e+01 6.539999999999999980e-02 5.828893548521879749e-03
6.900000000000000000e+01 8.118000000000000216e-02 1.511401998146092059e-02
7.000000000000000000e+01 9.506000000000000560e-02 2.319712051095997735e-02
7.100000000000000000e+01 1.193999999999999923e-01 3.418321225397050883e-02
7.200000000000000000e+01 1.412999999999999812e-01 3.727277827047508624e-02
7.300000000000000000e+01 1.695200000000000040e-01 4.453301696494411238e-02
7.400000000000000000e+01 1.872400000000000175e-01 5.469963802439647277e-02
7.500000000000000000e+01 2.129800000000000026e-01 6.069541663091208850e-02
7.600000000000000000e+01 2.380599999999999938e-01 6.791905770842231183e-02
7.700000000000000000e+01 2.319599999999999995e-01 6.678938837869380363e-02
7.800000000000000000e+01 1.949200000000000099e-01 5.935221647082777885e-02
7.900000000000000000e+01 1.873200000000000143e-01 5.829629147724578464e-02
8.000000000000000000e+01 1.535399999999999820e-01 5.358367661891072498e-02
8.100000000000000000e+01 1.397600000000000231e-01 4.669058149134576452e-02
8.200000000000000000e+01 1.316599999999999993e-01 3.846518425797541829e-02
8.300000000000000000e+01 1.098199999999999871e-01 3.007652905506218860e-02
8.400000000000000000e+01 1.126199999999999840e-01 2.635954476086414117e-02
8.500000000000000000e+01 9.491999999999999049e-02 2.180801687453492316e-02
8.600000000000000000e+01 8.520000000000001183e-02 2.019435564706138428e-02
8.700000000000000000e+01 9.280000000000000748e-02 2.207949274779653914e-02
8.800000000000000000e+01 9.791999999999999316e-02 1.859875264634701028e-02
8.900000000000000000e+01 1.325200000000000267e-01 1.651803862448565641e-02
9.000000000000000000e+01 1.962200000000000055e-01 2.189989954314860640e-02
9.100000000000000000e+01 2.616999999999999882e-01 2.475520147362973364e-02
9.200000000000000000e+01 3.014000000000000012e-01 3.811991605447210413e-02
9.300000000000000000e+01 2.691999999999999948e-01 5.059739123709839498e-02
9.400000000000000000e+01 2.116999999999999993e-01 2.855675051542104145e-02
9.500000000000000000e+01 1.358199999999999963e-01 1.087168800140989912e-02
9.600000000000000000e+01 9.937999999999999612e-02 1.337137240525444401e-02
9.700000000000000000e+01 9.339999999999999691e-02 2.090138751375133358e-02
9.800000000000000000e+01 7.656000000000000305e-02 1.504667405109846694e-02
9.900000000000000000e+01 9.367999999999999938e-02 1.551842775541388726e-02
1.000000000000000000e+02 9.349999999999999978e-02 1.882944502634105802e-02
1.010000000000000000e+02 1.136999999999999955e-01 2.634577765031808141e-02
1.020000000000000000e+02 1.143799999999999956e-01 3.474705167348735024e-02
1.030000000000000000e+02 1.228400000000000186e-01 4.298644437494220788e-02
1.040000000000000000e+02 1.132599999999999996e-01 4.247034730255922624e-02
1.050000000000000000e+02 1.279399999999999982e-01 5.263879177944721932e-02
1.060000000000000000e+02 1.460599999999999954e-01 5.196096996785182914e-02
1.070000000000000000e+02 1.611199999999999855e-01 5.427616051269654185e-02
1.080000000000000000e+02 1.473399999999999987e-01 4.334432373448685039e-02
1.090000000000000000e+02 1.199400000000000049e-01 3.152475852405534074e-02
1.100000000000000000e+02 9.321999999999999731e-02 2.995339045917840698e-02
1.110000000000000000e+02 7.950000000000000122e-02 1.708554944975431561e-02
1.120000000000000000e+02 6.810000000000000775e-02 8.222165164967194448e-03
1.130000000000000000e+02 7.442000000000000004e-02 1.018889591663394920e-02
1.140000000000000000e+02 7.988000000000000655e-02 1.033119547777506565e-02
1.150000000000000000e+02 7.942000000000000448e-02 6.180744291749979379e-03
1.160000000000000000e+02 7.066000000000000059e-02 1.084298851793176130e-02
1.170000000000000000e+02 6.329999999999999516e-02 1.084490663860228701e-02
1.180000000000000000e+02 6.970000000000001195e-02 8.512343978012166384e-03
1.190000000000000000e+02 7.244000000000000439e-02 1.285684253617504907e-02
1.200000000000000000e+02 8.027999999999999026e-02 1.459169626876875674e-02
1.210000000000000000e+02 8.875999999999999168e-02 1.749018010198865464e-02
1.220000000000000000e+02 8.626000000000000334e-02 1.249329420129054527e-02
1.230000000000000000e+02 8.676000000000000378e-02 1.567272790550515091e-02
1.240000000000000000e+02 1.164199999999999957e-01 2.724029368417308153e-02
1.250000000000000000e+02 1.016999999999999849e-01 1.266980662835861735e-02
1.260000000000000000e+02 9.621999999999999997e-02 1.055090517443882554e-02
1.270000000000000000e+02 8.449999999999999178e-02 8.088263101556478554e-03
1.280000000000000000e+02 7.317999999999999505e-02 6.891850259545689340e-03
1.290000000000000000e+02 8.103999999999998705e-02 1.234011345166648177e-02
1.300000000000000000e+02 8.018000000000000127e-02 1.043846732044508702e-02
1.310000000000000000e+02 6.683999999999999664e-02 7.593312847499439182e-03
1.320000000000000000e+02 6.973999999999999644e-02 8.498376315508746059e-03
1.330000000000000000e+02 7.953999999999999959e-02 1.108108297956476689e-02
1.340000000000000000e+02 7.525999999999999357e-02 1.101990925552474680e-02
1.350000000000000000e+02 6.650000000000000355e-02 1.085486066239452208e-02
1.360000000000000000e+02 7.502000000000000335e-02 1.117915918126224407e-02
1.370000000000000000e+02 8.747999999999998832e-02 1.219498257481329770e-02
1.380000000000000000e+02 8.460000000000000853e-02 1.039634551176518013e-02
1.390000000000000000e+02 7.665999999999999204e-02 8.691282989294505518e-03
1.400000000000000000e+02 8.873999999999999944e-02 1.169591381637194102e-02
1.410000000000000000e+02 9.850000000000000422e-02 1.261285058977549417e-02
1.420000000000000000e+02 9.077999999999999958e-02 6.266546098130930907e-03
1.430000000000000000e+02 7.906000000000000527e-02 7.646594013023054470e-03
1.440000000000000000e+02 8.106000000000000705e-02 7.558465452722529059e-03
1.450000000000000000e+02 7.429999999999999105e-02 5.541479946729031304e-03
1.460000000000000000e+02 7.899999999999998690e-02 8.445353752211925621e-03
1.470000000000000000e+02 7.317999999999999505e-02 6.839707596089177576e-03
1.480000000000000000e+02 6.582000000000000350e-02 7.416845690723245128e-03
1.490000000000000000e+02 7.520000000000001683e-02 5.368426212587821406e-03
1.500000000000000000e+02 9.209999999999998743e-02 4.619523784980439536e-03
1.510000000000000000e+02 9.685999999999998777e-02 6.013518105069610813e-03
1.520000000000000000e+02 6.772000000000000242e-02 4.091650033910525057e-03
1.530000000000000000e+02 6.389999999999999847e-02 4.815807305115103396e-03
1.540000000000000000e+02 6.266000000000000736e-02 6.901188303473539641e-03
1.550000000000000000e+02 6.378000000000000336e-02 7.086155516216109153e-03
1.560000000000000000e+02 6.808000000000000163e-02 8.750634262726330465e-03
1.570000000000000000e+02 8.052000000000000823e-02 1.086193352953331373e-02
1.580000000000000000e+02 1.010199999999999709e-01 8.022318866761656009e-03
1.590000000000000000e+02 1.334400000000000031e-01 1.043793082943166896e-02
1.600000000000000000e+02 1.320600000000000107e-01 7.986638842466836641e-03
1.610000000000000000e+02 1.582000000000000073e-01 1.591791443625702879e-02
1.620000000000000000e+02 1.692800000000000138e-01 1.777553374726058288e-02
1.630000000000000000e+02 1.279599999999999904e-01 1.007900788768418057e-02
1.640000000000000000e+02 8.812000000000000388e-02 8.931606798331416519e-03
1.650000000000000000e+02 8.533999999999999919e-02 1.614888231426559254e-02
1.660000000000000000e+02 9.228000000000000091e-02 1.955161374413887099e-02
1.670000000000000000e+02 8.787999999999999978e-02 1.907578569810428754e-02
1.680000000000000000e+02 8.155999999999999361e-02 1.350031110752637591e-02
1.690000000000000000e+02 9.212000000000000743e-02 1.673384594168357900e-02
1.700000000000000000e+02 1.040399999999999936e-01 1.077433988697219618e-02
1.710000000000000000e+02 1.684599999999999986e-01 2.063682146068042400e-02
1.720000000000000000e+02 1.667600000000000193e-01 1.334445203071298741e-02
1.730000000000000000e+02 1.991999999999999882e-01 4.878081590133563628e-02
1.740000000000000000e+02 2.147200000000000220e-01 6.928646043780847807e-02
1.750000000000000000e+02 1.720400000000000262e-01 5.967205711218610820e-02
1.760000000000000000e+02 1.109399999999999969e-01 1.841484184021138434e-02
1.770000000000000000e+02 8.548000000000000043e-02 1.517661358801758627e-02
1.780000000000000000e+02 7.649999999999998468e-02 7.372380890865586588e-03
1.790000000000000000e+02 8.548000000000000043e-02 8.223721785177318805e-03
1.800000000000000000e+02 8.945999999999999786e-02 1.449283961133910996e-02
1.810000000000000000e+02 8.019999999999999352e-02 1.003653326602368424e-02
1.820000000000000000e+02 7.495999999999999885e-02 7.484009620517599777e-03
1.830000000000000000e+02 8.618000000000000660e-02 8.534963385978875175e-03
1.840000000000000000e+02 8.754000000000000670e-02 7.911662277928705952e-03
1.850000000000000000e+02 7.938000000000000611e-02 8.794407313742069396e-03
1.860000000000000000e+02 8.004000000000001391e-02 9.261878859065259331e-03
1.870000000000000000e+02 8.820000000000000062e-02 7.240994406847722775e-03
1.880000000000000000e+02 8.859999999999999820e-02 6.508456038109191287e-03
1.890000000000000000e+02 8.007999999999999841e-02 5.884012236561036481e-03
1.900000000000000000e+02 8.740000000000000546e-02 6.555608286040280099e-03
1.910000000000000000e+02 7.997999999999999554e-02 6.476233473246619486e-03
1.920000000000000000e+02 9.374000000000000388e-02 8.220608250001941800e-03
1.930000000000000000e+02 1.037400000000000128e-01 6.902347426781707714e-03
1.940000000000000000e+02 9.296000000000000096e-02 7.053963424912266730e-03
1.950000000000000000e+02 1.058599999999999958e-01 1.532169703394502952e-02
1.960000000000000000e+02 1.212799999999999850e-01 2.589875672691644218e-02
1.970000000000000000e+02 9.137999999999998901e-02 1.108952659043658563e-02
1.980000000000000000e+02 9.679999999999999716e-02 1.426982831010940693e-02
1.990000000000000000e+02 1.144200000000000078e-01 1.875242917597610970e-02
2.000000000000000000e+02 9.415999999999999370e-02 1.095583862604775950e-02
2.010000000000000000e+02 8.277999999999999248e-02 9.163274523880641023e-03
2.020000000000000000e+02 7.953999999999999959e-02 1.346961023934991307e-02
2.030000000000000000e+02 1.035800000000000054e-01 1.096638500144874601e-02
2.040000000000000000e+02 9.102000000000000368e-02 6.046288117514747422e-03
2.050000000000000000e+02 8.397999999999999909e-02 3.059019450739076332e-03
2.060000000000000000e+02 9.149999999999999800e-02 6.787341158362383657e-03
2.070000000000000000e+02 9.170000000000000373e-02 6.948668937285758414e-03
2.080000000000000000e+02 7.499999999999999722e-02 5.700877125495686787e-03
2.090000000000000000e+02 7.673999999999998878e-02 5.146882551603445405e-03
2.100000000000000000e+02 9.077999999999999958e-02 2.956619691472002660e-03
2.110000000000000000e+02 8.745999999999999608e-02 3.153791369130178220e-03
2.120000000000000000e+02 7.387999999999998735e-02 5.292409659125038926e-03
2.130000000000000000e+02 8.355999999999999539e-02 4.615452307195903187e-03
2.140000000000000000e+02 9.951999999999999735e-02 4.132989232988638906e-03
2.150000000000000000e+02 8.221999999999998754e-02 4.335619909540043733e-03
2.160000000000000000e+02 7.431999999999999718e-02 3.752545802518604014e-03
2.170000000000000000e+02 1.056600000000000039e-01 8.593392810758739703e-03
2.180000000000000000e+02 8.346000000000000640e-02 5.370884470922831361e-03
2.190000000000000000e+02 6.710000000000000686e-02 5.060829971457249908e-03
2.200000000000000000e+02 5.844000000000000583e-02 4.548670135325268669e-03
2.210000000000000000e+02 6.412000000000001032e-02 4.244243159857830072e-03
2.220000000000000000e+02 6.446000000000000341e-02 4.936638532442902405e-03
2.230000000000000000e+02 5.757999999999999924e-02 5.921621399583056923e-03
2.240000000000000000e+02 6.128000000000000114e-02 4.953947920598278376e-03
2.250000000000000000e+02 7.067999999999999283e-02 3.298120676991669626e-03
2.260000000000000000e+02 6.153999999999999748e-02 3.417367407815556212e-03
2.270000000000000000e+02 5.749999999999999556e-02 3.640879014743555846e-03
2.280000000000000000e+02 5.659999999999999754e-02 4.169892084934573827e-03
2.290000000000000000e+02 5.440000000000000391e-02 3.812610654131890712e-03
2.300000000000000000e+02 4.768000000000000016e-02 3.913770560469788211e-03
2.310000000000000000e+02 5.034000000000000974e-02 4.215495225949140133e-03
2.320000000000000000e+02 4.857999999999999818e-02 3.953428891481419218e-03
2.330000000000000000e+02 4.295999999999999819e-02 2.867472754883644125e-03
2.340000000000000000e+02 4.632000000000000006e-02 2.721323207559147705e-03
2.350000000000000000e+02 4.459999999999999382e-02 3.436859031150390868e-03
2.360000000000000000e+02 4.082000000000000212e-02 2.778776709273344647e-03
2.370000000000000000e+02 4.012000000000000288e-02 2.328432949431871301e-03
2.380000000000000000e+02 4.412000000000000643e-02 3.517612826904063707e-03
2.390000000000000000e+02 4.740000000000000463e-02 4.348333013926140855e-03
2.400000000000000000e+02 4.709999999999999604e-02 3.247768464653846485e-03
2.410000000000000000e+02 5.294000000000000788e-02 3.757978179819569317e-03
2.420000000000000000e+02 4.342000000000000026e-02 3.326499661806686832e-03
2.430000000000000000e+02 4.362000000000000599e-02 2.535665593093852123e-03
2.440000000000000000e+02 4.331999999999999046e-02 1.921874085365637584e-03
2.450000000000000000e+02 4.465999999999999831e-02 7.657675887630660668e-04
2.460000000000000000e+02 4.413999999999999868e-02 1.781684596105608627e-03
2.470000000000000000e+02 4.643999999999999517e-02 3.516589256651962356e-03
2.480000000000000000e+02 5.686000000000000082e-02 5.219808425603377454e-03
2.490000000000000000e+02 6.810000000000000775e-02 4.229893615683496567e-03
2.500000000000000000e+02 9.046000000000001262e-02 3.994295932952387357e-03
2.510000000000000000e+02 9.113999999999999879e-02 3.989285650338916800e-03
2.520000000000000000e+02 1.004999999999999921e-01 7.365052613525583172e-03
2.530000000000000000e+02 9.752000000000000945e-02 9.649953367762972162e-03
2.540000000000000000e+02 1.099199999999999899e-01 7.762061581822190040e-03
2.550000000000000000e+02 9.048000000000000487e-02 5.441837924819148929e-03
2.560000000000000000e+02 7.965999999999999470e-02 3.671838776417070578e-03
2.570000000000000000e+02 1.002999999999999864e-01 1.095700689057006912e-02
2.580000000000000000e+02 8.276000000000000023e-02 4.640086206095747103e-03
2.590000000000000000e+02 8.980000000000000482e-02 2.577595779015787007e-03
2.600000000000000000e+02 8.531999999999999307e-02 3.565613551690648923e-03
2.610000000000000000e+02 9.520000000000000684e-02 6.039536406049721487e-03
2.620000000000000000e+02 8.792000000000001203e-02 3.103159680068040809e-03
2.630000000000000000e+02 7.887999999999999179e-02 3.222049037491513633e-03
2.640000000000000000e+02 9.280000000000000748e-02 3.712142238654117174e-03
2.650000000000000000e+02 9.419999999999999207e-02 3.194996087634535339e-03
2.660000000000000000e+02 7.935999999999999999e-02 4.547350877159139944e-03
2.670000000000000000e+02 7.925999999999999712e-02 2.187784267243913540e-03
2.680000000000000000e+02 8.854000000000000759e-02 3.426134848484513936e-03
2.690000000000000000e+02 9.238000000000000378e-02 5.889787772067851986e-03
2.700000000000000000e+02 1.098599999999999993e-01 5.191762706441810371e-03
2.710000000000000000e+02 1.008399999999999991e-01 5.465016010955502622e-03
2.720000000000000000e+02 9.408000000000001084e-02 5.014538862148742830e-03
2.730000000000000000e+02 8.276000000000000023e-02 4.058866836938605609e-03
2.740000000000000000e+02 9.612000000000001099e-02 3.741336659537605139e-03
2.750000000000000000e+02 9.406000000000000472e-02 4.009788024322483505e-03
2.760000000000000000e+02 7.727999999999998759e-02 3.931106714399904001e-03
2.770000000000000000e+02 7.746000000000000107e-02 3.407990610315700386e-03
2.780000000000000000e+02 9.435999999999999943e-02 4.836362269309443102e-03
2.790000000000000000e+02 9.361999999999999489e-02 4.902815517638817698e-03
2.800000000000000000e+02 8.036000000000000087e-02 4.253281086408470038e-03
2.810000000000000000e+02 6.426000000000001156e-02 5.026967276599283649e-03
2.820000000000000000e+02 5.507999999999999702e-02 3.409046787593270761e-03
2.830000000000000000e+02 4.882000000000000922e-02 3.614636911226354419e-03
2.840000000000000000e+02 5.057999999999999996e-02 2.922601580783805962e-03
2.850000000000000000e+02 4.898000000000000270e-02 5.139027145287325578e-03
2.860000000000000000e+02 6.425999999999999768e-02 3.185677949824809035e-02
2.870000000000000000e+02 4.859999999999999043e-02 6.171223541567749833e-03
2.880000000000000000e+02 5.809999999999999887e-02 3.761914406256472790e-03
2.890000000000000000e+02 5.677999999999999714e-02 1.553576518875076024e-03
2.900000000000000000e+02 5.189999999999998781e-02 2.396664348631237767e-03
2.910000000000000000e+02 5.742000000000000576e-02 4.638706716316520241e-03
2.920000000000000000e+02 7.765999999999999293e-02 6.746436096191827693e-03
2.930000000000000000e+02 6.400000000000000133e-02 6.358301660034698134e-03
2.940000000000000000e+02 8.290000000000001534e-02 6.550419833873247395e-03
2.950000000000000000e+02 6.892000000000000903e-02 6.418847248533026718e-03
2.960000000000000000e+02 8.344000000000000028e-02 7.352441771275718130e-03
2.970000000000000000e+02 1.198200000000000098e-01 1.196685422322843126e-02
2.980000000000000000e+02 1.543200000000000127e-01 1.960463210570400142e-02
2.990000000000000000e+02 1.508999999999999786e-01 1.615215155946724337e-02
3.000000000000000000e+02 1.879600000000000160e-01 1.701606299941323466e-02
3.010000000000000000e+02 1.782400000000000095e-01 1.533461443923517763e-02
3.020000000000000000e+02 1.496399999999999952e-01 1.226973512346538064e-02
3.030000000000000000e+02 1.213200000000000112e-01 1.628058966991060424e-02
3.040000000000000000e+02 7.661999999999999367e-02 1.198589170650227187e-02
3.050000000000000000e+02 6.021999999999999575e-02 9.855637980364337011e-03
3.060000000000000000e+02 5.517999999999999294e-02 8.010592986789430089e-03
3.070000000000000000e+02 5.566000000000000114e-02 7.523722482920274131e-03
3.080000000000000000e+02 4.571999999999999675e-02 4.196855966077463890e-03
3.090000000000000000e+02 4.413999999999999868e-02 4.279065318501226560e-03
3.100000000000000000e+02 4.934000000000000191e-02 4.806911690472375105e-03
3.110000000000000000e+02 4.759999999999999648e-02 3.119615360905891605e-03
3.120000000000000000e+02 4.921999999999999986e-02 4.074015218430091997e-03
3.130000000000000000e+02 4.916000000000000231e-02 3.776559280615095909e-03
3.140000000000000000e+02 5.477999999999999536e-02 4.732610273411493040e-03
3.150000000000000000e+02 5.881999999999999729e-02 4.530077262034277498e-03
3.160000000000000000e+02 6.995999999999999441e-02 5.108267808171375844e-03
3.170000000000000000e+02 8.562000000000000166e-02 5.057430177471559929e-03
3.180000000000000000e+02 8.549999999999999267e-02 3.921734310225515052e-03
3.190000000000000000e+02 6.845999999999999308e-02 2.884857015520871700e-03
3.200000000000000000e+02 5.694000000000000450e-02 4.050975191234820576e-03
3.210000000000000000e+02 5.211999999999999966e-02 4.331927977240619329e-03
3.220000000000000000e+02 5.967999999999999694e-02 5.319548853051353846e-03
3.230000000000000000e+02 4.902000000000000107e-02 4.096535121294579522e-03
3.240000000000000000e+02 5.275999999999999440e-02 4.981003914874992944e-03
3.250000000000000000e+02 5.151999999999999635e-02 4.671787666407795428e-03
3.260000000000000000e+02 4.564000000000000001e-02 4.007792409793700314e-03
3.270000000000000000e+02 4.907999999999999863e-02 5.586913280157479456e-03
3.280000000000000000e+02 4.795999999999999569e-02 5.070542377300480720e-03
3.290000000000000000e+02 5.961999999999999245e-02 3.493078871139327496e-03
3.300000000000000000e+02 6.636000000000000232e-02 2.030369424513679601e-03
3.310000000000000000e+02 8.291999999999999371e-02 4.984536086738662608e-03
3.320000000000000000e+02 8.963999999999999746e-02 9.480421931538699637e-03
3.330000000000000000e+02 1.164600000000000080e-01 2.057246703728067908e-02
3.340000000000000000e+02 1.293799999999999950e-01 1.665237520595784851e-02
3.350000000000000000e+02 1.142199999999999882e-01 2.346404909643686615e-02
3.360000000000000000e+02 8.931999999999999662e-02 2.494685551327060699e-02
3.370000000000000000e+02 7.814000000000001500e-02 6.734270561835183945e-03
3.380000000000000000e+02 6.371999999999999886e-02 6.096031495981628183e-03
3.390000000000000000e+02 5.401999999999999857e-02 4.060738849027352264e-03
3.400000000000000000e+02 5.967999999999999694e-02 4.278504411590571335e-03
3.410000000000000000e+02 6.814000000000000612e-02 4.293064173757483309e-03
3.420000000000000000e+02 7.896000000000000241e-02 3.618065781602100052e-03
3.430000000000000000e+02 6.930000000000000049e-02 3.364520768252147846e-03
3.440000000000000000e+02 7.503999999999999559e-02 5.577669764337078381e-03
3.450000000000000000e+02 7.033999999999999975e-02 6.103638259267992264e-03
3.460000000000000000e+02 6.235999999999999183e-02 4.074604275264038893e-03
3.470000000000000000e+02 5.960000000000000714e-02 4.952171240981070172e-03
3.480000000000000000e+02 5.006000000000000727e-02 4.361009057546199469e-03
3.490000000000000000e+02 4.643999999999999517e-02 3.571890255872932091e-03
3.500000000000000000e+02 4.348000000000000476e-02 3.409633411380172136e-03
3.510000000000000000e+02 4.388000000000000234e-02 3.692912130013385058e-03
3.520000000000000000e+02 3.878000000000000197e-02 3.183959798741183098e-03
3.530000000000000000e+02 3.819999999999999785e-02 3.511694747554236062e-03
3.540000000000000000e+02 3.776000000000000190e-02 4.459417002254890960e-03
3.550000000000000000e+02 3.393999999999999795e-02 3.112940731848262785e-03
3.560000000000000000e+02 3.388000000000000039e-02 3.135219290576019696e-03
3.570000000000000000e+02 3.447999999999999676e-02 3.325898374875576637e-03
3.580000000000000000e+02 3.532000000000000417e-02 4.163364024439852179e-03
3.590000000000000000e+02 3.504000000000000170e-02 3.569649842771698608e-03
3.600000000000000000e+02 3.651999999999999691e-02 3.407286310247495918e-03
3.610000000000000000e+02 3.862000000000000155e-02 4.358623635965831050e-03
3.620000000000000000e+02 3.817999999999999866e-02 3.920918259795784511e-03
3.630000000000000000e+02 3.903999999999999831e-02 5.378326877384824629e-03
3.640000000000000000e+02 4.301999999999999574e-02 4.029094191006213008e-03
3.650000000000000000e+02 4.456000000000000238e-02 3.990288210142220286e-03
3.660000000000000000e+02 4.165999999999999565e-02 2.460569039876751764e-03
3.670000000000000000e+02 4.202000000000000179e-02 4.514155513493083721e-03
3.680000000000000000e+02 4.426000000000000073e-02 1.916872452720836534e-03
3.690000000000000000e+02 4.739999999999999769e-02 2.150348808914498162e-03
3.700000000000000000e+02 4.687999999999999806e-02 2.759275267167086033e-03
3.710000000000000000e+02 4.518000000000000488e-02 2.006389792637511531e-03
3.720000000000000000e+02 4.509999999999999426e-02 1.751570723664905163e-03
3.730000000000000000e+02 4.537999999999999673e-02 3.558876227125636321e-03
3.740000000000000000e+02 4.956000000000000683e-02 2.466252217434380337e-03
3.750000000000000000e+02 5.375999999999999529e-02 2.585033848907979971e-03
3.760000000000000000e+02 5.029999999999999749e-02 3.368679266418814384e-03
3.770000000000000000e+02 5.360000000000000181e-02 4.536959334179666709e-03
3.780000000000000000e+02 5.684000000000000163e-02 2.908332855778376566e-03
3.790000000000000000e+02 5.378000000000000835e-02 3.458554611394766380e-03
3.800000000000000000e+02 5.931999999999999773e-02 3.371883746513214524e-03
3.810000000000000000e+02 5.944000000000000672e-02 4.702169711952133499e-03
3.820000000000000000e+02 5.729999999999999677e-02 6.445153217728809281e-03
3.830000000000000000e+02 5.775999999999999884e-02 5.906132406236760078e-03
3.840000000000000000e+02 6.248000000000000081e-02 6.292980216082042118e-03
3.850000000000000000e+02 6.301999999999999269e-02 9.031810449738194094e-03
3.860000000000000000e+02 6.029999999999999943e-02 1.011691652629396858e-02
3.870000000000000000e+02 6.076000000000000151e-02 1.036930084431925483e-02
3.880000000000000000e+02 6.575999999999999901e-02 1.226614853978215923e-02
3.890000000000000000e+02 6.335999999999999965e-02 1.087687455108313564e-02
3.900000000000000000e+02 6.100000000000001255e-02 1.070607304290419927e-02
3.910000000000000000e+02 5.845999999999999808e-02 1.057423283269287584e-02
3.920000000000000000e+02 5.862000000000000544e-02 9.615071502594246811e-03
3.930000000000000000e+02 5.611999999999998934e-02 7.283790222130233534e-03
3.940000000000000000e+02 5.587999999999999912e-02 8.204730342918039807e-03
3.950000000000000000e+02 5.720000000000000778e-02 8.614638703973604220e-03
3.960000000000000000e+02 5.519999999999999213e-02 6.572974973328286549e-03
3.970000000000000000e+02 5.372000000000000386e-02 3.959494917284275481e-03
3.980000000000000000e+02 6.126000000000000195e-02 6.190831931170478336e-03
3.990000000000000000e+02 7.427999999999998493e-02 1.397074085365554441e-02
4.000000000000000000e+02 6.178000000000000158e-02 8.300939705840537294e-03
4.010000000000000000e+02 6.800000000000000488e-02 4.050678955434506082e-03
4.020000000000000000e+02 7.726000000000000922e-02 5.892232174651639356e-03
4.030000000000000000e+02 6.733999999999999708e-02 7.508821478767492390e-03
4.040000000000000000e+02 6.298000000000000820e-02 9.345672795470638325e-03
4.050000000000000000e+02 6.147999999999999993e-02 5.578315157823193239e-03
4.060000000000000000e+02 6.840000000000000246e-02 3.889472972010477037e-03
4.070000000000000000e+02 6.383999999999998010e-02 8.819206313495562416e-03
4.080000000000000000e+02 5.710000000000000492e-02 9.546936681470137923e-03
4.090000000000000000e+02 6.235999999999999183e-02 7.630098295566052624e-03
4.100000000000000000e+02 7.030000000000000138e-02 9.754588663803308995e-03
4.110000000000000000e+02 6.520000000000000795e-02 1.070980858839223199e-02
4.120000000000000000e+02 6.675999999999999990e-02 1.083376204279935286e-02
4.130000000000000000e+02 7.631999999999998507e-02 1.264838329589991310e-02
4.140000000000000000e+02 8.684000000000000052e-02 1.297483718587636066e-02
4.150000000000000000e+02 7.624000000000000221e-02 6.605936723887081974e-03
4.160000000000000000e+02 7.403999999999999471e-02 5.760069444025827864e-03
4.170000000000000000e+02 9.048000000000001875e-02 6.817741561543677435e-03
4.180000000000000000e+02 9.329999999999999405e-02 5.635601121442145034e-03
4.190000000000000000e+02 9.117999999999999716e-02 1.136862348747639910e-02
4.200000000000000000e+02 8.948000000000000398e-02 8.078465200766786827e-03
4.210000000000000000e+02 7.682000000000001327e-02 8.461772863886147730e-03
4.220000000000000000e+02 6.333999999999999353e-02 7.824730027291677825e-03
4.230000000000000000e+02 7.114000000000000878e-02 8.222067866419009025e-03
4.240000000000000000e+02 8.623999999999999722e-02 1.211587388511451910e-02
4.250000000000000000e+02 7.430000000000000493e-02 8.933756208896677029e-03
4.260000000000000000e+02 5.451999999999999902e-02 6.047941798661755908e-03
4.270000000000000000e+02 5.752000000000000168e-02 7.424122843811247451e-03
4.280000000000000000e+02 6.506000000000000671e-02 5.197537878649851131e-03
4.290000000000000000e+02 8.805999999999999939e-02 4.442341724811365265e-03
4.300000000000000000e+02 1.057799999999999851e-01 1.270518004594976477e-02
4.310000000000000000e+02 9.328000000000000180e-02 9.130476438828371427e-03
4.320000000000000000e+02 6.790000000000000202e-02 8.112213014954674714e-03
4.330000000000000000e+02 5.869999999999999524e-02 7.548509786706245409e-03
4.340000000000000000e+02 6.326000000000001067e-02 5.799172354741666605e-03
4.350000000000000000e+02 6.502000000000000834e-02 5.299962264016602059e-03
4.360000000000000000e+02 5.503999999999999865e-02 5.052761621133534595e-03
4.370000000000000000e+02 5.620000000000000689e-02 5.865151319446071897e-03
4.380000000000000000e+02 7.054000000000000548e-02 7.648686161688161150e-03
4.390000000000000000e+02 6.755999999999999506e-02 5.261406656018902117e-03
4.400000000000000000e+02 5.875999999999999973e-02 4.010286772788199811e-03
4.410000000000000000e+02 6.645999999999999130e-02 8.145084407174672803e-03
4.420000000000000000e+02 1.106200000000000100e-01 9.245625992868199486e-03
4.430000000000000000e+02 1.168199999999999933e-01 3.151126782596978294e-03
4.440000000000000000e+02 8.752000000000001445e-02 5.936463593756809674e-03
4.450000000000000000e+02 7.264000000000001012e-02 5.106309822170994328e-03
4.460000000000000000e+02 7.073999999999999733e-02 8.492490800701520820e-03
4.470000000000000000e+02 7.286000000000000809e-02 8.072075321749671781e-03
4.480000000000000000e+02 6.936000000000000498e-02 5.126636324140810066e-03
4.490000000000000000e+02 7.539999999999999480e-02 5.996665740225976850e-03
4.500000000000000000e+02 6.738000000000000933e-02 4.226771817829770746e-03
4.510000000000000000e+02 6.147999999999999993e-02 4.231500915750818076e-03
4.520000000000000000e+02 6.134000000000000563e-02 3.320000000000000034e-03
4.530000000000000000e+02 5.449999999999999289e-02 2.141961717678445704e-03
4.540000000000000000e+02 5.176000000000000739e-02 1.860752535938080179e-03
4.550000000000000000e+02 4.842000000000000470e-02 2.141401410291867997e-03
4.560000000000000000e+02 5.410000000000000225e-02 3.554715178463669148e-03
4.570000000000000000e+02 5.444000000000000228e-02 3.363688451685142508e-03
4.580000000000000000e+02 4.770000000000000628e-02 1.382750881395487493e-03
4.590000000000000000e+02 5.373999999999999611e-02 2.475156560704798187e-03
4.600000000000000000e+02 5.013999999999999707e-02 2.696367927416433875e-03
4.610000000000000000e+02 6.174000000000000321e-02 3.992793508309690903e-03
4.620000000000000000e+02 6.869999999999999718e-02 5.045790324617147916e-03
4.630000000000000000e+02 7.966000000000000858e-02 5.769090049565873263e-03
4.640000000000000000e+02 9.434000000000000719e-02 1.061858747668445804e-02
4.650000000000000000e+02 8.452000000000001179e-02 1.375316690802521821e-02
4.660000000000000000e+02 6.536000000000000143e-02 6.927799073298819381e-03
4.670000000000000000e+02 6.554000000000000103e-02 6.719107083534239626e-03
4.680000000000000000e+02 5.356000000000001038e-02 5.888836897045121935e-03
4.690000000000000000e+02 4.693999999999999562e-02 4.755880570409648858e-03
4.700000000000000000e+02 4.950000000000000233e-02 5.040634880647476383e-03
4.710000000000000000e+02 4.646000000000000130e-02 3.021655175561896011e-03
4.720000000000000000e+02 4.465999999999999831e-02 3.481149235525534194e-03
4.730000000000000000e+02 5.054000000000000853e-02 5.276210761521947859e-03
4.740000000000000000e+02 5.108000000000000040e-02 5.811161673882426007e-03
4.750000000000000000e+02 5.163999999999999840e-02 3.941877725145719394e-03
4.760000000000000000e+02 5.303999999999999687e-02 4.651279393887233944e-03
4.770000000000000000e+02 5.811999999999999111e-02 6.393559259129454921e-03
4.780000000000000000e+02 5.373999999999999611e-02 4.753356708684926962e-03
4.790000000000000000e+02 4.956000000000000683e-02 3.555615277276214393e-03
4.800000000000000000e+02 5.451999999999999208e-02 4.231973534888893579e-03
4.810000000000000000e+02 5.573999999999999788e-02 5.682112283297468397e-03
4.820000000000000000e+02 5.000000000000000278e-02 4.786230249371628206e-03
4.830000000000000000e+02 4.870000000000000023e-02 4.449719092257399186e-03
4.840000000000000000e+02 5.378000000000000835e-02 3.576255024463441227e-03
4.850000000000000000e+02 5.355999999999999650e-02 4.326938871766042825e-03
4.860000000000000000e+02 4.966000000000000275e-02 3.273285810924550076e-03
4.870000000000000000e+02 5.176000000000000739e-02 2.275609808381041845e-03
4.880000000000000000e+02 5.594000000000000361e-02 4.231595443801308525e-03
4.890000000000000000e+02 5.722000000000000697e-02 5.608350916267635343e-03
4.900000000000000000e+02 5.414000000000000062e-02 4.775604673755983430e-03
4.910000000000000000e+02 5.836000000000000215e-02 4.274856722745219197e-03
4.920000000000000000e+02 6.560000000000000553e-02 8.438720282128090236e-03
4.930000000000000000e+02 6.451999999999999402e-02 9.286420192948410812e-03
4.940000000000000000e+02 6.292000000000000370e-02 7.349938775255205822e-03
4.950000000000000000e+02 7.780000000000000804e-02 8.184130986244047765e-03
4.960000000000000000e+02 7.016000000000000014e-02 8.233978382288840644e-03
4.970000000000000000e+02 6.493999999999999773e-02 6.436955802240684754e-03
4.980000000000000000e+02 7.642000000000000182e-02 8.285505416086576952e-03
4.990000000000000000e+02 7.199999999999999456e-02 8.720550441342565448e-03
5.000000000000000000e+02 6.132000000000000645e-02 7.006111617723485840e-03
5.010000000000000000e+02 7.139999999999999125e-02 6.957585788188313733e-03
5.020000000000000000e+02 8.091999999999999194e-02 8.011341959996464215e-03
5.030000000000000000e+02 6.632000000000000395e-02 8.164165603415944952e-03
5.040000000000000000e+02 6.787999999999999590e-02 8.688705312070376177e-03
5.050000000000000000e+02 6.670000000000000928e-02 1.290116273829610902e-02
5.060000000000000000e+02 5.721999999999999309e-02 8.404617778340664133e-03
5.070000000000000000e+02 5.984000000000000430e-02 6.742877723939535474e-03
5.080000000000000000e+02 6.342000000000000415e-02 9.176360934488139373e-03
5.090000000000000000e+02 5.729999999999999677e-02 8.471363526611284944e-03
5.100000000000000000e+02 5.666000000000000203e-02 6.413922356873369250e-03
5.110000000000000000e+02 6.754000000000000281e-02 9.719382696447339404e-03
5.120000000000000000e+02 6.572000000000000064e-02 7.910094816119463135e-03
5.130000000000000000e+02 6.143999999999999462e-02 6.397687082063331816e-03
5.140000000000000000e+02 7.245999999999999663e-02 1.240025806183081211e-02
5.150000000000000000e+02 8.790000000000000591e-02 1.727553182972958387e-02
5.160000000000000000e+02 9.728000000000000536e-02 2.185803284836034324e-02
5.170000000000000000e+02 9.996000000000000718e-02 2.891986168708280194e-02
5.180000000000000000e+02 8.566000000000000003e-02 2.164602503925373844e-02
5.190000000000000000e+02 8.348000000000001253e-02 1.559299842878206742e-02
5.200000000000000000e+02 8.746000000000000996e-02 6.101344114209591302e-03
5.210000000000000000e+02 9.289999999999999647e-02 3.176790833529964317e-03
5.220000000000000000e+02 1.074799999999999783e-01 3.681521424628679106e-03
5.230000000000000000e+02 1.073399999999999910e-01 2.760144923731360032e-03
5.240000000000000000e+02 7.694000000000000838e-02 5.564746175702894697e-03
5.250000000000000000e+02 8.133999999999999564e-02 1.169146697382326093e-02
5.260000000000000000e+02 7.466000000000000414e-02 1.019756833759892165e-02
5.270000000000000000e+02 9.175999999999999435e-02 6.361006209712425155e-03
5.280000000000000000e+02 9.650000000000000244e-02 1.443495756834774907e-02
5.290000000000000000e+02 7.424000000000000044e-02 6.471352254359206968e-03
5.300000000000000000e+02 6.639999999999998681e-02 4.378127453603877436e-03
5.310000000000000000e+02 7.749999999999998557e-02 7.634919776919729499e-03
5.320000000000000000e+02 6.238000000000000489e-02 4.955562531136095336e-03
5.330000000000000000e+02 5.616000000000000159e-02 4.336173428265988235e-03
5.340000000000000000e+02 5.701999999999999430e-02 4.080392138018111223e-03
5.350000000000000000e+02 5.673999999999999877e-02 4.952009693043826592e-03
5.360000000000000000e+02 5.041999999999999954e-02 4.009189444264264074e-03
5.370000000000000000e+02 4.721999999999999809e-02 3.543670413568394007e-03
5.380000000000000000e+02 4.841999999999999776e-02 2.169239498073002002e-03
5.390000000000000000e+02 4.879999999999999616e-02 2.550294100687213600e-03
5.400000000000000000e+02 4.662000000000000172e-02 2.041959842896035830e-03
5.410000000000000000e+02 4.542000000000000204e-02 1.587954659302336612e-03
5.420000000000000000e+02 4.800000000000000100e-02 1.533623161014465884e-03
5.430000000000000000e+02 5.091999999999999998e-02 2.679850742112328734e-03
5.440000000000000000e+02 4.877999999999999697e-02 1.321211565193099007e-03
5.450000000000000000e+02 4.564000000000000001e-02 1.038460398859773932e-03
5.460000000000000000e+02 4.678000000000000214e-02 1.470238075959127890e-03
5.470000000000000000e+02 5.707999999999999879e-02 2.801713761253993816e-03
5.480000000000000000e+02 5.849999999999999645e-02 3.580502757993632868e-03
5.490000000000000000e+02 5.300000000000000544e-02 4.819958506045461666e-03
5.500000000000000000e+02 4.682000000000000051e-02 3.210856583530321065e-03
5.510000000000000000e+02 4.951999999999999458e-02 3.231965346348873898e-03
5.520000000000000000e+02 5.752000000000000168e-02 2.518253362948216431e-03
5.530000000000000000e+02 6.161999999999999422e-02 4.082352263095381448e-03
5.540000000000000000e+02 5.864000000000000462e-02 5.182123117024527506e-03
5.550000000000000000e+02 5.210000000000000048e-02 3.419941519967848852e-03
5.560000000000000000e+02 6.037999999999998924e-02 3.463177731506136923e-03
5.570000000000000000e+02 6.550000000000000266e-02 5.966908747416872251e-03
5.580000000000000000e+02 5.977999999999999980e-02 1.037832356404443622e-02
5.590000000000000000e+02 6.201999999999999874e-02 7.268397347421232634e-03
5.600000000000000000e+02 5.425999999999999573e-02 4.141304142416975080e-03
5.610000000000000000e+02 4.963999999999999663e-02 3.348790826552175588e-03
5.620000000000000000e+02 4.632000000000000006e-02 5.283332281808517453e-03
5.630000000000000000e+02 5.220000000000000334e-02 5.501999636495808789e-03
5.640000000000000000e+02 5.183999999999999719e-02 5.297773117074758287e-03
5.650000000000000000e+02 5.216000000000000497e-02 6.001866376386597902e-03
5.660000000000000000e+02 5.373999999999999611e-02 5.975483244056500019e-03
5.670000000000000000e+02 4.434000000000000441e-02 4.254221432882873515e-03
5.680000000000000000e+02 4.473999999999999505e-02 3.752119401085206654e-03
5.690000000000000000e+02 4.662000000000000172e-02 4.653342884421907653e-03
5.700000000000000000e+02 5.161999999999999922e-02 5.741916056509360246e-03
5.710000000000000000e+02 5.704000000000000042e-02 1.043869723672451351e-02
5.720000000000000000e+02 5.467999999999999250e-02 8.570040840042709995e-03
5.730000000000000000e+02 5.927999999999999936e-02 9.106129803599328706e-03
5.740000000000000000e+02 6.199999999999999956e-02 9.428679653058533172e-03
5.750000000000000000e+02 6.805999999999999550e-02 9.222494239629539653e-03
5.760000000000000000e+02 6.442000000000000504e-02 7.071746601795061114e-03
5.770000000000000000e+02 7.377999999999999836e-02 6.144395820583179076e-03
5.780000000000000000e+02 8.065999999999999559e-02 5.626579778160081986e-03
5.790000000000000000e+02 8.168000000000000260e-02 8.036267790460942945e-03
5.800000000000000000e+02 8.458000000000000240e-02 5.906741910732178115e-03
5.810000000000000000e+02 9.601999999999999424e-02 3.136494858914964413e-03
5.820000000000000000e+02 1.011200000000000154e-01 4.311565840851786478e-03
5.830000000000000000e+02 8.713999999999999524e-02 6.943947004406069053e-03
5.840000000000000000e+02 8.499999999999999223e-02 5.131081757290562734e-03
5.850000000000000000e+02 8.220000000000000917e-02 4.769905659444431852e-03
5.860000000000000000e+02 8.635999999999999233e-02 8.222067866419003820e-03
5.870000000000000000e+02 7.797999999999999376e-02 9.443177431352221818e-03
5.880000000000000000e+02 6.260000000000000286e-02 6.765500720567549885e-03
5.890000000000000000e+02 7.235999999999999377e-02 1.175697239938922230e-02
5.900000000000000000e+02 7.835999999999999910e-02 1.379863761390956976e-02
5.910000000000000000e+02 6.401999999999999358e-02 9.533813507720822339e-03
5.920000000000000000e+02 5.462000000000000188e-02 7.946672259505863090e-03
5.930000000000000000e+02 6.016000000000000514e-02 1.089726571209494177e-02
5.940000000000000000e+02 6.384000000000000785e-02 9.465643137156608267e-03
5.950000000000000000e+02 6.690000000000000113e-02 9.130169768410663703e-03
5.960000000000000000e+02 7.101999999999999980e-02 8.943690513429008310e-03
5.970000000000000000e+02 6.564000000000000390e-02 8.697493891920819037e-03
5.980000000000000000e+02 6.189999999999999669e-02 9.666436778875655417e-03
5.990000000000000000e+02 6.683999999999999664e-02 8.619651965131773855e-03
6.000000000000000000e+02 6.565999999999999615e-02 7.445696743757433157e-03
6.010000000000000000e+02 5.697999999999999593e-02 8.067812590783204202e-03
6.020000000000000000e+02 5.817999999999999561e-02 7.620341199710155625e-03
6.030000000000000000e+02 6.704000000000000237e-02 6.913349405317225152e-03
6.040000000000000000e+02 6.610000000000000597e-02 6.720714247756704070e-03
6.050000000000000000e+02 6.130000000000000032e-02 7.464315105888815957e-03
6.060000000000000000e+02 6.768000000000000405e-02 6.639397563032356855e-03
6.070000000000000000e+02 7.373999999999999999e-02 7.636124671585716069e-03
6.080000000000000000e+02 7.502000000000000335e-02 1.095726243183031516e-02
6.090000000000000000e+02 7.571999999999999564e-02 8.902898404452339043e-03
6.100000000000000000e+02 9.053999999999999548e-02 1.561058615171127817e-02
6.110000000000000000e+02 1.099399999999999961e-01 2.620821245335133026e-02
6.120000000000000000e+02 1.270799999999999985e-01 1.386064933543879572e-02
6.130000000000000000e+02 1.430800000000000127e-01 3.509902562750139704e-02
6.140000000000000000e+02 1.533799999999999886e-01 4.074095727888582541e-02
6.150000000000000000e+02 1.055400000000000088e-01 2.250516385188074814e-02
6.160000000000000000e+02 8.866000000000000270e-02 9.571750101209289610e-03
6.170000000000000000e+02 6.912000000000000088e-02 9.577765919043962697e-03
6.180000000000000000e+02 6.307999999999999718e-02 8.009843943548462450e-03
6.190000000000000000e+02 7.155999999999999861e-02 7.542572505451964997e-03
6.200000000000000000e+02 8.236000000000000265e-02 1.167640355588997134e-02
6.210000000000000000e+02 8.074000000000000621e-02 1.543497327500115840e-02
6.220000000000000000e+02 9.747999999999998333e-02 2.014302857069909941e-02
6.230000000000000000e+02 9.796000000000000540e-02 2.164667179960928778e-02
6.240000000000000000e+02 9.887999999999999567e-02 2.122455182094547602e-02
6.250000000000000000e+02 8.738000000000001322e-02 1.167379972416864899e-02
6.260000000000000000e+02 7.630000000000000671e-02 8.123053613020167485e-03
6.270000000000000000e+02 7.971999999999998532e-02 8.522065477335879699e-03
6.280000000000000000e+02 7.341999999999999915e-02 9.074888429066219758e-03
6.290000000000000000e+02 7.796000000000000152e-02 1.007543547445965276e-02
6.300000000000000000e+02 7.158000000000000473e-02 7.647849370901600198e-03
6.310000000000000000e+02 6.536000000000000143e-02 5.763193559130216741e-03
6.320000000000000000e+02 7.395999999999999797e-02 8.529150016267739859e-03
6.330000000000000000e+02 7.182000000000000883e-02 8.967809096986844100e-03
6.340000000000000000e+02 6.302000000000000657e-02 5.628996358144140039e-03
6.350000000000000000e+02 6.546000000000000429e-02 6.583798295816786945e-03
6.360000000000000000e+02 7.427999999999999881e-02 7.390913340041268403e-03
6.370000000000000000e+02 6.751999999999999669e-02 7.793176502556581169e-03
6.380000000000000000e+02 6.089999999999999580e-02 8.345298077360686559e-03
6.390000000000000000e+02 7.010000000000000953e-02 8.983985752437501082e-03
6.400000000000000000e+02 7.486000000000000987e-02 9.445972686812090235e-03
6.410000000000000000e+02 6.701999999999999624e-02 9.094921659915494380e-03
6.420000000000000000e+02 6.455999999999999239e-02 9.623221913683586634e-03
6.430000000000000000e+02 7.599999999999999811e-02 1.045734191848004917e-02
6.440000000000000000e+02 7.783999999999999253e-02 1.124448309172102443e-02
6.450000000000000000e+02 6.881999999999999229e-02 1.030522197723076488e-02
6.460000000000000000e+02 7.058000000000000385e-02 1.186851296498428465e-02
6.470000000000000000e+02 7.975999999999998369e-02 1.279149717585865466e-02
6.480000000000000000e+02 7.660000000000000142e-02 1.163580680485886906e-02
6.490000000000000000e+02 6.923999999999999599e-02 1.162180708840066835e-02
6.500000000000000000e+02 8.036000000000001475e-02 1.246909780216676200e-02
6.510000000000000000e+02 8.590000000000000413e-02 1.418548553980440892e-02
6.520000000000000000e+02 7.593999999999999362e-02 1.220632622864062204e-02
6.530000000000000000e+02 7.630000000000000671e-02 1.145233600624780655e-02
6.540000000000000000e+02 9.785999999999998866e-02 1.176615485194717689e-02
6.550000000000000000e+02 1.057800000000000129e-01 1.109493578169788199e-02
6.560000000000000000e+02 8.106000000000000705e-02 7.401513358766569593e-03
6.570000000000000000e+02 8.065999999999999559e-02 4.953221174145166009e-03
6.580000000000000000e+02 6.792000000000000814e-02 4.330542691164699851e-03
6.590000000000000000e+02 6.632000000000000395e-02 7.575592386077805059e-03
6.600000000000000000e+02 5.816000000000000336e-02 7.116066329089406652e-03
6.610000000000000000e+02 6.096000000000000030e-02 8.414416200783035246e-03
6.620000000000000000e+02 5.695999999999999674e-02 7.420673823851845277e-03
6.630000000000000000e+02 5.331999999999999934e-02 6.926586460876670362e-03
6.640000000000000000e+02 6.029999999999999943e-02 1.022252415013043432e-02
6.650000000000000000e+02 6.292000000000000370e-02 8.733017806004980677e-03
6.660000000000000000e+02 7.443999999999999229e-02 1.057423283269287410e-02
6.670000000000000000e+02 6.690000000000000113e-02 9.524914697780762635e-03
6.680000000000000000e+02 5.842000000000000665e-02 6.585559961005593189e-03
6.690000000000000000e+02 6.328000000000000291e-02 7.128646435333989111e-03
6.700000000000000000e+02 6.180000000000000077e-02 7.755256282032204317e-03
6.710000000000000000e+02 6.629999999999999782e-02 6.060693029679030744e-03
6.720000000000000000e+02 7.982000000000000206e-02 2.080820991820295923e-02
6.730000000000000000e+02 7.775999999999999579e-02 8.315431437995263186e-03
6.740000000000000000e+02 5.976000000000000062e-02 8.283622396029406351e-03
