# Residue RMSF_average RMSF_std
1.000000000000000000e+00 2.344999999999999862e-01 6.462730073273986742e-02
2.000000000000000000e+00 2.091999999999999971e-01 6.037227840656669842e-02
3.000000000000000000e+00 1.759600000000000053e-01 4.898006124945129131e-02
4.000000000000000000e+00 1.457400000000000084e-01 4.133016331929986048e-02
5.000000000000000000e+00 1.464000000000000024e-01 4.334138899481649460e-02
6.000000000000000000e+00 1.219999999999999973e-01 3.443469180927861972e-02
7.000000000000000000e+00 1.290199999999999680e-01 4.364467436010949913e-02
8.000000000000000000e+00 1.304199999999999804e-01 4.733030318939442094e-02
9.000000000000000000e+00 1.463200000000000334e-01 6.003553614318772602e-02
1.000000000000000000e+01 1.605999999999999928e-01 7.196387982870294797e-02
1.100000000000000000e+01 1.806800000000000073e-01 8.296942569404706924e-02
1.200000000000000000e+01 2.154400000000000204e-01 9.690706063027605677e-02
1.300000000000000000e+01 2.265199999999999991e-01 1.009362848533667673e-01
1.400000000000000000e+01 2.524399999999999977e-01 1.108724420223528850e-01
1.500000000000000000e+01 2.375600000000000489e-01 1.044483144909481159e-01
1.600000000000000000e+01 2.000399999999999956e-01 9.199559989477755495e-02
1.700000000000000000e+01 1.963400000000000145e-01 8.977920917450765703e-02
1.800000000000000000e+01 1.966999999999999860e-01 8.679684326057025834e-02
1.900000000000000000e+01 2.116999999999999993e-01 8.751041080922886128e-02
2.000000000000000000e+01 1.985399999999999943e-01 7.796559754147978916e-02
2.100000000000000000e+01 1.819600000000000106e-01 6.354430265570629177e-02
2.200000000000000000e+01 1.511200000000000043e-01 5.308244154143627880e-02
2.300000000000000000e+01 1.443599999999999883e-01 4.475688103521065914e-02
2.400000000000000000e+01 1.201399999999999968e-01 3.234622698244726813e-02
2.500000000000000000e+01 1.266799999999999871e-01 3.410497910862868992e-02
2.600000000000000000e+01 1.171399999999999941e-01 2.880712411887031976e-02
2.700000000000000000e+01 1.230799999999999950e-01 3.437379234242274317e-02
2.800000000000000000e+01 1.494000000000000328e-01 3.830629191138187201e-02
2.900000000000000000e+01 1.775200000000000389e-01 4.136261113614565776e-02
3.000000000000000000e+01 2.249800000000000133e-01 6.201365656047060776e-02
3.100000000000000000e+01 2.442600000000000049e-01 7.357055389216532459e-02
3.200000000000000000e+01 2.121399999999999952e-01 5.709075581913414937e-02
3.300000000000000000e+01 1.840200000000000169e-01 4.758089532575022346e-02
3.400000000000000000e+01 1.830799999999999927e-01 4.213973896454509954e-02
3.500000000000000000e+01 1.577999999999999958e-01 3.971785492697207237e-02
3.600000000000000000e+01 1.532399999999999873e-01 3.975276594150399523e-02
3.700000000000000000e+01 1.617200000000000026e-01 4.673450117418607996e-02
3.800000000000000000e+01 1.503000000000000169e-01 4.529379648472844910e-02
3.900000000000000000e+01 1.709200000000000164e-01 4.876102541989862232e-02
4.000000000000000000e+01 1.851599999999999913e-01 5.279521190411114867e-02
4.100000000000000000e+01 2.196799999999999586e-01 5.464479481158291546e-02
4.200000000000000000e+01 2.532800000000000051e-01 6.060248839775475571e-02
4.300000000000000000e+01 2.562600000000000433e-01 6.849267406080740417e-02
4.400000000000000000e+01 2.606400000000000383e-01 9.399822551516598401e-02
4.500000000000000000e+01 2.087800000000000211e-01 7.966804629209880972e-02
4.600000000000000000e+01 1.884600000000000164e-01 7.921006501701663427e-02
4.700000000000000000e+01 2.159400000000000208e-01 9.485771660755913659e-02
4.800000000000000000e+01 2.185800000000000520e-01 9.832918996920496368e-02
4.900000000000000000e+01 2.150399999999999812e-01 9.639787549526181165e-02
5.000000000000000000e+01 2.083400000000000252e-01 9.313282128229553869e-02
5.100000000000000000e+01 1.714800000000000213e-01 7.037614368520059283e-02
5.200000000000000000e+01 1.632000000000000117e-01 6.364837782693287538e-02
5.300000000000000000e+01 1.536000000000000143e-01 5.053161386696451013e-02
5.400000000000000000e+01 1.451000000000000068e-01 4.227344320019366802e-02
5.500000000000000000e+01 1.559200000000000030e-01 4.236212459261221031e-02
5.600000000000000000e+01 1.446600000000000108e-01 3.431883447904372081e-02
5.700000000000000000e+01 1.686399999999999844e-01 3.979038074711022804e-02
5.800000000000000000e+01 1.759000000000000008e-01 4.524444717310621700e-02
5.900000000000000000e+01 2.278000000000000025e-01 6.663698672659200406e-02
6.000000000000000000e+01 2.357400000000000051e-01 7.867702587159736138e-02
6.100000000000000000e+01 2.251799999999999913e-01 7.722275312367463118e-02
6.200000000000000000e+01 1.927000000000000102e-01 6.315194375472539534e-02
6.300000000000000000e+01 1.974600000000000244e-01 6.345690190987895996e-02
6.400000000000000000e+01 1.685999999999999999e-01 5.103951410427023244e-02
6.500000000000000000e+01 1.250000000000000000e-01 3.094595288563595226e-02
6.600000000000000000e+01 1.198799999999999866e-01 2.406295077499847473e-02
6.700000000000000000e+01 9.450000000000000067e-02 1.755870154652672613e-02
6.800000000000000000e+01 8.902000000000001578e-02 1.642028014377343303e-02
6.900000000000000000e+01 1.083800000000000041e-01 3.241835282675540469e-02
7.000000000000000000e+01 1.190799999999999914e-01 3.709756865348455557e-02
7.100000000000000000e+01 1.462199999999999889e-01 5.073670860432316632e-02
7.200000000000000000e+01 1.628799999999999970e-01 6.292043865072778630e-02
7.300000000000000000e+01 1.924599999999999922e-01 6.936401372469733206e-02
7.400000000000000000e+01 2.156599999999999628e-01 8.391416090267482530e-02
7.500000000000000000e+01 2.396200000000000274e-01 8.299468416712001140e-02
7.600000000000000000e+01 2.642599999999999949e-01 8.906358627407724715e-02
7.700000000000000000e+01 2.811199999999999810e-01 1.032918467256733891e-01
7.800000000000000000e+01 2.745000000000000218e-01 1.027917311849547433e-01
7.900000000000000000e+01 2.331800000000000261e-01 9.938570118482838167e-02
8.000000000000000000e+01 2.001599999999999768e-01 8.842747536823608590e-02
8.100000000000000000e+01 1.727799999999999891e-01 7.907599888714654524e-02
8.200000000000000000e+01 1.624599999999999933e-01 7.520517535382788277e-02
8.300000000000000000e+01 1.361600000000000033e-01 5.919306040407102537e-02
8.400000000000000000e+01 1.386199999999999932e-01 5.979242092439476103e-02
8.500000000000000000e+01 1.180599999999999844e-01 4.570127350523177368e-02
8.600000000000000000e+01 1.052599999999999925e-01 3.515073825682754616e-02
8.700000000000000000e+01 1.176200000000000162e-01 3.833126139328054544e-02
8.800000000000000000e+01 1.245799999999999963e-01 3.563107632390579566e-02
8.900000000000000000e+01 1.625000000000000056e-01 4.820070538902931911e-02
9.000000000000000000e+01 2.083400000000000252e-01 5.189992678222195982e-02
9.100000000000000000e+01 2.710200000000000387e-01 7.767546330727613524e-02
9.200000000000000000e+01 3.115800000000000236e-01 6.993252176205289050e-02
9.300000000000000000e+01 2.878200000000000203e-01 8.026140791189749490e-02
9.400000000000000000e+01 2.621200000000000196e-01 7.478324411256841164e-02
9.500000000000000000e+01 1.900600000000000067e-01 5.608506396537316779e-02
9.600000000000000000e+01 1.353000000000000036e-01 4.425742875495592560e-02
9.700000000000000000e+01 1.204600000000000115e-01 4.212118706779285904e-02
9.800000000000000000e+01 9.913999999999999202e-02 3.192726734313477283e-02
9.900000000000000000e+01 1.173200000000000076e-01 4.332433034681551498e-02
1.000000000000000000e+02 1.169999999999999929e-01 4.523007848766127936e-02
1.010000000000000000e+02 1.403200000000000003e-01 6.163159579306704688e-02
1.020000000000000000e+02 1.523800000000000154e-01 6.504888623181799556e-02
1.030000000000000000e+02 1.693399999999999905e-01 7.499046872769898897e-02
1.040000000000000000e+02 1.619799999999999851e-01 6.809973274543741628e-02
1.050000000000000000e+02 1.891200000000000103e-01 8.065071357402860130e-02
1.060000000000000000e+02 1.852999999999999925e-01 7.225261240951776076e-02
1.070000000000000000e+02 2.096399999999999930e-01 7.817423104834482495e-02
1.080000000000000000e+02 1.990800000000000070e-01 6.679411351309334777e-02
1.090000000000000000e+02 1.635199999999999987e-01 5.142740125652860150e-02
1.100000000000000000e+02 1.299599999999999922e-01 4.357791183615846581e-02
1.110000000000000000e+02 1.061999999999999889e-01 3.128507631443465387e-02
1.120000000000000000e+02 9.128000000000000003e-02 1.997432351795674910e-02
1.130000000000000000e+02 8.784000000000000141e-02 1.177736812704774198e-02
1.140000000000000000e+02 9.264000000000001400e-02 1.330392423309754296e-02
1.150000000000000000e+02 9.926000000000000101e-02 1.558802104181284884e-02
1.160000000000000000e+02 7.495999999999999885e-02 6.838888798628031326e-03
1.170000000000000000e+02 6.747999999999999832e-02 1.034783069053605946e-02
1.180000000000000000e+02 8.917999999999999539e-02 7.975311906126306485e-03
1.190000000000000000e+02 9.786000000000000254e-02 7.129263636589684011e-03
1.200000000000000000e+02 8.957999999999999297e-02 6.210120771772477920e-03
