# Residue RMSF_average RMSF_std
4.000000000000000000e+02 6.178000000000000158e-02 8.300939705840537294e-03
4.010000000000000000e+02 6.800000000000000488e-02 4.050678955434506082e-03
4.020000000000000000e+02 7.726000000000000922e-02 5.892232174651639356e-03
4.030000000000000000e+02 6.733999999999999708e-02 7.508821478767492390e-03
4.040000000000000000e+02 6.298000000000000820e-02 9.345672795470638325e-03
4.050000000000000000e+02 6.147999999999999993e-02 5.578315157823193239e-03
4.060000000000000000e+02 6.840000000000000246e-02 3.889472972010477037e-03
4.070000000000000000e+02 6.383999999999998010e-02 8.819206313495562416e-03
4.080000000000000000e+02 5.710000000000000492e-02 9.546936681470137923e-03
4.090000000000000000e+02 6.235999999999999183e-02 7.630098295566052624e-03
4.100000000000000000e+02 7.030000000000000138e-02 9.754588663803308995e-03
4.110000000000000000e+02 6.520000000000000795e-02 1.070980858839223199e-02
4.120000000000000000e+02 6.675999999999999990e-02 1.083376204279935286e-02
4.130000000000000000e+02 7.631999999999998507e-02 1.264838329589991310e-02
4.140000000000000000e+02 8.684000000000000052e-02 1.297483718587636066e-02
4.150000000000000000e+02 7.624000000000000221e-02 6.605936723887081974e-03
4.160000000000000000e+02 7.403999999999999471e-02 5.760069444025827864e-03
4.170000000000000000e+02 9.048000000000001875e-02 6.817741561543677435e-03
4.180000000000000000e+02 9.329999999999999405e-02 5.635601121442145034e-03
4.190000000000000000e+02 9.117999999999999716e-02 1.136862348747639910e-02
4.200000000000000000e+02 8.948000000000000398e-02 8.078465200766786827e-03
4.210000000000000000e+02 7.682000000000001327e-02 8.461772863886147730e-03
4.220000000000000000e+02 6.333999999999999353e-02 7.824730027291677825e-03
4.230000000000000000e+02 7.114000000000000878e-02 8.222067866419009025e-03
4.240000000000000000e+02 8.623999999999999722e-02 1.211587388511451910e-02
4.250000000000000000e+02 7.430000000000000493e-02 8.933756208896677029e-03
4.260000000000000000e+02 5.451999999999999902e-02 6.047941798661755908e-03
4.270000000000000000e+02 5.752000000000000168e-02 7.424122843811247451e-03
4.280000000000000000e+02 6.506000000000000671e-02 5.197537878649851131e-03
4.290000000000000000e+02 8.805999999999999939e-02 4.442341724811365265e-03
4.300000000000000000e+02 1.057799999999999851e-01 1.270518004594976477e-02
4.310000000000000000e+02 9.328000000000000180e-02 9.130476438828371427e-03
4.320000000000000000e+02 6.790000000000000202e-02 8.112213014954674714e-03
4.330000000000000000e+02 5.869999999999999524e-02 7.548509786706245409e-03
4.340000000000000000e+02 6.326000000000001067e-02 5.799172354741666605e-03
4.350000000000000000e+02 6.502000000000000834e-02 5.299962264016602059e-03
4.360000000000000000e+02 5.503999999999999865e-02 5.052761621133534595e-03
4.370000000000000000e+02 5.620000000000000689e-02 5.865151319446071897e-03
4.380000000000000000e+02 7.054000000000000548e-02 7.648686161688161150e-03
4.390000000000000000e+02 6.755999999999999506e-02 5.261406656018902117e-03
4.400000000000000000e+02 5.875999999999999973e-02 4.010286772788199811e-03
4.410000000000000000e+02 6.645999999999999130e-02 8.145084407174672803e-03
4.420000000000000000e+02 1.106200000000000100e-01 9.245625992868199486e-03
4.430000000000000000e+02 1.168199999999999933e-01 3.151126782596978294e-03
4.440000000000000000e+02 8.752000000000001445e-02 5.936463593756809674e-03
4.450000000000000000e+02 7.264000000000001012e-02 5.106309822170994328e-03
4.460000000000000000e+02 7.073999999999999733e-02 8.492490800701520820e-03
4.470000000000000000e+02 7.286000000000000809e-02 8.072075321749671781e-03
4.480000000000000000e+02 6.936000000000000498e-02 5.126636324140810066e-03
4.490000000000000000e+02 7.539999999999999480e-02 5.996665740225976850e-03
4.500000000000000000e+02 6.738000000000000933e-02 4.226771817829770746e-03
