# x average std
1.000000000000000000e+00 2.678200000000000025e-01 4.719539808074511844e-02
2.000000000000000000e+00 2.233400000000000107e-01 3.800171575073946900e-02
3.000000000000000000e+00 1.893600000000000005e-01 3.120721711399463902e-02
4.000000000000000000e+00 1.458199999999999774e-01 2.331981131999141810e-02
5.000000000000000000e+00 1.445000000000000173e-01 2.785512520165723399e-02
6.000000000000000000e+00 1.213400000000000034e-01 3.192576389062601327e-02
7.000000000000000000e+00 1.304400000000000004e-01 3.881430664072205161e-02
8.000000000000000000e+00 1.243400000000000061e-01 4.417608402744634122e-02
9.000000000000000000e+00 1.424199999999999910e-01 5.216249227174637321e-02
1.000000000000000000e+01 1.562399999999999900e-01 6.296095933195428040e-02
1.100000000000000000e+01 1.770400000000000307e-01 6.955761928070856859e-02
1.200000000000000000e+01 2.137800000000000256e-01 7.678526942063823579e-02
1.300000000000000000e+01 2.257000000000000117e-01 8.391109580979144722e-02
1.400000000000000000e+01 2.506000000000000449e-01 9.078374303805719636e-02
1.500000000000000000e+01 2.345600000000000185e-01 8.856079493771494560e-02
1.600000000000000000e+01 1.959200000000000108e-01 7.908394021544448704e-02
1.700000000000000000e+01 1.957800000000000096e-01 8.004742094533714991e-02
1.800000000000000000e+01 1.949799999999999867e-01 7.950080251167279677e-02
1.900000000000000000e+01 2.149800000000000044e-01 8.618281499231733589e-02
2.000000000000000000e+01 1.963199999999999945e-01 7.567436554078270372e-02
2.100000000000000000e+01 1.833400000000000030e-01 6.485003006938393211e-02
2.200000000000000000e+01 1.482399999999999829e-01 5.219059685422269834e-02
2.300000000000000000e+01 1.379200000000000148e-01 4.342489608508004473e-02
2.400000000000000000e+01 1.111800000000000149e-01 3.264594308639283404e-02
2.500000000000000000e+01 1.082800000000000012e-01 2.259366282832422912e-02
2.600000000000000000e+01 9.902000000000001079e-02 1.334547114192676312e-02
2.700000000000000000e+01 1.090200000000000058e-01 1.362371461826767001e-02
2.800000000000000000e+01 1.401399999999999868e-01 1.838875743491115086e-02
2.900000000000000000e+01 1.713600000000000123e-01 2.498756490736941949e-02
3.000000000000000000e+01 2.125599999999999989e-01 2.945549863777559979e-02
3.100000000000000000e+01 2.043999999999999984e-01 3.093030876017891298e-02
3.200000000000000000e+01 1.691799999999999971e-01 2.787037136458716396e-02
3.300000000000000000e+01 1.512000000000000011e-01 2.512496766167073362e-02
3.400000000000000000e+01 1.574399999999999966e-01 3.497533988398111859e-02
3.500000000000000000e+01 1.498599999999999932e-01 3.416937810379346019e-02
3.600000000000000000e+01 1.497400000000000120e-01 4.304930196878922755e-02
3.700000000000000000e+01 1.617799999999999794e-01 5.254713693437541855e-02
3.800000000000000000e+01 1.520799999999999930e-01 5.173731342077977219e-02
3.900000000000000000e+01 1.875399999999999845e-01 5.441792351789986187e-02
4.000000000000000000e+01 2.130199999999999871e-01 5.472704632994549595e-02
4.100000000000000000e+01 2.698400000000000243e-01 7.671251788332852928e-02
4.200000000000000000e+01 3.043199999999999794e-01 1.032559809405731166e-01
4.300000000000000000e+01 3.041399999999999659e-01 9.729987872551537631e-02
4.400000000000000000e+01 2.760200000000000431e-01 9.882035013093204423e-02
4.500000000000000000e+01 2.181400000000000006e-01 7.516828054438921825e-02
4.600000000000000000e+01 1.894399999999999973e-01 7.290027709138009737e-02
4.700000000000000000e+01 2.158000000000000473e-01 8.207623285702141114e-02
4.800000000000000000e+01 2.194799999999999807e-01 8.356773061415512238e-02
4.900000000000000000e+01 2.135800000000000198e-01 7.506046629218340871e-02
5.000000000000000000e+01 2.019400000000000084e-01 6.634999924642050184e-02
5.100000000000000000e+01 1.771600000000000119e-01 5.645832445264383631e-02
5.200000000000000000e+01 1.725599999999999912e-01 5.447155588011048932e-02
5.300000000000000000e+01 1.583600000000000008e-01 4.613803636913907380e-02
5.400000000000000000e+01 1.504800000000000026e-01 4.771810557849084922e-02
5.500000000000000000e+01 1.604800000000000115e-01 4.226962975943839018e-02
5.600000000000000000e+01 1.484199999999999964e-01 3.848991556239114709e-02
5.700000000000000000e+01 1.745200000000000085e-01 3.932395707453662653e-02
5.800000000000000000e+01 1.746199999999999974e-01 3.876603668161087562e-02
5.900000000000000000e+01 2.291999999999999871e-01 5.412877238585777490e-02
6.000000000000000000e+01 2.271599999999999731e-01 5.038903055229381617e-02
6.100000000000000000e+01 2.126399999999999957e-01 3.742184388829604413e-02
6.200000000000000000e+01 1.765200000000000102e-01 2.306802115483683538e-02
6.300000000000000000e+01 1.855600000000000027e-01 2.929058551821727904e-02
6.400000000000000000e+01 1.629400000000000015e-01 2.437035904536492825e-02
6.500000000000000000e+01 1.192600000000000049e-01 1.644270050812821765e-02
6.600000000000000000e+01 1.161599999999999994e-01 1.725138834992708675e-02
6.700000000000000000e+01 8.640000000000000457e-02 1.601923843383324178e-02
6.800000000000000000e+01 7.588000000000000300e-02 1.159748248543622517e-02
6.900000000000000000e+01 8.618000000000000660e-02 1.498311049148339999e-02
7.000000000000000000e+01 1.032799999999999968e-01 2.622856458138721897e-02
7.100000000000000000e+01 1.339400000000000035e-01 3.508701184199075618e-02
7.200000000000000000e+01 1.559999999999999720e-01 4.524705515279420220e-02
7.300000000000000000e+01 1.894999999999999740e-01 5.234955587204154909e-02
7.400000000000000000e+01 2.141200000000000048e-01 6.219805141642300444e-02
7.500000000000000000e+01 2.430599999999999983e-01 7.367763839863490649e-02
7.600000000000000000e+01 2.554799999999999849e-01 7.951810862941849356e-02
7.700000000000000000e+01 2.737399999999999833e-01 7.506073807257693242e-02
7.800000000000000000e+01 2.615999999999999992e-01 7.332598448026457494e-02
7.900000000000000000e+01 2.262000000000000122e-01 7.476905777124652486e-02
8.000000000000000000e+01 1.942599999999999882e-01 6.976212726114364160e-02
8.100000000000000000e+01 1.637200000000000044e-01 6.664924305646688363e-02
8.200000000000000000e+01 1.532000000000000028e-01 6.311605184103327715e-02
8.300000000000000000e+01 1.273600000000000010e-01 5.188258281928531668e-02
8.400000000000000000e+01 1.331999999999999851e-01 5.213417305376579630e-02
8.500000000000000000e+01 1.131599999999999967e-01 4.152009633900191621e-02
8.600000000000000000e+01 1.001999999999999974e-01 3.347829147372966690e-02
8.700000000000000000e+01 1.126999999999999946e-01 2.863103211552109340e-02
8.800000000000000000e+01 1.168000000000000149e-01 2.425349459356321638e-02
8.900000000000000000e+01 1.494800000000000018e-01 2.368589453662242605e-02
9.000000000000000000e+01 2.028000000000000080e-01 9.920282254049030829e-03
9.100000000000000000e+01 2.674600000000000311e-01 1.472040760305229519e-02
9.200000000000000000e+01 3.169200000000000350e-01 4.727536356285380603e-03
9.300000000000000000e+01 3.359400000000000164e-01 4.435252416717676976e-02
9.400000000000000000e+01 2.701600000000000112e-01 1.611987593004363464e-02
9.500000000000000000e+01 1.738600000000000145e-01 2.591915122067079205e-02
9.600000000000000000e+01 1.321399999999999797e-01 2.636835982764191427e-02
9.700000000000000000e+01 1.197999999999999898e-01 3.231092694430166834e-02
9.800000000000000000e+01 9.693999999999999839e-02 2.951844169328726036e-02
9.900000000000000000e+01 1.158000000000000140e-01 3.880422657391846553e-02
1.000000000000000000e+02 1.101199999999999957e-01 3.841642357117591722e-02
1.010000000000000000e+02 1.347200000000000064e-01 5.142456222468014954e-02
1.020000000000000000e+02 1.452400000000000080e-01 4.821027276421489816e-02
1.030000000000000000e+02 1.585600000000000065e-01 5.521005705485188680e-02
1.040000000000000000e+02 1.476000000000000090e-01 4.666463328903378699e-02
1.050000000000000000e+02 1.745199999999999807e-01 5.386079836021741285e-02
1.060000000000000000e+02 1.735200000000000076e-01 4.337014641432514889e-02
1.070000000000000000e+02 1.899000000000000132e-01 4.086059226198270056e-02
1.080000000000000000e+02 1.783799999999999830e-01 2.973620016074683334e-02
1.090000000000000000e+02 1.507600000000000051e-01 2.242789334734763412e-02
1.100000000000000000e+02 1.120400000000000007e-01 2.177949494363906960e-02
1.110000000000000000e+02 8.906000000000000028e-02 1.579159269991472353e-02
1.120000000000000000e+02 8.631999999999998008e-02 2.226022461701588490e-02
1.130000000000000000e+02 1.011000000000000093e-01 3.313167668561312063e-02
1.140000000000000000e+02 1.081599999999999923e-01 3.267081878374032688e-02
1.150000000000000000e+02 9.811999999999999889e-02 1.720934629786965639e-02
1.160000000000000000e+02 7.498000000000000498e-02 1.301774173964132843e-02
1.170000000000000000e+02 6.670000000000000928e-02 1.100708862506339682e-02
1.180000000000000000e+02 8.654000000000000581e-02 1.529569874180320040e-02
1.190000000000000000e+02 9.070000000000000284e-02 1.856308164071903202e-02
1.200000000000000000e+02 9.204000000000001069e-02 1.389440175034535249e-02
1.210000000000000000e+02 1.146199999999999858e-01 1.900204199553300402e-02
1.220000000000000000e+02 1.188599999999999934e-01 2.006365868928196988e-02
1.230000000000000000e+02 1.137600000000000000e-01 1.792892634822286849e-02
1.240000000000000000e+02 1.520999999999999852e-01 1.540792004132939159e-02
1.250000000000000000e+02 1.302800000000000069e-01 9.353373722887374855e-03
1.260000000000000000e+02 1.267800000000000038e-01 8.169798039119449684e-03
1.270000000000000000e+02 1.034199999999999980e-01 6.482098425664331413e-03
1.280000000000000000e+02 9.356000000000000427e-02 8.274200867757560904e-03
1.290000000000000000e+02 1.046200000000000047e-01 1.014285955734377589e-02
1.300000000000000000e+02 9.779999999999999805e-02 8.095430810031051597e-03
1.310000000000000000e+02 8.018000000000000127e-02 7.069483715236917105e-03
1.320000000000000000e+02 8.361999999999999988e-02 1.144227250156191512e-02
1.330000000000000000e+02 9.124000000000000166e-02 8.925379543750507072e-03
1.340000000000000000e+02 8.369999999999999662e-02 5.702630971753298687e-03
1.350000000000000000e+02 7.294000000000000483e-02 7.036362696734728070e-03
1.360000000000000000e+02 7.939999999999999836e-02 5.731317475066264634e-03
1.370000000000000000e+02 8.839999999999999247e-02 3.668787265568830992e-03
1.380000000000000000e+02 8.508000000000000285e-02 4.413796551722790930e-03
1.390000000000000000e+02 7.756000000000000394e-02 5.389471217104696912e-03
1.400000000000000000e+02 8.595999999999999475e-02 5.392810028176407006e-03
1.410000000000000000e+02 9.759999999999999232e-02 6.199032182526560859e-03
1.420000000000000000e+02 9.084000000000000408e-02 5.806065793633416808e-03
1.430000000000000000e+02 7.630000000000000671e-02 4.067923303111798880e-03
1.440000000000000000e+02 7.987999999999999268e-02 4.150373477170457397e-03
1.450000000000000000e+02 7.903999999999999915e-02 4.470167782086039744e-03
1.460000000000000000e+02 7.534000000000000419e-02 4.422487987547281917e-03
1.470000000000000000e+02 7.040000000000000424e-02 9.499894736258923666e-03
1.480000000000000000e+02 6.779999999999999916e-02 9.804284777585766525e-03
1.490000000000000000e+02 7.474000000000000088e-02 1.324969433609696559e-02
1.500000000000000000e+02 8.381999999999999174e-02 1.339050409805396351e-02
1.510000000000000000e+02 9.319999999999999118e-02 3.238549057834387568e-02
1.520000000000000000e+02 7.226000000000000478e-02 1.927522762511509405e-02
1.530000000000000000e+02 6.471999999999998587e-02 1.367865490463152089e-02
1.540000000000000000e+02 6.254000000000001225e-02 6.214692269131274517e-03
1.550000000000000000e+02 6.374000000000000499e-02 5.201768929892982771e-03
1.560000000000000000e+02 6.488000000000000711e-02 4.905262480234875815e-03
1.570000000000000000e+02 8.025999999999999801e-02 2.485638750904885664e-03
1.580000000000000000e+02 9.823999999999999400e-02 5.646095996350043549e-03
1.590000000000000000e+02 1.420600000000000196e-01 1.617956736133571369e-02
1.600000000000000000e+02 1.071599999999999914e-01 3.552238730716168660e-03
1.610000000000000000e+02 1.020199999999999996e-01 1.159299788665555178e-02
1.620000000000000000e+02 1.317599999999999882e-01 2.152334546486675201e-02
1.630000000000000000e+02 1.241000000000000159e-01 2.054896591072163936e-02
1.640000000000000000e+02 8.972000000000000808e-02 9.920362896588010709e-03
1.650000000000000000e+02 1.043399999999999883e-01 1.227853411446170988e-02
1.660000000000000000e+02 1.224400000000000210e-01 1.936828335191325551e-02
1.670000000000000000e+02 1.002399999999999958e-01 1.407090615418921629e-02
1.680000000000000000e+02 9.025999999999999301e-02 6.466096194768526997e-03
1.690000000000000000e+02 1.032200000000000062e-01 1.595949873899553048e-02
1.700000000000000000e+02 1.178599999999999925e-01 1.706535672056110411e-02
1.710000000000000000e+02 1.553399999999999781e-01 1.320206044524868672e-02
1.720000000000000000e+02 2.160200000000000176e-01 3.395157728294813382e-02
1.730000000000000000e+02 2.705400000000000027e-01 7.612475550042836769e-02
1.740000000000000000e+02 2.849199999999999511e-01 1.018697678411019103e-01
1.750000000000000000e+02 2.096999999999999975e-01 9.086356805672998749e-02
1.760000000000000000e+02 1.713600000000000123e-01 6.392500606179088440e-02
1.770000000000000000e+02 1.253599999999999715e-01 4.339343729183020582e-02
1.780000000000000000e+02 1.105800000000000116e-01 2.540829785719617845e-02
1.790000000000000000e+02 1.223599999999999965e-01 2.838088088837272330e-02
1.800000000000000000e+02 1.320999999999999952e-01 2.773568099037771600e-02
1.810000000000000000e+02 1.141000000000000070e-01 2.004045907657805645e-02
1.820000000000000000e+02 9.678000000000000491e-02 1.639821941553411613e-02
1.830000000000000000e+02 1.185200000000000004e-01 1.619634526675694727e-02
1.840000000000000000e+02 1.154399999999999871e-01 1.813555623630000099e-02
1.850000000000000000e+02 9.269999999999999074e-02 1.624672274644950801e-02
1.860000000000000000e+02 9.621999999999999997e-02 1.574476420909504126e-02
1.870000000000000000e+02 1.117399999999999921e-01 1.788324355367336069e-02
1.880000000000000000e+02 1.078199999999999992e-01 1.540407738230369084e-02
1.890000000000000000e+02 9.756000000000000782e-02 1.095017808074370824e-02
1.900000000000000000e+02 1.122800000000000048e-01 1.381208166787323971e-02
1.910000000000000000e+02 1.044199999999999989e-01 1.726191182922679618e-02
1.920000000000000000e+02 1.202999999999999903e-01 2.711774326893739984e-02
1.930000000000000000e+02 1.362200000000000077e-01 3.172667016880278273e-02
1.940000000000000000e+02 1.222399999999999876e-01 3.090466631432864722e-02
1.950000000000000000e+02 1.350199999999999734e-01 3.155309176610114619e-02
1.960000000000000000e+02 1.653600000000000070e-01 3.672811457180998052e-02
1.970000000000000000e+02 1.461999999999999689e-01 2.736062864774857148e-02
1.980000000000000000e+02 1.664199999999999846e-01 3.075063576578539182e-02
1.990000000000000000e+02 1.238399999999999918e-01 1.881888413270032742e-02
2.000000000000000000e+02 1.069400000000000073e-01 1.407474333691382563e-02
2.010000000000000000e+02 9.315999999999999281e-02 1.209026054309831830e-02
2.020000000000000000e+02 1.016399999999999942e-01 2.432106905545066908e-02
2.030000000000000000e+02 1.402599999999999958e-01 3.065984996701712553e-02
2.040000000000000000e+02 1.325800000000000034e-01 2.714364750728980730e-02
2.050000000000000000e+02 1.339599999999999957e-01 4.205432676907335660e-02
2.060000000000000000e+02 1.315599999999999825e-01 5.088970819330761175e-02
2.070000000000000000e+02 1.401800000000000268e-01 6.487290343433073370e-02
2.080000000000000000e+02 1.174600000000000088e-01 3.439404599636395471e-02
2.090000000000000000e+02 1.058400000000000035e-01 2.008955947749975143e-02
2.100000000000000000e+02 1.276799999999999879e-01 3.948085105465685973e-02
2.110000000000000000e+02 1.238599999999999979e-01 3.310103321650247066e-02
2.120000000000000000e+02 1.123600000000000154e-01 3.083261909082652200e-02
2.130000000000000000e+02 1.471800000000000053e-01 5.861994199928895199e-02
2.140000000000000000e+02 1.502799999999999969e-01 3.621554362425062623e-02
2.150000000000000000e+02 1.435599999999999932e-01 5.075330925171283453e-02
2.160000000000000000e+02 1.364799999999999902e-01 3.558912193353469533e-02
2.170000000000000000e+02 1.113200000000000023e-01 3.075720403417710191e-02
2.180000000000000000e+02 1.127400000000000208e-01 2.539673994826895445e-02
2.190000000000000000e+02 8.940000000000000724e-02 1.512335941515640519e-02
2.200000000000000000e+02 7.572000000000000952e-02 1.269273808128096662e-02
2.210000000000000000e+02 8.002000000000000779e-02 9.933659949887551494e-03
2.220000000000000000e+02 8.020000000000000739e-02 1.168383498685256032e-02
2.230000000000000000e+02 7.552000000000000379e-02 1.697567671699717895e-02
2.240000000000000000e+02 7.770000000000000517e-02 1.251415198884846779e-02
2.250000000000000000e+02 8.491999999999999549e-02 1.375767422204785505e-02
2.260000000000000000e+02 7.836000000000001298e-02 1.093006861826584936e-02
2.270000000000000000e+02 7.686000000000001164e-02 1.288186321927073039e-02
2.280000000000000000e+02 8.519999999999999796e-02 1.039557598211854859e-02
2.290000000000000000e+02 7.293999999999999095e-02 7.257988702113003093e-03
2.300000000000000000e+02 5.969999999999999613e-02 8.555466088998309876e-03
2.310000000000000000e+02 6.264000000000000123e-02 8.534307236091279864e-03
2.320000000000000000e+02 6.191999999999999588e-02 9.038893737620774457e-03
2.330000000000000000e+02 5.408000000000000307e-02 6.837367914629137629e-03
2.340000000000000000e+02 5.669999999999999346e-02 6.845144264367262511e-03
2.350000000000000000e+02 5.906000000000000139e-02 6.474133146607350363e-03
2.360000000000000000e+02 5.881999999999999729e-02 5.184746859780135601e-03
2.370000000000000000e+02 5.251999999999999724e-02 5.126558299678253376e-03
2.380000000000000000e+02 6.318000000000000005e-02 4.359082472264090048e-03
2.390000000000000000e+02 7.302000000000000157e-02 7.947175598915629663e-03
2.400000000000000000e+02 7.717999999999999861e-02 1.593416455293467787e-02
2.410000000000000000e+02 9.538000000000000644e-02 2.047353413556144905e-02
2.420000000000000000e+02 7.180000000000000271e-02 1.082903504473044058e-02
2.430000000000000000e+02 6.100000000000001255e-02 4.438468204234429816e-03
2.440000000000000000e+02 5.969999999999999613e-02 5.421807816586641897e-03
2.450000000000000000e+02 5.904000000000000220e-02 3.992292574448922174e-03
2.460000000000000000e+02 5.450000000000000677e-02 5.104115986142947897e-03
2.470000000000000000e+02 5.263999999999999929e-02 4.742404453439205865e-03
2.480000000000000000e+02 6.091999999999999499e-02 3.257852053117207131e-03
2.490000000000000000e+02 7.372000000000000774e-02 4.326846426671510266e-03
2.500000000000000000e+02 1.017799999999999816e-01 7.400108107318435248e-03
2.510000000000000000e+02 9.769999999999998130e-02 4.661330282226309150e-03
2.520000000000000000e+02 1.091000000000000025e-01 5.215745392558958360e-03
2.530000000000000000e+02 1.124000000000000138e-01 6.302063154237662682e-03
2.540000000000000000e+02 1.258799999999999919e-01 7.948433807990101449e-03
2.550000000000000000e+02 9.904000000000000303e-02 6.377021248200449854e-03
2.560000000000000000e+02 8.521999999999999020e-02 6.023420954905939727e-03
2.570000000000000000e+02 1.087600000000000094e-01 6.677005316756908643e-03
2.580000000000000000e+02 1.351799999999999946e-01 8.899434588781468536e-02
2.590000000000000000e+02 1.262399999999999911e-01 5.150171259288374020e-02
2.600000000000000000e+02 1.231799999999999978e-01 5.307030808276884393e-02
2.610000000000000000e+02 1.167399999999999965e-01 2.345247108515433748e-02
2.620000000000000000e+02 1.018000000000000016e-01 1.145285990484472965e-02
2.630000000000000000e+02 1.041399999999999826e-01 2.865921143367346907e-02
2.640000000000000000e+02 1.231399999999999995e-01 4.138282735628390913e-02
2.650000000000000000e+02 1.300999999999999934e-01 4.275553765303390097e-02
2.660000000000000000e+02 1.030599999999999988e-01 2.096612505924735567e-02
2.670000000000000000e+02 9.388000000000000511e-02 1.211468530338283278e-02
2.680000000000000000e+02 1.041600000000000026e-01 1.257419579933444914e-02
2.690000000000000000e+02 1.067799999999999860e-01 1.219547457051180228e-02
2.700000000000000000e+02 1.251599999999999935e-01 1.294567109114085936e-02
2.710000000000000000e+02 1.110200000000000076e-01 1.059932073295265405e-02
2.720000000000000000e+02 1.048199999999999965e-01 1.053421093390482718e-02
2.730000000000000000e+02 9.052000000000001712e-02 9.789872317859923956e-03
2.740000000000000000e+02 1.024400000000000033e-01 9.028532549645040123e-03
2.750000000000000000e+02 1.012200000000000044e-01 8.751548434420048164e-03
2.760000000000000000e+02 8.292000000000000759e-02 8.073512246847710377e-03
2.770000000000000000e+02 8.361999999999999988e-02 6.459535587021718317e-03
2.780000000000000000e+02 1.023000000000000159e-01 5.916755867872194354e-03
2.790000000000000000e+02 9.965999999999999859e-02 5.283029433951700812e-03
2.800000000000000000e+02 8.721999999999999198e-02 5.658056203326367745e-03
2.810000000000000000e+02 6.991999999999999604e-02 6.846721843334954011e-03
2.820000000000000000e+02 6.014000000000000595e-02 5.557913277481037542e-03
2.830000000000000000e+02 5.350000000000000588e-02 3.896151947755631829e-03
2.840000000000000000e+02 5.278000000000000747e-02 2.886797533600165763e-03
2.850000000000000000e+02 5.256000000000000949e-02 2.296606191753387122e-03
2.860000000000000000e+02 5.794000000000000539e-02 1.871470010446333763e-03
2.870000000000000000e+02 5.788000000000000089e-02 3.470100863087410403e-03
2.880000000000000000e+02 6.814000000000000612e-02 4.569726468838149376e-03
2.890000000000000000e+02 6.485999999999998711e-02 6.048007936502728873e-03
2.900000000000000000e+02 5.916000000000000425e-02 4.649559118884282784e-03
2.910000000000000000e+02 6.458000000000001239e-02 4.988145948145464303e-03
2.920000000000000000e+02 8.437999999999999667e-02 6.801293994527807252e-03
2.930000000000000000e+02 7.055999999999999772e-02 8.912149011321566366e-03
2.940000000000000000e+02 8.731999999999999484e-02 5.573293460782410488e-03
2.950000000000000000e+02 7.831999999999998685e-02 8.524177379665440549e-03
2.960000000000000000e+02 8.276000000000000023e-02 2.401154722211794670e-02
2.970000000000000000e+02 1.114200000000000051e-01 4.028535217669072799e-02
2.980000000000000000e+02 1.412800000000000167e-01 6.354643656413788699e-02
2.990000000000000000e+02 1.345000000000000084e-01 2.700014814774170935e-02
3.000000000000000000e+02 1.629400000000000015e-01 3.463527681425399019e-02
3.010000000000000000e+02 1.604200000000000070e-01 2.828769343725288585e-02
3.020000000000000000e+02 1.233800000000000036e-01 2.082694408692739932e-02
3.030000000000000000e+02 9.447999999999998066e-02 9.487338931439100870e-03
3.040000000000000000e+02 7.123999999999999777e-02 8.526335672491438741e-03
3.050000000000000000e+02 6.447999999999999565e-02 8.509853112715872608e-03
3.060000000000000000e+02 6.532000000000000306e-02 4.709309928216661584e-03
3.070000000000000000e+02 6.647999999999999743e-02 3.864401635441118942e-03
3.080000000000000000e+02 5.251999999999999724e-02 4.637844326839786480e-03
3.090000000000000000e+02 4.951999999999999458e-02 4.309245873699945467e-03
3.100000000000000000e+02 5.401999999999999857e-02 3.726875366845527632e-03
3.110000000000000000e+02 5.247999999999999193e-02 3.643295211755424347e-03
3.120000000000000000e+02 5.296000000000000707e-02 3.989786961731164698e-03
3.130000000000000000e+02 5.489999999999999047e-02 5.288478041932289340e-03
3.140000000000000000e+02 6.149999999999999911e-02 6.907387349787181066e-03
3.150000000000000000e+02 6.866000000000001269e-02 8.902269373592331531e-03
3.160000000000000000e+02 8.287999999999999534e-02 1.044593700919165848e-02
3.170000000000000000e+02 1.040999999999999981e-01 1.104409344400888136e-02
3.180000000000000000e+02 1.092800000000000021e-01 1.538354965539488056e-02
3.190000000000000000e+02 8.930000000000000437e-02 1.418774118737722162e-02
3.200000000000000000e+02 7.593999999999999362e-02 1.170189728206498872e-02
3.210000000000000000e+02 6.616000000000001047e-02 9.464375309548963416e-03
3.220000000000000000e+02 6.719999999999999585e-02 8.190238091777308702e-03
3.230000000000000000e+02 5.795999999999999763e-02 6.414545969903094266e-03
3.240000000000000000e+02 6.169999999999999790e-02 7.665507158694719915e-03
3.250000000000000000e+02 5.989999999999999492e-02 6.961896293395931218e-03
3.260000000000000000e+02 5.245999999999999275e-02 6.906981974784646636e-03
3.270000000000000000e+02 5.350000000000000588e-02 7.562274790035074593e-03
3.280000000000000000e+02 5.355999999999999650e-02 5.821546186366640362e-03
3.290000000000000000e+02 6.573999999999999289e-02 4.156248308270331544e-03
3.300000000000000000e+02 7.229999999999998928e-02 4.601304162952064673e-03
3.310000000000000000e+02 9.047999999999999099e-02 6.330371237139255716e-03
3.320000000000000000e+02 9.543999999999999706e-02 7.521063754549619541e-03
3.330000000000000000e+02 1.326600000000000001e-01 7.798871713267248838e-03
3.340000000000000000e+02 1.480400000000000049e-01 8.176698600290953703e-03
3.350000000000000000e+02 1.251400000000000012e-01 5.996532331272804058e-03
3.360000000000000000e+02 8.747999999999998832e-02 4.650763378199325622e-03
3.370000000000000000e+02 7.991999999999999105e-02 7.893389639438813318e-03
3.380000000000000000e+02 6.763999999999999180e-02 7.349721083143224108e-03
3.390000000000000000e+02 6.211999999999999467e-02 8.876801225666822170e-03
3.400000000000000000e+02 6.923999999999999599e-02 8.944406073071590677e-03
3.410000000000000000e+02 7.982000000000000206e-02 8.792132847040015631e-03
3.420000000000000000e+02 9.063999999999999835e-02 1.093957951659934626e-02
3.430000000000000000e+02 8.442000000000000892e-02 1.066478316704094938e-02
3.440000000000000000e+02 9.426000000000001044e-02 1.632637130534522404e-02
3.450000000000000000e+02 1.059600000000000125e-01 4.115631664763016312e-02
3.460000000000000000e+02 7.654000000000001080e-02 1.175731261811133188e-02
3.470000000000000000e+02 6.838000000000001022e-02 1.303248249567211248e-02
3.480000000000000000e+02 5.991999999999999410e-02 1.065821748699096599e-02
3.490000000000000000e+02 5.684000000000000163e-02 1.077433988697219444e-02
3.500000000000000000e+02 5.263999999999999929e-02 1.040549854644168618e-02
3.510000000000000000e+02 5.072000000000000813e-02 8.874773236539623689e-03
3.520000000000000000e+02 4.729999999999999483e-02 7.850859825522296317e-03
3.530000000000000000e+02 4.669999999999999846e-02 8.199512180611719103e-03
3.540000000000000000e+02 4.377999999999999947e-02 7.050787190094449063e-03
3.550000000000000000e+02 4.107999999999999152e-02 6.209154531818323469e-03
3.560000000000000000e+02 4.310000000000000636e-02 5.825461355120295677e-03
3.570000000000000000e+02 4.644000000000000211e-02 4.784391288345886048e-03
3.580000000000000000e+02 4.322000000000000147e-02 4.798082950512630798e-03
3.590000000000000000e+02 4.173999999999999932e-02 4.484462063614764321e-03
3.600000000000000000e+02 4.513999999999999957e-02 5.883400377332823408e-03
3.610000000000000000e+02 5.029999999999999749e-02 4.872371086031933654e-03
3.620000000000000000e+02 4.805999999999999855e-02 1.671645895517350410e-03
3.630000000000000000e+02 4.972000000000000031e-02 3.692370512286110174e-03
3.640000000000000000e+02 5.516000000000000070e-02 7.312345724868320358e-03
3.650000000000000000e+02 5.928000000000001324e-02 5.316540228381612040e-03
3.660000000000000000e+02 5.167999999999998983e-02 2.758550343930666737e-03
3.670000000000000000e+02 5.467999999999999250e-02 3.997699338369507284e-03
3.680000000000000000e+02 5.331999999999999934e-02 5.187446385265104612e-03
3.690000000000000000e+02 5.312000000000001443e-02 4.938582792664308711e-03
3.700000000000000000e+02 4.957999999999999907e-02 3.815966456875636778e-03
3.710000000000000000e+02 4.968000000000000194e-02 3.487348563020335138e-03
3.720000000000000000e+02 5.131999999999999756e-02 5.587987115232104229e-03
3.730000000000000000e+02 5.300000000000000544e-02 6.257155903443670057e-03
3.740000000000000000e+02 5.467999999999999250e-02 6.332582411623239628e-03
3.750000000000000000e+02 6.088000000000000356e-02 7.610886939115573367e-03
3.760000000000000000e+02 5.908000000000000057e-02 6.064124009286088121e-03
3.770000000000000000e+02 5.772000000000000741e-02 6.064783590533136086e-03
3.780000000000000000e+02 6.060000000000000109e-02 4.117766384825636769e-03
3.790000000000000000e+02 5.947999999999999815e-02 5.336065966608733238e-03
3.800000000000000000e+02 6.252000000000000612e-02 6.199161233586363701e-03
3.810000000000000000e+02 6.058000000000000190e-02 5.287872918291436700e-03
3.820000000000000000e+02 5.788000000000000089e-02 6.840292391411349066e-03
3.830000000000000000e+02 5.836000000000000215e-02 8.018877726964041691e-03
3.840000000000000000e+02 6.650000000000000355e-02 7.899620244037048808e-03
3.850000000000000000e+02 6.482000000000000262e-02 8.491972680125628101e-03
3.860000000000000000e+02 6.104000000000000398e-02 8.807405974519398259e-03
3.870000000000000000e+02 6.282000000000000084e-02 9.526678329827242137e-03
3.880000000000000000e+02 6.904000000000000414e-02 1.248128198543723213e-02
3.890000000000000000e+02 6.779999999999999916e-02 1.172023890541485334e-02
3.900000000000000000e+02 6.609999999999999210e-02 1.272682206994346296e-02
3.910000000000000000e+02 6.189999999999999669e-02 1.004031872004071402e-02
3.920000000000000000e+02 6.181999999999999995e-02 8.910533092918740405e-03
3.930000000000000000e+02 5.942000000000000753e-02 7.658302684015562585e-03
3.940000000000000000e+02 5.891999999999999321e-02 8.957097744247294671e-03
3.950000000000000000e+02 6.137999999999999012e-02 9.525208659131830999e-03
3.960000000000000000e+02 6.292000000000000370e-02 8.006347481842143038e-03
3.970000000000000000e+02 6.061999999999999333e-02 8.269800481269183254e-03
3.980000000000000000e+02 6.189999999999999669e-02 8.300120481053272978e-03
3.990000000000000000e+02 6.504000000000000059e-02 9.145403216917228836e-03
4.000000000000000000e+02 6.013999999999999208e-02 6.181132582302374494e-03
4.010000000000000000e+02 6.088000000000000356e-02 4.362751425419515369e-03
4.020000000000000000e+02 6.640000000000000069e-02 6.924160598946274038e-03
4.030000000000000000e+02 6.582000000000000350e-02 6.637288603036633518e-03
4.040000000000000000e+02 6.066000000000000558e-02 7.402594139894475532e-03
4.050000000000000000e+02 6.211999999999999467e-02 6.244485567282542261e-03
4.060000000000000000e+02 6.795999999999999264e-02 6.458668593448652073e-03
4.070000000000000000e+02 6.113999999999999296e-02 7.535675152234203901e-03
4.080000000000000000e+02 5.775999999999999884e-02 6.710767467287179731e-03
4.090000000000000000e+02 6.488000000000000711e-02 6.083222830046585393e-03
4.100000000000000000e+02 6.864000000000000656e-02 7.136273537358277935e-03
4.110000000000000000e+02 6.455999999999999239e-02 8.546016615944528050e-03
4.120000000000000000e+02 6.600000000000000311e-02 6.562926176637979593e-03
4.130000000000000000e+02 7.564000000000001278e-02 6.517852407043288158e-03
4.140000000000000000e+02 8.673999999999999766e-02 1.761506173704764644e-02
4.150000000000000000e+02 7.592000000000000137e-02 1.236388288524280579e-02
4.160000000000000000e+02 7.163999999999999535e-02 7.609888304042310841e-03
4.170000000000000000e+02 8.061999999999999722e-02 8.674883284517435206e-03
4.180000000000000000e+02 8.927999999999999825e-02 1.494100398232996695e-02
4.190000000000000000e+02 8.940000000000000724e-02 1.986876946365828678e-02
4.200000000000000000e+02 7.982000000000000206e-02 1.603837897045708172e-02
4.210000000000000000e+02 8.004000000000000004e-02 2.035441966748254006e-02
4.220000000000000000e+02 7.767999999999999905e-02 2.651832573900546677e-02
4.230000000000000000e+02 7.728000000000001535e-02 2.499651175664316730e-02
4.240000000000000000e+02 8.637999999999999845e-02 2.746688187617953719e-02
4.250000000000000000e+02 7.947999999999999510e-02 2.616642123027143954e-02
4.260000000000000000e+02 6.615999999999999659e-02 1.334684981559319111e-02
4.270000000000000000e+02 6.017999999999999738e-02 8.431939278718745406e-03
4.280000000000000000e+02 8.002000000000000779e-02 2.400011666638310337e-02
4.290000000000000000e+02 1.086800000000000266e-01 7.036810072753137135e-02
4.300000000000000000e+02 1.171600000000000003e-01 3.937565745482860674e-02
4.310000000000000000e+02 1.061800000000000105e-01 1.842947638974043456e-02
4.320000000000000000e+02 8.057999999999999885e-02 1.001606709242704868e-02
4.330000000000000000e+02 7.208000000000000518e-02 8.304552968101293342e-03
4.340000000000000000e+02 7.081999999999999407e-02 8.440236963498121830e-03
4.350000000000000000e+02 6.829999999999999960e-02 8.661408661412992732e-03
4.360000000000000000e+02 5.908000000000000057e-02 5.026091921164990532e-03
4.370000000000000000e+02 5.982000000000000511e-02 3.169479452528441155e-03
4.380000000000000000e+02 7.217999999999999416e-02 6.429432323308178522e-03
4.390000000000000000e+02 6.932000000000000661e-02 6.704446285861346937e-03
4.400000000000000000e+02 5.864000000000000462e-02 3.406229587094798325e-03
4.410000000000000000e+02 6.940000000000000335e-02 6.097868480051042532e-03
4.420000000000000000e+02 1.076000000000000012e-01 1.368897366496115570e-02
4.430000000000000000e+02 1.125599999999999934e-01 1.161836477306509713e-02
4.440000000000000000e+02 8.191999999999999282e-02 8.856726257483628698e-03
4.450000000000000000e+02 7.489999999999999436e-02 4.555436312802542929e-03
4.460000000000000000e+02 6.965999999999998582e-02 6.040728432896150767e-03
4.470000000000000000e+02 7.223999999999999866e-02 6.306060576937077590e-03
4.480000000000000000e+02 7.398000000000000409e-02 4.159999999999999636e-03
4.490000000000000000e+02 8.079999999999999682e-02 4.398181442369105895e-03
4.500000000000000000e+02 7.144000000000000350e-02 3.593104507247180199e-03
4.510000000000000000e+02 6.701999999999999624e-02 2.928071037389632161e-03
4.520000000000000000e+02 6.701999999999999624e-02 3.544799006996025674e-03
4.530000000000000000e+02 5.991999999999999410e-02 3.258465896706605990e-03
4.540000000000000000e+02 5.766000000000000292e-02 3.230232189796888257e-03
4.550000000000000000e+02 5.697999999999999593e-02 4.337003573897535262e-03
4.560000000000000000e+02 6.208000000000000324e-02 4.226298616993362511e-03
4.570000000000000000e+02 6.260000000000001674e-02 3.263740185737830715e-03
4.580000000000000000e+02 5.725999999999999840e-02 5.001839661564534169e-03
4.590000000000000000e+02 6.318000000000000005e-02 4.159519202984881918e-03
4.600000000000000000e+02 6.060000000000000109e-02 4.569463863518343806e-03
4.610000000000000000e+02 7.259999999999999787e-02 8.181442415613518135e-03
4.620000000000000000e+02 8.790000000000000591e-02 1.511727488669833107e-02
4.630000000000000000e+02 9.409999999999998921e-02 1.424289296456306142e-02
4.640000000000000000e+02 1.230000000000000260e-01 2.422156064336069767e-02
4.650000000000000000e+02 1.157799999999999940e-01 2.380205033185166588e-02
4.660000000000000000e+02 8.210000000000000631e-02 1.345986626976657628e-02
4.670000000000000000e+02 1.052799999999999986e-01 3.283835562265564889e-02
4.680000000000000000e+02 7.914000000000001589e-02 1.904275190197047066e-02
4.690000000000000000e+02 6.079999999999999988e-02 7.439623646395023687e-03
4.700000000000000000e+02 6.204000000000000486e-02 7.853305036734535213e-03
4.710000000000000000e+02 5.967999999999999694e-02 7.880710627855841074e-03
4.720000000000000000e+02 5.587999999999999912e-02 6.919942196290369482e-03
4.730000000000000000e+02 5.936000000000000304e-02 6.227551685855366864e-03
4.740000000000000000e+02 5.864000000000000462e-02 6.154543037464278374e-03
4.750000000000000000e+02 5.612000000000000322e-02 5.051098890340596781e-03
4.760000000000000000e+02 5.802000000000000213e-02 5.352532111066687220e-03
4.770000000000000000e+02 6.324000000000000454e-02 5.305695053430793673e-03
4.780000000000000000e+02 5.744000000000000494e-02 5.194458585839337866e-03
4.790000000000000000e+02 5.407999999999999613e-02 4.596259348644287160e-03
4.800000000000000000e+02 5.947999999999999815e-02 5.401259112466277011e-03
4.810000000000000000e+02 6.054000000000000353e-02 5.818109658643431589e-03
4.820000000000000000e+02 5.451999999999999902e-02 5.774911254729377975e-03
4.830000000000000000e+02 5.349999999999999201e-02 5.437646549749255639e-03
4.840000000000000000e+02 6.010000000000000064e-02 5.505270202269822027e-03
4.850000000000000000e+02 6.017999999999999738e-02 6.173621303578637719e-03
4.860000000000000000e+02 5.522000000000000519e-02 5.247246897183322108e-03
4.870000000000000000e+02 5.843999999999999195e-02 5.741289053862380816e-03
4.880000000000000000e+02 6.342000000000000415e-02 6.031716173693853038e-03
4.890000000000000000e+02 6.348000000000000864e-02 6.083222830046584526e-03
4.900000000000000000e+02 6.056000000000000272e-02 6.002865982178847391e-03
4.910000000000000000e+02 6.587999999999999412e-02 6.385107673328619532e-03
4.920000000000000000e+02 7.302000000000000157e-02 7.241381083743628211e-03
4.930000000000000000e+02 7.062000000000000222e-02 7.652555128844222739e-03
4.940000000000000000e+02 6.738000000000000933e-02 6.971771654321445855e-03
4.950000000000000000e+02 8.457999999999998852e-02 5.380111523007677019e-03
4.960000000000000000e+02 7.907999999999999752e-02 6.286302569873648827e-03
4.970000000000000000e+02 7.094000000000000306e-02 5.117264894452897006e-03
4.980000000000000000e+02 8.219999999999999529e-02 6.117188896870851857e-03
4.990000000000000000e+02 7.674000000000000266e-02 6.427005523570054023e-03
5.000000000000000000e+02 6.672000000000000153e-02 6.266226934926631513e-03
5.010000000000000000e+02 7.949999999999998734e-02 6.004331769647644132e-03
5.020000000000000000e+02 9.071999999999999509e-02 8.240728123169697647e-03
5.030000000000000000e+02 7.304000000000002157e-02 6.626492284761221867e-03
5.040000000000000000e+02 7.710000000000000187e-02 7.048687821147990411e-03
5.050000000000000000e+02 7.470000000000000251e-02 5.629209535982828902e-03
5.060000000000000000e+02 6.455999999999997851e-02 4.064283454681770665e-03
5.070000000000000000e+02 6.424000000000000543e-02 4.943116425899758172e-03
5.080000000000000000e+02 6.676000000000001378e-02 4.350907951221216589e-03
5.090000000000000000e+02 6.035999999999999005e-02 4.229231608696786514e-03
5.100000000000000000e+02 5.782000000000000334e-02 3.297514215283990375e-03
5.110000000000000000e+02 6.654000000000000192e-02 2.797570374449942932e-03
5.120000000000000000e+02 6.473999999999999200e-02 3.547731669672890640e-03
5.130000000000000000e+02 5.717999999999999472e-02 3.055748680765483973e-03
5.140000000000000000e+02 6.455999999999999239e-02 2.327745690577042587e-03
5.150000000000000000e+02 8.297999999999999821e-02 6.589203290231682511e-03
5.160000000000000000e+02 9.709999999999999187e-02 1.433359689680158318e-02
5.170000000000000000e+02 1.079799999999999927e-01 1.978912832845348274e-02
5.180000000000000000e+02 9.237999999999998990e-02 1.282067080928295244e-02
5.190000000000000000e+02 7.630000000000000671e-02 3.328062499413135533e-03
5.200000000000000000e+02 8.455999999999999628e-02 2.536611913557136871e-03
5.210000000000000000e+02 1.003599999999999770e-01 1.175697239938922230e-02
5.220000000000000000e+02 1.276800000000000157e-01 2.944835479275540249e-02
5.230000000000000000e+02 1.397799999999999876e-01 4.673176221800329211e-02
5.240000000000000000e+02 1.169199999999999962e-01 4.757681788434363346e-02
5.250000000000000000e+02 1.091599999999999931e-01 5.120080468117664541e-02
5.260000000000000000e+02 7.988000000000000655e-02 1.661293471966949001e-02
5.270000000000000000e+02 7.488000000000001599e-02 5.059802367681961663e-03
5.280000000000000000e+02 8.446000000000000729e-02 4.948777626848872846e-03
5.290000000000000000e+02 7.276000000000000523e-02 3.626348025217658415e-03
5.300000000000000000e+02 6.885999999999999066e-02 3.862952238897082464e-03
5.310000000000000000e+02 7.689999999999999614e-02 4.991993589739476128e-03
5.320000000000000000e+02 6.345999999999998864e-02 3.812925386104479546e-03
5.330000000000000000e+02 5.954000000000000264e-02 4.801083211109759274e-03
5.340000000000000000e+02 6.097999999999999948e-02 4.984536086738665210e-03
5.350000000000000000e+02 6.045999999999999985e-02 4.460762266698369179e-03
5.360000000000000000e+02 5.572000000000000564e-02 4.401090773887764498e-03
5.370000000000000000e+02 5.290000000000000258e-02 4.823276894394513785e-03
5.380000000000000000e+02 5.320000000000000423e-02 4.854276465138755020e-03
5.390000000000000000e+02 5.415999999999999981e-02 4.499155476308860750e-03
5.400000000000000000e+02 5.437999999999999778e-02 4.823028094465135404e-03
5.410000000000000000e+02 4.975999999999999868e-02 5.055531623874980583e-03
5.420000000000000000e+02 5.225999999999999396e-02 6.577111828150712138e-03
5.430000000000000000e+02 5.547999999999999460e-02 9.321244552097105243e-03
5.440000000000000000e+02 5.165999999999999759e-02 8.123693741150022837e-03
5.450000000000000000e+02 4.916000000000000231e-02 5.823607129606184901e-03
5.460000000000000000e+02 5.133999999999999675e-02 5.868764776339225817e-03
5.470000000000000000e+02 5.780000000000000415e-02 9.231034611569821635e-03
5.480000000000000000e+02 5.771999999999999353e-02 1.080525797933579862e-02
5.490000000000000000e+02 5.699999999999999512e-02 9.401914698613254850e-03
5.500000000000000000e+02 5.330000000000000016e-02 6.920404612448609848e-03
5.510000000000000000e+02 5.392000000000000265e-02 9.555814983558440570e-03
5.520000000000000000e+02 6.232000000000000040e-02 1.460210943665332141e-02
5.530000000000000000e+02 6.650000000000000355e-02 1.369437840867558133e-02
5.540000000000000000e+02 6.146000000000000074e-02 1.065881794571987493e-02
5.550000000000000000e+02 5.911999999999999200e-02 1.618782258365836918e-02
5.560000000000000000e+02 7.625999999999999446e-02 2.517487636513832117e-02
5.570000000000000000e+02 9.276000000000000911e-02 3.223089201371875934e-02
5.580000000000000000e+02 8.616000000000000048e-02 2.097547138922031471e-02
5.590000000000000000e+02 6.851999999999999758e-02 7.313931911085856143e-03
5.600000000000000000e+02 6.622000000000000108e-02 5.671825103086306982e-03
5.610000000000000000e+02 6.529999999999999694e-02 4.887944353202070859e-03
5.620000000000000000e+02 6.507999999999999896e-02 9.187905093110178972e-03
5.630000000000000000e+02 6.908000000000000251e-02 1.172167223564965499e-02
5.640000000000000000e+02 6.282000000000000084e-02 1.092124535023364373e-02
5.650000000000000000e+02 6.883999999999998454e-02 1.372801515150679115e-02
5.660000000000000000e+02 6.615999999999999659e-02 1.106898369318520467e-02
5.670000000000000000e+02 5.642000000000000487e-02 7.382790800232659836e-03
5.680000000000000000e+02 5.947999999999999815e-02 8.829813135055578424e-03
5.690000000000000000e+02 5.779999999999999721e-02 4.814561246884287507e-03
5.700000000000000000e+02 7.545999999999999930e-02 4.459865468823021560e-03
5.710000000000000000e+02 6.039999999999999536e-02 6.404685784642367812e-03
5.720000000000000000e+02 5.849999999999999645e-02 7.136946125619834762e-03
5.730000000000000000e+02 6.273999999999999022e-02 8.992129892300266408e-03
5.740000000000000000e+02 6.797999999999999876e-02 7.364346542633640191e-03
5.750000000000000000e+02 7.508000000000000784e-02 6.136252928294268737e-03
5.760000000000000000e+02 6.960000000000000908e-02 7.198055292924610861e-03
5.770000000000000000e+02 7.997999999999999554e-02 7.429508732076436396e-03
5.780000000000000000e+02 8.694000000000000339e-02 6.430116639688582963e-03
5.790000000000000000e+02 8.879999999999999005e-02 9.111092140901663056e-03
5.800000000000000000e+02 9.067999999999998284e-02 1.117092655064923397e-02
5.810000000000000000e+02 1.044999999999999957e-01 1.487911287678133146e-02
5.820000000000000000e+02 1.094799999999999940e-01 1.597440452724294829e-02
5.830000000000000000e+02 9.515999999999999459e-02 1.573004767952087060e-02
5.840000000000000000e+02 9.628000000000000447e-02 1.683916862555868282e-02
5.850000000000000000e+02 9.239999999999999603e-02 1.504526503588421091e-02
5.860000000000000000e+02 9.902000000000001079e-02 1.523881885186643970e-02
5.870000000000000000e+02 8.805999999999999939e-02 1.417753151997906864e-02
5.880000000000000000e+02 6.909999999999999476e-02 1.312356658839356621e-02
5.890000000000000000e+02 8.101999999999999480e-02 1.380339088774928426e-02
5.900000000000000000e+02 8.553999999999999104e-02 1.161113258902851490e-02
5.910000000000000000e+02 6.710000000000000686e-02 9.820997912635963042e-03
5.920000000000000000e+02 6.110000000000000153e-02 9.866914411304071597e-03
5.930000000000000000e+02 6.742000000000000770e-02 9.921370873019514855e-03
5.940000000000000000e+02 7.163999999999999535e-02 1.335074529754799733e-02
5.950000000000000000e+02 8.248000000000001164e-02 2.020003960392157544e-02
5.960000000000000000e+02 8.943999999999999173e-02 2.213102799239113558e-02
5.970000000000000000e+02 8.100000000000000255e-02 1.508761081152347645e-02
5.980000000000000000e+02 7.758000000000001006e-02 1.361402218302878997e-02
5.990000000000000000e+02 8.427999999999999381e-02 2.005576226424715322e-02
6.000000000000000000e+02 8.268000000000000349e-02 1.973397071042723439e-02
6.010000000000000000e+02 7.286000000000000809e-02 1.265631858006110826e-02
6.020000000000000000e+02 7.310000000000001219e-02 1.091292811302264736e-02
6.030000000000000000e+02 7.513999999999998458e-02 1.402620404813789863e-02
6.040000000000000000e+02 7.402000000000000246e-02 1.339841781704093591e-02
6.050000000000000000e+02 7.223999999999999866e-02 1.180975867661994416e-02
6.060000000000000000e+02 6.926000000000001600e-02 1.072578202277111106e-02
6.070000000000000000e+02 7.480000000000000537e-02 1.386448700818028804e-02
6.080000000000000000e+02 7.549999999999999767e-02 1.258681850190905213e-02
6.090000000000000000e+02 7.354000000000000814e-02 1.248977181536956374e-02
6.100000000000000000e+02 8.977999999999999869e-02 1.933001810656161459e-02
6.110000000000000000e+02 1.194800000000000029e-01 1.239635430277789309e-02
6.120000000000000000e+02 1.698999999999999955e-01 2.563996879873296428e-02
6.130000000000000000e+02 2.168000000000000205e-01 3.883323319014269498e-02
6.140000000000000000e+02 2.083399999999999697e-01 3.674096351485627715e-02
6.150000000000000000e+02 1.801800000000000068e-01 2.713333005732986372e-02
6.160000000000000000e+02 1.349600000000000244e-01 2.653982667614843485e-02
6.170000000000000000e+02 8.365999999999999825e-02 1.260326941709967626e-02
6.180000000000000000e+02 6.851999999999999758e-02 1.045894832189164271e-02
6.190000000000000000e+02 7.602000000000000424e-02 9.431733668843709020e-03
6.200000000000000000e+02 8.749999999999999445e-02 1.136433016063859679e-02
6.210000000000000000e+02 9.764000000000000457e-02 1.406422411653056662e-02
6.220000000000000000e+02 1.257800000000000029e-01 1.214913988725127916e-02
6.230000000000000000e+02 1.041600000000000026e-01 1.828885999727702938e-02
6.240000000000000000e+02 1.021800000000000069e-01 1.680278548336554961e-02
6.250000000000000000e+02 8.834000000000000186e-02 1.361478607984715865e-02
6.260000000000000000e+02 8.620000000000001272e-02 1.032530871209185949e-02
6.270000000000000000e+02 9.189999999999999558e-02 1.029193859289881385e-02
6.280000000000000000e+02 8.018000000000000127e-02 1.100316318155829080e-02
6.290000000000000000e+02 8.821999999999999287e-02 9.438516832638483428e-03
6.300000000000000000e+02 8.387999999999999623e-02 7.232537590638570858e-03
6.310000000000000000e+02 7.425999999999999268e-02 7.912926133864765441e-03
6.320000000000000000e+02 8.444000000000000117e-02 7.579340340689290530e-03
6.330000000000000000e+02 8.648000000000000131e-02 7.528983995201478027e-03
6.340000000000000000e+02 7.538000000000000256e-02 7.041704339149716316e-03
6.350000000000000000e+02 7.524000000000000132e-02 6.585317000722137881e-03
6.360000000000000000e+02 8.775999999999999079e-02 7.087340827136790616e-03
6.370000000000000000e+02 8.277999999999999248e-02 7.215649658901130033e-03
6.380000000000000000e+02 7.000000000000000666e-02 4.888762624632128628e-03
6.390000000000000000e+02 7.635999999999999732e-02 4.524422615096868570e-03
6.400000000000000000e+02 8.408000000000000196e-02 4.371452847738381726e-03
6.410000000000000000e+02 7.534000000000000419e-02 3.813974305104847126e-03
6.420000000000000000e+02 6.908000000000000251e-02 5.489772308575282915e-03
6.430000000000000000e+02 8.172000000000000097e-02 5.597999642729532994e-03
6.440000000000000000e+02 8.510000000000000897e-02 4.712960852797316684e-03
6.450000000000000000e+02 7.532000000000001194e-02 5.711532193728757929e-03
6.460000000000000000e+02 7.736000000000001209e-02 6.387988728856679697e-03
6.470000000000000000e+02 8.956000000000000072e-02 6.091830595149539361e-03
6.480000000000000000e+02 8.916000000000000314e-02 7.884313540188517613e-03
6.490000000000000000e+02 8.124000000000000665e-02 8.512484948591685086e-03
6.500000000000000000e+02 9.443999999999999617e-02 8.316152956746288363e-03
6.510000000000000000e+02 1.050600000000000006e-01 1.161664323287928298e-02
6.520000000000000000e+02 9.808000000000000052e-02 1.227915306525657717e-02
6.530000000000000000e+02 9.831999999999999074e-02 1.051482762578635766e-02
6.540000000000000000e+02 1.209400000000000058e-01 1.461801628128796444e-02
6.550000000000000000e+02 1.915600000000000080e-01 2.313314505206760796e-02
6.560000000000000000e+02 1.653199999999999947e-01 2.562814078313134514e-02
6.570000000000000000e+02 1.714399999999999813e-01 2.349813609629495745e-02
6.580000000000000000e+02 1.181999999999999995e-01 1.118373819436059916e-02
6.590000000000000000e+02 9.138000000000000289e-02 1.247147144486166620e-02
6.600000000000000000e+02 7.416000000000000369e-02 8.667779415744264124e-03
6.610000000000000000e+02 7.144000000000000350e-02 7.070671820979957355e-03
6.620000000000000000e+02 6.673999999999999377e-02 6.863993006989446873e-03
6.630000000000000000e+02 6.028000000000000025e-02 6.453960024667023537e-03
6.640000000000000000e+02 6.736000000000000321e-02 5.764928447084144772e-03
6.650000000000000000e+02 6.625999999999999945e-02 6.130122347881810166e-03
6.660000000000000000e+02 7.979999999999999594e-02 7.456272527208217087e-03
6.670000000000000000e+02 7.439999999999999392e-02 9.359273476077081821e-03
6.680000000000000000e+02 6.410000000000000420e-02 1.018449802395778557e-02
6.690000000000000000e+02 7.377999999999999836e-02 1.144821383448090327e-02
6.700000000000000000e+02 7.548000000000000542e-02 9.214423476268064281e-03
6.710000000000000000e+02 7.867999999999999994e-02 8.188382013560431549e-03
6.720000000000000000e+02 7.302000000000000157e-02 9.501242024072435038e-03
6.730000000000000000e+02 7.415999999999998982e-02 7.937909044578431161e-03
6.740000000000000000e+02 6.837999999999999634e-02 2.014282998984998768e-02
