# x average std
2.000000000000000000e+00 3.426999999999999491e-01 4.268479823075189972e-02
3.000000000000000000e+00 2.336199999999999943e-01 2.821683185618116194e-02
4.000000000000000000e+00 1.796199999999999741e-01 2.008376458734766404e-02
5.000000000000000000e+00 1.481199999999999739e-01 1.312697985067395184e-02
6.000000000000000000e+00 1.430400000000000005e-01 1.486224747472602269e-02
7.000000000000000000e+00 1.183599999999999930e-01 1.206707918263570656e-02
8.000000000000000000e+00 1.251800000000000135e-01 1.500125328097622925e-02
9.000000000000000000e+00 1.160600000000000104e-01 2.159255427224856388e-02
1.000000000000000000e+01 1.330999999999999961e-01 3.018973335423816295e-02
1.100000000000000000e+01 1.421000000000000041e-01 4.067544713952140484e-02
1.200000000000000000e+01 1.611000000000000210e-01 4.967079624890262390e-02
1.300000000000000000e+01 2.008800000000000030e-01 6.201649458007119087e-02
1.400000000000000000e+01 2.142400000000000415e-01 6.291602657511041752e-02
1.500000000000000000e+01 2.370200000000000085e-01 6.543379554939481035e-02
1.600000000000000000e+01 2.139800000000000035e-01 6.382875214196187530e-02
1.700000000000000000e+01 1.783399999999999985e-01 5.658001767408701171e-02
1.800000000000000000e+01 1.744600000000000040e-01 5.410939289993928203e-02
1.900000000000000000e+01 1.696200000000000208e-01 5.163783109310459557e-02
2.000000000000000000e+01 1.859000000000000097e-01 5.346838318109123356e-02
2.100000000000000000e+01 1.624199999999999811e-01 4.388454853362399460e-02
2.200000000000000000e+01 1.483399999999999996e-01 3.936874902762341893e-02
2.300000000000000000e+01 1.210200000000000164e-01 3.148856300309685330e-02
2.400000000000000000e+01 1.098000000000000087e-01 2.537636695825467789e-02
2.500000000000000000e+01 9.260000000000000175e-02 1.690644847388120611e-02
2.600000000000000000e+01 9.818000000000000338e-02 1.026438502785237926e-02
2.700000000000000000e+01 1.014599999999999946e-01 7.269277818325561163e-03
2.800000000000000000e+01 1.145199999999999968e-01 1.363633381814921726e-02
2.900000000000000000e+01 1.512199999999999933e-01 1.852937127913411447e-02
3.000000000000000000e+01 1.954600000000000226e-01 2.067177786258356936e-02
3.100000000000000000e+01 2.337399999999999756e-01 2.425577044746259764e-02
3.200000000000000000e+01 1.930800000000000016e-01 3.190651344161564429e-02
3.300000000000000000e+01 1.538999999999999813e-01 2.240669542792957797e-02
3.400000000000000000e+01 1.446000000000000063e-01 2.056083655885626235e-02
3.500000000000000000e+01 1.547199999999999964e-01 2.600295367838045824e-02
3.600000000000000000e+01 1.314799999999999858e-01 2.386155066210074102e-02
3.700000000000000000e+01 1.342599999999999905e-01 3.112006426728582131e-02
3.800000000000000000e+01 1.349400000000000044e-01 3.776334730926271532e-02
3.900000000000000000e+01 1.368999999999999939e-01 3.685930004761349410e-02
4.000000000000000000e+01 1.737599999999999978e-01 4.478448838604724702e-02
4.100000000000000000e+01 1.956200000000000161e-01 4.331758996066147060e-02
4.200000000000000000e+01 2.323800000000000310e-01 5.482924037409235563e-02
4.300000000000000000e+01 2.585399999999999920e-01 4.999478372790504971e-02
4.400000000000000000e+01 2.620000000000000107e-01 5.106885547963650740e-02
4.500000000000000000e+01 2.305000000000000104e-01 5.289094440450085172e-02
4.600000000000000000e+01 1.881599999999999939e-01 5.567321079298372111e-02
4.700000000000000000e+01 1.619599999999999651e-01 4.632919597834610215e-02
4.800000000000000000e+01 1.906200000000000117e-01 5.810426490370563385e-02
4.900000000000000000e+01 1.972399999999999987e-01 5.941614595377253671e-02
5.000000000000000000e+01 1.945800000000000307e-01 5.213357459449715486e-02
5.100000000000000000e+01 1.835400000000000087e-01 4.770914377768688958e-02
5.200000000000000000e+01 1.657799999999999829e-01 3.529126804182586979e-02
5.300000000000000000e+01 1.608799999999999952e-01 3.151529152649552162e-02
5.400000000000000000e+01 1.488400000000000001e-01 2.505646423580151425e-02
5.500000000000000000e+01 1.385399999999999965e-01 2.920771131054263406e-02
5.600000000000000000e+01 1.532000000000000028e-01 2.962633963215840702e-02
5.700000000000000000e+01 1.434599999999999764e-01 2.475112926716678541e-02
5.800000000000000000e+01 1.686799999999999966e-01 2.842086557443316772e-02
5.900000000000000000e+01 1.769799999999999984e-01 3.036862854987033497e-02
6.000000000000000000e+01 2.205999999999999905e-01 3.957761993854608251e-02
6.100000000000000000e+01 2.355399999999999994e-01 3.259973006023209052e-02
6.200000000000000000e+01 2.236600000000000255e-01 2.870216716556435108e-02
6.300000000000000000e+01 1.844999999999999973e-01 2.336244850181590227e-02
6.400000000000000000e+01 2.017800000000000149e-01 2.510596741812591570e-02
6.500000000000000000e+01 1.760400000000000020e-01 2.292017451940538825e-02
6.600000000000000000e+01 1.308400000000000118e-01 1.623460501521363855e-02
6.700000000000000000e+01 1.205999999999999989e-01 1.675852022106964073e-02
6.800000000000000000e+01 9.212000000000000743e-02 8.964240068182020849e-03
6.900000000000000000e+01 7.502000000000000335e-02 3.488495377666424486e-03
7.000000000000000000e+01 7.512000000000000621e-02 4.905262480234876682e-03
7.100000000000000000e+01 8.136000000000000176e-02 1.477952637942095415e-02
7.200000000000000000e+01 1.028000000000000025e-01 1.819516419271889618e-02
7.300000000000000000e+01 1.190200000000000147e-01 2.652390619799428750e-02
7.400000000000000000e+01 1.468200000000000061e-01 2.914456381557287840e-02
7.500000000000000000e+01 1.700000000000000122e-01 3.632541809807562222e-02
7.600000000000000000e+01 1.933200000000000196e-01 4.169385566243544172e-02
7.700000000000000000e+01 2.199600000000000166e-01 5.101241417537499823e-02
7.800000000000000000e+01 2.217200000000000004e-01 4.298727253501900131e-02
7.900000000000000000e+01 2.065199999999999814e-01 3.914625908053029346e-02
8.000000000000000000e+01 1.935199999999999976e-01 4.861766757054475363e-02
8.100000000000000000e+01 1.585600000000000065e-01 4.491617080740521739e-02
8.200000000000000000e+01 1.389799999999999924e-01 4.404731092813726073e-02
8.300000000000000000e+01 1.329600000000000226e-01 4.532242711947364472e-02
8.400000000000000000e+01 1.115400000000000003e-01 3.588139350694172919e-02
8.500000000000000000e+01 1.234200000000000019e-01 3.566743052141547327e-02
8.600000000000000000e+01 1.089199999999999890e-01 2.309834626115037787e-02
8.700000000000000000e+01 9.729999999999999760e-02 1.099035941177539319e-02
8.800000000000000000e+01 1.158800000000000108e-01 6.535258219841048530e-03
8.900000000000000000e+01 1.213000000000000050e-01 4.283456548162941843e-03
9.000000000000000000e+01 1.505200000000000149e-01 8.353538172535033765e-03
9.100000000000000000e+01 1.783999999999999753e-01 1.210074377879310353e-02
9.200000000000000000e+01 2.138399999999999745e-01 1.639543838999128061e-02
9.300000000000000000e+01 2.506799999999999584e-01 2.205832269235355816e-02
9.400000000000000000e+01 2.187199999999999700e-01 1.940189681448697967e-02
9.500000000000000000e+01 2.046800000000000286e-01 1.892019027388467181e-02
9.600000000000000000e+01 1.663400000000000156e-01 1.432781909433532459e-02
9.700000000000000000e+01 1.460999999999999799e-01 1.337759320655251306e-02
9.800000000000000000e+01 1.295600000000000085e-01 1.110812315380056009e-02
9.900000000000000000e+01 9.874000000000000832e-02 1.048744010709953822e-02
1.000000000000000000e+02 1.097199999999999981e-01 2.483436328960338113e-02
1.010000000000000000e+02 1.014199999999999963e-01 3.073879633297309580e-02
1.020000000000000000e+02 1.225799999999999945e-01 4.200301893911913276e-02
1.030000000000000000e+02 1.194199999999999984e-01 4.687901022845938209e-02
1.040000000000000000e+02 1.284199999999999786e-01 4.613560013698748963e-02
1.050000000000000000e+02 1.162399999999999822e-01 3.404612165871466478e-02
1.060000000000000000e+02 1.459000000000000019e-01 4.745195464888669890e-02
1.070000000000000000e+02 1.317800000000000082e-01 3.384732781180813110e-02
1.080000000000000000e+02 1.512600000000000056e-01 3.559992134822773102e-02
1.090000000000000000e+02 1.536200000000000065e-01 3.001415665981638226e-02
1.100000000000000000e+02 1.242999999999999938e-01 2.562038251080572815e-02
1.110000000000000000e+02 8.749999999999999445e-02 1.700741014969651618e-02
1.120000000000000000e+02 7.592000000000000137e-02 1.125440358259823838e-02
1.130000000000000000e+02 7.592000000000000137e-02 1.124800426742451030e-02
1.140000000000000000e+02 8.782000000000000917e-02 8.476178384154028911e-03
1.150000000000000000e+02 1.053799999999999876e-01 2.027672557391848804e-02
1.160000000000000000e+02 1.141199999999999992e-01 3.500430830626424794e-02
1.170000000000000000e+02 8.827999999999999736e-02 1.203734189927327912e-02
1.180000000000000000e+02 7.864000000000000157e-02 9.189689875071956754e-03
1.190000000000000000e+02 1.048400000000000026e-01 1.000451897894146826e-02
1.200000000000000000e+02 1.102399999999999769e-01 1.233460173657828333e-02
1.210000000000000000e+02 1.151399999999999924e-01 1.418373716620552338e-02
1.220000000000000000e+02 1.329800000000000149e-01 1.726422891414499533e-02
1.230000000000000000e+02 1.329600000000000226e-01 1.577702126511845715e-02
1.240000000000000000e+02 1.283599999999999741e-01 1.265758270761048812e-02
1.250000000000000000e+02 1.658999999999999919e-01 2.370147674724087591e-02
1.260000000000000000e+02 1.440599999999999936e-01 1.695153090431657933e-02
1.270000000000000000e+02 1.361400000000000110e-01 1.484016172418616518e-02
1.280000000000000000e+02 1.113799999999999929e-01 1.231119815452582159e-02
1.290000000000000000e+02 1.033599999999999797e-01 1.444750497490829982e-02
1.300000000000000000e+02 1.172400000000000109e-01 1.707062974819617204e-02
1.310000000000000000e+02 1.119400000000000117e-01 1.654226103046376600e-02
1.320000000000000000e+02 9.284000000000000585e-02 1.382687238676917618e-02
1.330000000000000000e+02 9.447999999999999454e-02 1.641089881755414259e-02
1.340000000000000000e+02 1.053200000000000108e-01 1.778711893477974079e-02
1.350000000000000000e+02 9.439999999999999780e-02 1.392594700550020027e-02
1.360000000000000000e+02 7.998000000000000942e-02 1.285572246122325228e-02
1.370000000000000000e+02 9.024000000000001465e-02 1.498780837881242764e-02
1.380000000000000000e+02 1.054199999999999998e-01 1.593642368914681764e-02
1.390000000000000000e+02 9.265999999999999237e-02 1.211554373521882277e-02
1.400000000000000000e+02 8.302000000000001045e-02 9.285127893572601987e-03
1.410000000000000000e+02 1.054599999999999982e-01 1.252974061982130294e-02
1.420000000000000000e+02 1.142600000000000005e-01 1.437478347663018186e-02
1.430000000000000000e+02 9.814000000000000501e-02 9.155675835240123864e-03
1.440000000000000000e+02 8.880000000000000393e-02 7.785884663928692266e-03
1.450000000000000000e+02 1.015599999999999836e-01 1.074590154430981291e-02
1.460000000000000000e+02 1.040000000000000091e-01 1.530411709312235954e-02
1.470000000000000000e+02 1.182799999999999824e-01 7.218697943535248678e-03
1.480000000000000000e+02 1.207999999999999907e-01 8.984430978086483180e-03
1.490000000000000000e+02 1.220800000000000080e-01 1.048835544782879964e-02
1.500000000000000000e+02 1.345399999999999929e-01 1.278790053136167129e-02
1.510000000000000000e+02 1.503799999999999859e-01 1.299990769197996617e-02
1.520000000000000000e+02 1.341800000000000215e-01 7.751748189924645600e-03
1.530000000000000000e+02 1.110399999999999998e-01 5.659893991940132506e-03
1.540000000000000000e+02 9.854000000000000259e-02 4.306553146078659008e-03
1.550000000000000000e+02 9.470000000000000639e-02 6.292217415188383796e-03
1.560000000000000000e+02 8.787999999999999978e-02 9.540733724405057667e-03
1.570000000000000000e+02 8.862000000000000433e-02 9.382409072301202760e-03
1.580000000000000000e+02 1.106800000000000006e-01 1.083630933482428692e-02
1.590000000000000000e+02 1.166399999999999937e-01 1.149619067343613486e-02
1.600000000000000000e+02 1.405199999999999783e-01 1.468010899142101547e-02
1.610000000000000000e+02 1.323199999999999932e-01 1.407215690645893975e-02
1.620000000000000000e+02 1.168400000000000133e-01 1.141991243399003049e-02
1.630000000000000000e+02 1.373399999999999899e-01 1.415677929474073136e-02
1.640000000000000000e+02 1.274800000000000100e-01 1.237891756172566048e-02
1.650000000000000000e+02 9.800000000000000377e-02 7.647221717722063258e-03
1.660000000000000000e+02 9.503999999999998560e-02 6.733973566921687415e-03
1.670000000000000000e+02 9.768000000000000294e-02 8.245823185104078981e-03
1.680000000000000000e+02 8.134000000000000952e-02 5.405774690088367002e-03
1.690000000000000000e+02 7.761999999999999456e-02 5.062173446258039743e-03
1.700000000000000000e+02 9.084000000000000408e-02 8.247569338902220257e-03
1.710000000000000000e+02 1.050600000000000006e-01 1.151079493345268448e-02
1.720000000000000000e+02 1.455000000000000182e-01 1.615091328687018671e-02
1.730000000000000000e+02 1.656200000000000172e-01 1.866251858672885941e-02
1.740000000000000000e+02 1.790999999999999814e-01 3.476486732320432926e-02
1.750000000000000000e+02 1.875399999999999845e-01 2.369469138857900614e-02
1.760000000000000000e+02 1.751399999999999901e-01 2.820004255315937750e-02
1.770000000000000000e+02 1.364200000000000135e-01 1.265818312397162804e-02
1.780000000000000000e+02 1.283200000000000174e-01 1.370728273583061811e-02
1.790000000000000000e+02 1.193599999999999939e-01 1.019796058042979174e-02
1.800000000000000000e+02 1.387600000000000222e-01 1.454009628578848551e-02
1.810000000000000000e+02 1.510599999999999998e-01 1.862832252243878245e-02
1.820000000000000000e+02 1.358800000000000008e-01 1.604536070021487376e-02
1.830000000000000000e+02 1.287599999999999856e-01 1.390418641992403719e-02
1.840000000000000000e+02 1.507400000000000129e-01 1.892475627319939457e-02
1.850000000000000000e+02 1.505199999999999871e-01 1.857055734220166079e-02
1.860000000000000000e+02 1.268400000000000083e-01 1.221877244243463508e-02
1.870000000000000000e+02 1.312000000000000111e-01 1.265495950210825463e-02
1.880000000000000000e+02 1.483599999999999919e-01 1.577879589829338236e-02
1.890000000000000000e+02 1.423200000000000021e-01 1.520557792390674068e-02
1.900000000000000000e+02 1.300999999999999934e-01 1.371524699012015812e-02
1.910000000000000000e+02 1.451999999999999957e-01 1.444645285182490774e-02
1.920000000000000000e+02 1.323799999999999977e-01 1.305394959389686096e-02
1.930000000000000000e+02 1.503200000000000092e-01 1.609986335345738040e-02
1.940000000000000000e+02 1.595199999999999951e-01 1.883607177731068394e-02
1.950000000000000000e+02 1.425400000000000000e-01 1.735841006544090043e-02
1.960000000000000000e+02 1.441800000000000026e-01 1.787416012012872299e-02
1.970000000000000000e+02 1.707799999999999874e-01 3.753597740834785368e-02
1.980000000000000000e+02 1.449199999999999933e-01 2.716331349449106064e-02
1.990000000000000000e+02 1.465600000000000236e-01 3.103144211924414864e-02
2.000000000000000000e+02 1.466800000000000048e-01 2.251589660661995965e-02
2.010000000000000000e+02 1.287599999999999856e-01 1.248672895517477337e-02
2.020000000000000000e+02 1.131599999999999967e-01 9.493913839929243870e-03
2.030000000000000000e+02 1.171600000000000003e-01 8.952675577725353884e-03
2.040000000000000000e+02 1.231399999999999995e-01 1.105524309999558925e-02
2.050000000000000000e+02 1.271200000000000108e-01 1.424196615639849312e-02
2.060000000000000000e+02 1.372800000000000131e-01 2.452968813499266376e-02
2.070000000000000000e+02 1.494200000000000250e-01 2.595730340385918669e-02
2.080000000000000000e+02 1.689599999999999713e-01 3.267528729789533071e-02
2.090000000000000000e+02 1.408400000000000207e-01 2.453223185933151029e-02
2.100000000000000000e+02 1.261199999999999821e-01 1.278630517389601519e-02
2.110000000000000000e+02 1.561000000000000165e-01 1.752883338958985057e-02
2.120000000000000000e+02 1.610800000000000010e-01 2.463326206575166058e-02
2.130000000000000000e+02 1.263400000000000079e-01 1.213500721054585826e-02
2.140000000000000000e+02 1.522000000000000297e-01 2.283742542407090140e-02
2.150000000000000000e+02 1.727800000000000169e-01 2.445276262511047669e-02
2.160000000000000000e+02 1.438399999999999956e-01 1.807347227291977373e-02
2.170000000000000000e+02 1.320199999999999707e-01 1.747448425562253896e-02
2.180000000000000000e+02 1.361000000000000265e-01 9.685659502584223479e-03
2.190000000000000000e+02 1.290399999999999880e-01 1.170446068813082996e-02
2.200000000000000000e+02 1.059400000000000064e-01 9.406721001496750473e-03
2.210000000000000000e+02 9.637999999999999345e-02 6.872670514436144719e-03
2.220000000000000000e+02 1.085599999999999898e-01 9.306470867090271826e-03
2.230000000000000000e+02 1.039400000000000046e-01 9.177930049853290709e-03
2.240000000000000000e+02 9.006000000000000116e-02 6.360062892770792717e-03
2.250000000000000000e+02 9.610000000000000486e-02 7.443655016186605418e-03
2.260000000000000000e+02 1.047199999999999936e-01 9.118201577065511085e-03
2.270000000000000000e+02 9.152000000000000413e-02 8.394617323023130864e-03
2.280000000000000000e+02 7.965999999999999470e-02 8.746336375877617614e-03
2.290000000000000000e+02 7.450000000000001066e-02 8.201219421525069234e-03
2.300000000000000000e+02 7.670000000000000429e-02 7.759639166868520337e-03
2.310000000000000000e+02 6.661999999999999866e-02 6.996399073809325339e-03
2.320000000000000000e+02 7.833999999999999297e-02 9.924232967841896749e-03
2.330000000000000000e+02 7.467999999999999639e-02 8.983406926105488507e-03
2.340000000000000000e+02 5.940000000000000835e-02 6.321392251711644046e-03
2.350000000000000000e+02 6.588000000000000800e-02 5.754094194571375033e-03
2.360000000000000000e+02 7.063999999999999446e-02 6.997885394888941554e-03
2.370000000000000000e+02 5.974000000000000143e-02 6.214048599745579382e-03
2.380000000000000000e+02 5.500000000000000722e-02 3.954238232580328805e-03
2.390000000000000000e+02 7.117999999999999328e-02 4.154708172663874530e-03
2.400000000000000000e+02 8.177999999999999159e-02 7.269497919388931938e-03
2.410000000000000000e+02 8.135999999999998789e-02 8.213306277011713993e-03
2.420000000000000000e+02 8.999999999999999667e-02 7.805382758071509677e-03
2.430000000000000000e+02 7.298000000000000320e-02 1.076371683016605352e-02
2.440000000000000000e+02 7.323999999999999955e-02 8.140909040150244233e-03
2.450000000000000000e+02 7.859999999999998932e-02 1.021724033190959252e-02
2.460000000000000000e+02 7.021999999999999076e-02 1.008253936268041322e-02
2.470000000000000000e+02 7.036000000000000587e-02 7.667750648006233828e-03
2.480000000000000000e+02 7.728000000000000147e-02 8.166614965822745556e-03
2.490000000000000000e+02 8.924000000000001376e-02 9.594498423575875679e-03
2.500000000000000000e+02 9.734000000000000985e-02 7.095801575579748464e-03
2.510000000000000000e+02 1.206399999999999972e-01 7.044600769383601788e-03
2.520000000000000000e+02 1.237399999999999889e-01 8.495080929573298884e-03
2.530000000000000000e+02 1.275200000000000222e-01 8.322355435812630806e-03
2.540000000000000000e+02 1.241000000000000159e-01 8.365165868050677273e-03
2.550000000000000000e+02 1.411799999999999999e-01 1.019949018333759887e-02
2.560000000000000000e+02 1.123999999999999860e-01 9.169514709078117540e-03
2.570000000000000000e+02 9.731999999999998985e-02 8.260121064488099366e-03
2.580000000000000000e+02 1.208199999999999968e-01 1.077949906071706473e-02
2.590000000000000000e+02 1.022399999999999975e-01 5.866037845087603356e-03
2.600000000000000000e+02 1.142400000000000082e-01 7.946470914814948369e-03
2.610000000000000000e+02 1.155000000000000054e-01 9.665816054529489249e-03
2.620000000000000000e+02 1.197000000000000008e-01 8.197804584155442276e-03
2.630000000000000000e+02 1.059599999999999848e-01 7.147475078655398523e-03
2.640000000000000000e+02 9.847999999999998422e-02 8.114530177403987340e-03
2.650000000000000000e+02 1.163000000000000006e-01 8.708157095505339104e-03
2.660000000000000000e+02 1.184800000000000020e-01 8.361913656574073220e-03
2.670000000000000000e+02 1.040599999999999997e-01 9.020332588103389601e-03
2.680000000000000000e+02 1.092800000000000021e-01 1.100498069057824664e-02
2.690000000000000000e+02 1.247600000000000098e-01 1.362712001855123992e-02
2.700000000000000000e+02 1.358199999999999963e-01 1.477882268653359435e-02
2.710000000000000000e+02 1.483200000000000074e-01 1.453497850015609584e-02
2.720000000000000000e+02 1.394799999999999929e-01 1.446656835604076541e-02
2.730000000000000000e+02 1.299799999999999844e-01 1.331591528960739297e-02
2.740000000000000000e+02 1.129999999999999893e-01 1.110765501804949346e-02
2.750000000000000000e+02 1.277399999999999924e-01 1.109244788132899250e-02
2.760000000000000000e+02 1.333599999999999786e-01 1.150662417914133893e-02
2.770000000000000000e+02 1.136199999999999849e-01 9.658861216520299442e-03
2.780000000000000000e+02 1.103399999999999936e-01 8.327208415789775012e-03
2.790000000000000000e+02 1.313600000000000045e-01 8.054961204127554508e-03
2.800000000000000000e+02 1.290600000000000080e-01 7.601210429924961688e-03
2.810000000000000000e+02 1.113200000000000023e-01 5.158061651434580133e-03
2.820000000000000000e+02 9.878000000000000669e-02 7.441343964634345061e-03
2.830000000000000000e+02 8.616000000000000048e-02 8.034077420587881074e-03
2.840000000000000000e+02 7.383999999999998898e-02 6.278088881180320796e-03
2.850000000000000000e+02 6.714000000000000523e-02 5.529050551405729867e-03
2.860000000000000000e+02 6.056000000000000272e-02 4.439639625014623822e-03
2.870000000000000000e+02 6.636000000000000232e-02 3.185341425969906437e-03
2.880000000000000000e+02 6.577999999999999126e-02 3.989686704491971804e-03
2.890000000000000000e+02 8.304000000000000270e-02 5.146493952196968223e-03
2.900000000000000000e+02 8.353999999999998927e-02 4.413887175721645587e-03
2.910000000000000000e+02 7.933999999999999386e-02 5.516738166706845574e-03
2.920000000000000000e+02 8.825999999999999124e-02 7.294545907731336647e-03
2.930000000000000000e+02 1.095599999999999907e-01 1.039165049450760034e-02
2.940000000000000000e+02 9.508000000000001173e-02 9.060993323030321067e-03
2.950000000000000000e+02 1.131999999999999951e-01 9.441186366130047136e-03
2.960000000000000000e+02 9.915999999999999814e-02 8.317114884381483428e-03
2.970000000000000000e+02 1.024199999999999972e-01 1.003541728081099732e-02
2.980000000000000000e+02 1.243800000000000044e-01 1.141111738612832043e-02
2.990000000000000000e+02 1.382800000000000140e-01 1.472540661577805172e-02
3.000000000000000000e+02 1.507400000000000129e-01 9.860141986807284542e-03
3.010000000000000000e+02 1.754199999999999926e-01 8.934069621398744304e-03
3.020000000000000000e+02 1.848800000000000165e-01 1.254007974456303187e-02
3.030000000000000000e+02 1.511000000000000121e-01 3.046309242345562971e-03
3.040000000000000000e+02 1.261599999999999944e-01 6.785455032641507685e-03
3.050000000000000000e+02 9.174000000000000210e-02 7.235634042708352816e-03
3.060000000000000000e+02 8.075999999999999845e-02 7.356249044180058518e-03
3.070000000000000000e+02 7.524000000000000132e-02 5.649991150435546873e-03
3.080000000000000000e+02 7.131999999999998063e-02 5.930059021628706316e-03
3.090000000000000000e+02 6.189999999999999669e-02 5.310743827374843698e-03
3.100000000000000000e+02 5.445999999999999452e-02 3.303089462911957836e-03
3.110000000000000000e+02 5.949999999999999734e-02 3.835101041693684577e-03
3.120000000000000000e+02 5.567999999999999339e-02 5.041587051712982138e-03
3.130000000000000000e+02 6.321999999999999842e-02 5.709430794746529585e-03
3.140000000000000000e+02 6.810000000000000775e-02 7.217478784173873667e-03
3.150000000000000000e+02 8.143999999999999850e-02 7.850248403713093112e-03
3.160000000000000000e+02 9.305999999999998995e-02 8.133535516612685687e-03
3.170000000000000000e+02 1.072200000000000097e-01 9.995078789084156645e-03
3.180000000000000000e+02 1.300600000000000089e-01 1.190740945798035577e-02
3.190000000000000000e+02 1.338200000000000223e-01 1.256780012571811003e-02
3.200000000000000000e+02 1.167600000000000027e-01 1.033800754497693312e-02
3.210000000000000000e+02 1.010599999999999971e-01 9.827634506838356029e-03
3.220000000000000000e+02 8.490000000000000324e-02 6.657326790837298294e-03
3.230000000000000000e+02 7.882000000000000117e-02 7.021224964349172086e-03
3.240000000000000000e+02 6.282000000000001472e-02 6.636384557874865607e-03
3.250000000000000000e+02 6.825999999999998735e-02 7.233975393931054571e-03
3.260000000000000000e+02 6.119999999999999746e-02 5.904235767650203685e-03
3.270000000000000000e+02 5.041999999999999954e-02 4.055317496818222102e-03
3.280000000000000000e+02 5.632000000000000201e-02 3.422513696101157042e-03
3.290000000000000000e+02 5.544000000000000317e-02 2.670280884101896429e-03
3.300000000000000000e+02 7.123999999999999777e-02 4.775185860257167951e-03
3.310000000000000000e+02 8.358000000000001539e-02 7.129488060162522331e-03
3.320000000000000000e+02 1.013600000000000056e-01 9.421379941388625598e-03
3.330000000000000000e+02 1.035800000000000054e-01 8.593811727051040711e-03
3.340000000000000000e+02 1.205999999999999989e-01 8.372335397008417307e-03
3.350000000000000000e+02 1.277000000000000079e-01 9.618731725128835605e-03
3.360000000000000000e+02 1.080799999999999955e-01 7.625063934158191406e-03
3.370000000000000000e+02 8.361999999999999988e-02 5.420479683570447391e-03
3.380000000000000000e+02 8.118000000000000216e-02 3.735987152012169854e-03
3.390000000000000000e+02 6.883999999999998454e-02 3.626899502329779604e-03
3.400000000000000000e+02 5.817999999999999561e-02 3.868022750708687962e-03
3.410000000000000000e+02 6.759999999999999343e-02 4.706166167912051793e-03
3.420000000000000000e+02 7.607999999999999485e-02 4.150373477170457397e-03
3.430000000000000000e+02 8.230000000000001203e-02 4.240754649823541556e-03
3.440000000000000000e+02 6.948000000000000009e-02 3.098644865098287935e-03
3.450000000000000000e+02 7.210000000000001130e-02 3.431617694324353308e-03
3.460000000000000000e+02 7.489999999999999436e-02 3.876596445337068819e-03
3.470000000000000000e+02 6.078000000000000069e-02 2.804567702873296455e-03
3.480000000000000000e+02 5.383999999999999897e-02 3.210358235462204817e-03
3.490000000000000000e+02 5.023999999999999300e-02 2.976978333814339368e-03
3.500000000000000000e+02 5.029999999999999749e-02 3.806310549600491668e-03
3.510000000000000000e+02 4.689999999999999031e-02 3.817328909067177912e-03
3.520000000000000000e+02 4.359999999999999293e-02 3.029851481508624711e-03
3.530000000000000000e+02 4.142000000000000542e-02 3.190235101054466910e-03
3.540000000000000000e+02 4.483999999999999792e-02 3.427302146003472459e-03
3.550000000000000000e+02 4.299999999999999656e-02 3.293022927341989273e-03
3.560000000000000000e+02 3.880000000000000115e-02 3.369272918598312846e-03
3.570000000000000000e+02 4.227999999999999814e-02 3.523861518277926312e-03
3.580000000000000000e+02 4.768000000000000016e-02 3.068159057154630845e-03
3.590000000000000000e+02 4.578000000000000125e-02 2.722792683991934193e-03
3.600000000000000000e+02 4.155999999999999972e-02 2.492067414818467923e-03
3.610000000000000000e+02 4.773999999999999772e-02 2.776760702689376383e-03
3.620000000000000000e+02 5.545999999999999541e-02 2.884857015520873001e-03
3.630000000000000000e+02 5.093999999999999917e-02 2.309632005320329078e-03
3.640000000000000000e+02 4.926000000000000517e-02 2.511254666496410236e-03
3.650000000000000000e+02 6.094000000000000805e-02 7.362771217415356277e-03
3.660000000000000000e+02 7.072000000000000508e-02 7.960251252316096621e-03
3.670000000000000000e+02 5.616000000000000159e-02 4.826841617455453204e-03
3.680000000000000000e+02 5.373999999999999611e-02 6.209218952493139772e-03
3.690000000000000000e+02 5.463999999999998719e-02 6.999314252124987958e-03
3.700000000000000000e+02 5.854000000000000176e-02 5.191377466530438904e-03
3.710000000000000000e+02 5.816000000000000336e-02 4.845864216009360646e-03
3.720000000000000000e+02 4.978000000000000480e-02 4.985338504053664008e-03
3.730000000000000000e+02 4.449999999999999789e-02 3.624362012823775358e-03
3.740000000000000000e+02 5.156000000000000860e-02 3.670749242320974111e-03
3.750000000000000000e+02 5.991999999999999410e-02 4.240471671878024568e-03
3.760000000000000000e+02 5.804000000000000131e-02 1.691862878604528898e-03
3.770000000000000000e+02 4.912000000000000394e-02 2.499919998719961085e-03
3.780000000000000000e+02 5.708000000000000573e-02 3.951910930170366397e-03
3.790000000000000000e+02 6.442000000000000504e-02 2.877776919776792782e-03
3.800000000000000000e+02 5.729999999999999677e-02 2.603075104563830951e-03
3.810000000000000000e+02 5.505999999999999783e-02 2.974289831203409673e-03
3.820000000000000000e+02 6.454000000000000015e-02 4.447291310449540125e-03
3.830000000000000000e+02 6.829999999999999960e-02 4.199523782525822931e-03
3.840000000000000000e+02 6.010000000000000064e-02 3.041710045352778377e-03
3.850000000000000000e+02 6.172000000000001096e-02 4.877458354512112688e-03
3.860000000000000000e+02 7.305999999999998606e-02 5.976487262598324107e-03
3.870000000000000000e+02 7.386000000000000898e-02 5.941245660633801516e-03
3.880000000000000000e+02 6.787999999999999590e-02 5.503962209172587501e-03
3.890000000000000000e+02 6.967999999999999194e-02 6.471908528401806859e-03
3.900000000000000000e+02 6.248000000000000081e-02 7.869536199802372456e-03
3.910000000000000000e+02 6.611999999999999822e-02 6.974926522910475553e-03
3.920000000000000000e+02 6.776000000000000079e-02 5.483283687718518672e-03
3.930000000000000000e+02 6.931999999999999273e-02 5.510499069957273781e-03
3.940000000000000000e+02 6.432000000000000217e-02 5.026489828896503823e-03
3.950000000000000000e+02 5.579999999999999544e-02 4.327585932133525860e-03
3.960000000000000000e+02 5.607999999999999791e-02 5.236181815025142336e-03
3.970000000000000000e+02 6.045999999999999291e-02 4.567975481545406141e-03
3.980000000000000000e+02 5.487999999999999823e-02 3.387270287414337507e-03
3.990000000000000000e+02 5.403999999999999776e-02 4.058374058659453172e-03
4.000000000000000000e+02 6.284000000000000696e-02 3.625244819319103570e-03
4.010000000000000000e+02 5.245999999999999275e-02 3.642306961254090751e-03
4.020000000000000000e+02 5.866000000000000381e-02 3.297635516548182415e-03
4.030000000000000000e+02 8.608000000000000373e-02 9.857869952479593467e-03
4.040000000000000000e+02 7.223999999999999866e-02 5.215975460064973396e-03
4.050000000000000000e+02 6.082000000000000600e-02 3.982662426066262661e-03
4.060000000000000000e+02 6.748000000000001219e-02 5.393106711349219921e-03
4.070000000000000000e+02 7.893999999999999628e-02 9.426897686938159188e-03
4.080000000000000000e+02 7.686000000000001164e-02 8.321442182698859588e-03
4.090000000000000000e+02 7.483999999999998987e-02 7.901544152885563513e-03
4.100000000000000000e+02 8.923999999999999988e-02 9.934505523678567249e-03
4.110000000000000000e+02 9.900000000000000466e-02 1.049132975365849735e-02
4.120000000000000000e+02 9.447999999999999454e-02 8.383173623395856477e-03
4.130000000000000000e+02 1.065599999999999881e-01 1.092677445543743277e-02
4.140000000000000000e+02 1.220199999999999896e-01 1.472730796853247148e-02
4.150000000000000000e+02 1.278399999999999814e-01 1.241250981872723223e-02
4.160000000000000000e+02 1.112199999999999855e-01 6.060825026347487279e-03
4.170000000000000000e+02 1.144600000000000062e-01 6.664412952391227281e-03
4.180000000000000000e+02 1.278400000000000092e-01 9.957027668938156842e-03
4.190000000000000000e+02 1.527400000000000146e-01 2.990522362397579625e-02
4.200000000000000000e+02 1.287600000000000133e-01 1.222826234589363160e-02
4.210000000000000000e+02 1.126599999999999824e-01 1.294458960338256553e-02
4.220000000000000000e+02 9.700000000000000289e-02 1.130999557913264786e-02
4.230000000000000000e+02 8.830000000000000349e-02 1.043474963762906771e-02
4.240000000000000000e+02 1.012999999999999873e-01 1.168742914417024610e-02
4.250000000000000000e+02 1.063600000000000101e-01 1.173517788531558415e-02
4.260000000000000000e+02 9.252000000000000501e-02 9.977254131272790885e-03
4.270000000000000000e+02 7.882000000000000117e-02 7.407401703701506877e-03
4.280000000000000000e+02 8.093999999999999806e-02 7.997899724302625843e-03
4.290000000000000000e+02 8.621999999999999109e-02 7.708281261085378998e-03
4.300000000000000000e+02 9.861999999999999933e-02 1.022299369069550219e-02
4.310000000000000000e+02 1.186599999999999877e-01 7.590941970533037972e-03
4.320000000000000000e+02 1.244799999999999934e-01 6.252807369494126251e-03
4.330000000000000000e+02 1.007800000000000085e-01 8.100962905729166760e-03
4.340000000000000000e+02 9.099999999999999756e-02 9.079647570252931399e-03
4.350000000000000000e+02 9.706000000000000738e-02 9.197956294742870922e-03
4.360000000000000000e+02 9.564000000000000279e-02 9.601999791710058574e-03
4.370000000000000000e+02 8.203999999999998793e-02 8.501435172957561362e-03
4.380000000000000000e+02 8.069999999999999396e-02 6.593026619087773328e-03
4.390000000000000000e+02 9.539999999999998481e-02 5.571355310873646327e-03
4.400000000000000000e+02 9.230000000000000704e-02 8.679861750051094671e-03
4.410000000000000000e+02 7.780000000000000804e-02 9.032164746061709451e-03
4.420000000000000000e+02 8.315999999999999781e-02 4.591121867256410007e-03
4.430000000000000000e+02 1.124399999999999844e-01 2.214136400495689359e-03
4.440000000000000000e+02 1.116999999999999937e-01 2.896894889359987249e-03
4.450000000000000000e+02 8.669999999999998541e-02 3.060718869808205529e-03
4.460000000000000000e+02 8.353999999999998927e-02 4.006295046548618254e-03
4.470000000000000000e+02 7.846000000000000196e-02 5.529773955597100561e-03
4.480000000000000000e+02 8.549999999999999267e-02 6.660330322138682813e-03
4.490000000000000000e+02 7.767999999999999905e-02 6.095375296074884326e-03
4.500000000000000000e+02 8.186000000000000221e-02 9.830279751868710447e-03
4.510000000000000000e+02 8.039999999999999925e-02 8.549152004731226662e-03
4.520000000000000000e+02 7.710000000000000187e-02 5.795515507700760120e-03
4.530000000000000000e+02 8.642000000000001070e-02 4.655920961528447165e-03
4.540000000000000000e+02 8.293999999999998596e-02 5.877618565371524155e-03
4.550000000000000000e+02 7.395999999999999797e-02 5.418708333173139630e-03
4.560000000000000000e+02 7.497999999999999110e-02 3.769031705889458808e-03
4.570000000000000000e+02 8.969999999999998808e-02 5.906945064921461687e-03
4.580000000000000000e+02 9.165999999999999148e-02 8.478112997595632291e-03
4.590000000000000000e+02 8.242000000000000715e-02 8.788037323543863855e-03
4.600000000000000000e+02 9.184000000000000496e-02 4.403453190395009535e-03
4.610000000000000000e+02 8.311999999999999944e-02 4.342073237521447936e-03
4.620000000000000000e+02 9.537999999999999257e-02 4.706761094425765228e-03
4.630000000000000000e+02 1.106600000000000084e-01 8.322403498989936962e-03
4.640000000000000000e+02 1.184800000000000020e-01 1.133550175334113556e-02
4.650000000000000000e+02 1.461799999999999766e-01 2.023505868536090713e-02
4.660000000000000000e+02 1.386799999999999977e-01 1.413115706515216674e-02
4.670000000000000000e+02 1.148800000000000099e-01 1.381425350860480267e-02
4.680000000000000000e+02 1.648999999999999910e-01 4.932281419383934690e-02
4.690000000000000000e+02 1.117599999999999982e-01 1.485551749351061816e-02
4.700000000000000000e+02 8.230000000000001203e-02 5.421438923385561368e-03
4.710000000000000000e+02 8.157999999999999974e-02 4.053837687919930460e-03
4.720000000000000000e+02 6.909999999999999476e-02 5.313755733941861147e-03
4.730000000000000000e+02 7.381999999999999673e-02 5.303357427139908375e-03
4.740000000000000000e+02 8.565999999999998615e-02 5.014219779786282735e-03
4.750000000000000000e+02 8.391999999999999460e-02 4.605388148679759666e-03
4.760000000000000000e+02 7.417999999999999594e-02 3.142228508558857301e-03
4.770000000000000000e+02 8.308000000000000107e-02 5.038015482310467461e-03
4.780000000000000000e+02 9.199999999999999845e-02 6.091633606841434685e-03
4.790000000000000000e+02 7.642000000000000182e-02 4.296230906271217634e-03
4.800000000000000000e+02 7.232000000000000928e-02 4.056303736161778056e-03
4.810000000000000000e+02 8.827999999999999736e-02 6.092421521858119859e-03
4.820000000000000000e+02 8.577999999999999514e-02 5.923647524962974767e-03
4.830000000000000000e+02 7.030000000000000138e-02 3.828315556481724953e-03
4.840000000000000000e+02 7.758000000000001006e-02 5.614053793828486377e-03
4.850000000000000000e+02 8.918000000000000926e-02 7.451550174292594607e-03
4.860000000000000000e+02 8.082000000000000295e-02 6.765618966510009331e-03
4.870000000000000000e+02 7.344000000000000528e-02 5.938215220080859946e-03
4.880000000000000000e+02 8.830000000000000349e-02 7.752934928141731394e-03
4.890000000000000000e+02 9.308000000000000995e-02 8.613106292157316282e-03
4.900000000000000000e+02 8.342000000000000803e-02 7.576912299875193137e-03
4.910000000000000000e+02 8.657999999999999030e-02 7.797794560002206318e-03
4.920000000000000000e+02 1.016399999999999942e-01 9.132929431458448530e-03
4.930000000000000000e+02 1.005800000000000027e-01 9.191604865310518471e-03
4.940000000000000000e+02 9.458000000000001128e-02 8.635600731854150419e-03
4.950000000000000000e+02 1.018199999999999938e-01 9.214423476268059077e-03
4.960000000000000000e+02 1.253400000000000070e-01 1.166749330404778968e-02
4.970000000000000000e+02 1.273400000000000087e-01 1.242233472419737410e-02
4.980000000000000000e+02 1.221399999999999986e-01 1.112197824130221717e-02
4.990000000000000000e+02 1.321400000000000075e-01 1.182363734220565413e-02
5.000000000000000000e+02 1.184200000000000114e-01 1.122254873012365137e-02
5.010000000000000000e+02 1.052000000000000018e-01 9.547146170453242944e-03
5.020000000000000000e+02 1.201399999999999968e-01 1.026695670585982094e-02
5.030000000000000000e+02 1.258400000000000074e-01 7.759020556745549989e-03
5.040000000000000000e+02 1.037199999999999928e-01 9.661138649248337054e-03
5.050000000000000000e+02 1.054400000000000059e-01 1.021911933583320373e-02
5.060000000000000000e+02 9.035999999999999588e-02 7.628525414521473286e-03
5.070000000000000000e+02 8.518000000000000571e-02 7.205941992550314937e-03
5.080000000000000000e+02 9.750000000000000333e-02 9.058255902766272627e-03
5.090000000000000000e+02 9.417999999999999983e-02 8.480424517675983972e-03
5.100000000000000000e+02 7.835999999999999910e-02 5.921013426770792461e-03
5.110000000000000000e+02 8.446000000000000729e-02 7.235357627650479753e-03
5.120000000000000000e+02 9.787999999999999479e-02 8.287677599906987172e-03
5.130000000000000000e+02 9.149999999999999800e-02 7.395944834840239256e-03
5.140000000000000000e+02 8.018000000000000127e-02 5.982106652342465691e-03
5.150000000000000000e+02 9.470000000000000639e-02 7.314642848423976579e-03
5.160000000000000000e+02 1.108200000000000018e-01 4.818049397837260994e-03
5.170000000000000000e+02 1.085799999999999821e-01 6.638493805073556950e-03
5.180000000000000000e+02 1.053999999999999798e-01 1.192660890613924350e-02
5.190000000000000000e+02 1.061200000000000199e-01 1.127890065564902088e-02
5.200000000000000000e+02 1.145599999999999952e-01 1.133747767362740938e-02
5.210000000000000000e+02 1.239799999999999791e-01 1.030328103081732012e-02
5.220000000000000000e+02 1.335200000000000276e-01 1.211253895762568616e-02
5.230000000000000000e+02 1.565399999999999847e-01 1.455563121269566260e-02
5.240000000000000000e+02 1.393199999999999994e-01 1.208774586099493030e-02
5.250000000000000000e+02 1.119399999999999978e-01 7.191550597750112975e-03
5.260000000000000000e+02 1.102999999999999953e-01 8.556868586112563457e-03
5.270000000000000000e+02 9.439999999999999780e-02 7.689993498046666411e-03
5.280000000000000000e+02 1.021199999999999886e-01 8.241698853998490407e-03
5.290000000000000000e+02 1.127999999999999836e-01 7.094504915778128418e-03
5.300000000000000000e+02 1.089399999999999952e-01 8.249266634071177398e-03
5.310000000000000000e+02 1.043400000000000161e-01 7.547608892887868598e-03
5.320000000000000000e+02 1.194199999999999984e-01 8.656419583176408472e-03
5.330000000000000000e+02 1.113799999999999929e-01 8.829813135055578424e-03
5.340000000000000000e+02 1.018800000000000122e-01 8.278019086713921809e-03
5.350000000000000000e+02 1.021199999999999886e-01 7.693477757165481136e-03
5.360000000000000000e+02 9.683999999999999553e-02 6.390805895972745919e-03
5.370000000000000000e+02 8.405999999999999583e-02 5.538808536138434095e-03
5.380000000000000000e+02 7.880000000000000893e-02 5.337415104711264700e-03
5.390000000000000000e+02 7.807999999999999663e-02 5.068885479077228813e-03
5.400000000000000000e+02 7.190000000000000557e-02 3.871433842906267433e-03
5.410000000000000000e+02 6.248000000000000081e-02 3.515337821604062451e-03
5.420000000000000000e+02 5.964000000000000551e-02 2.794709287206811107e-03
5.430000000000000000e+02 6.055999999999998884e-02 2.605071975973023354e-03
5.440000000000000000e+02 5.806000000000000050e-02 3.681630073758091187e-03
5.450000000000000000e+02 5.001999999999999502e-02 3.873706235635323517e-03
5.460000000000000000e+02 4.937999999999999334e-02 2.458780185376481780e-03
5.470000000000000000e+02 4.650000000000000661e-02 3.181823376619137209e-03
5.480000000000000000e+02 4.798000000000000181e-02 3.400235285976545545e-03
5.490000000000000000e+02 5.081999999999999712e-02 2.571692049993544883e-03
5.500000000000000000e+02 5.485999999999999904e-02 2.837322681684267388e-03
5.510000000000000000e+02 4.823999999999999816e-02 2.748526878165830686e-03
5.520000000000000000e+02 4.795999999999999569e-02 3.565725732582358549e-03
5.530000000000000000e+02 5.773999999999999966e-02 3.202873709655125641e-03
5.540000000000000000e+02 6.502000000000000834e-02 4.998959891817499057e-03
5.550000000000000000e+02 6.424000000000000543e-02 6.945098991375141945e-03
5.560000000000000000e+02 6.333999999999999353e-02 6.921733886823443899e-03
5.570000000000000000e+02 7.250000000000000888e-02 4.912433205652777697e-03
5.580000000000000000e+02 8.210000000000000631e-02 1.102143366354849628e-02
5.590000000000000000e+02 8.659999999999998255e-02 2.025072838196196809e-02
5.600000000000000000e+02 8.844000000000000472e-02 1.487448822649034726e-02
5.610000000000000000e+02 8.249999999999999001e-02 8.302529734966323377e-03
5.620000000000000000e+02 7.516000000000000458e-02 9.096504823282400634e-03
5.630000000000000000e+02 7.330000000000000404e-02 7.803332621386836580e-03
5.640000000000000000e+02 8.355999999999999539e-02 6.729219865630782157e-03
5.650000000000000000e+02 8.061999999999999722e-02 6.510115206353876173e-03
5.660000000000000000e+02 7.598000000000000587e-02 5.943534302079866646e-03
5.670000000000000000e+02 7.055999999999999772e-02 5.943601601722648883e-03
5.680000000000000000e+02 5.775999999999999884e-02 5.526155987664481059e-03
5.690000000000000000e+02 5.722000000000000697e-02 4.335619909540043733e-03
5.700000000000000000e+02 6.108000000000000235e-02 5.375276737062009529e-03
5.710000000000000000e+02 7.013999999999999402e-02 6.266290768867977846e-03
5.720000000000000000e+02 7.227999999999999703e-02 6.120261432324605039e-03
5.730000000000000000e+02 7.134000000000000064e-02 6.526744977398764476e-03
5.740000000000000000e+02 8.130000000000001115e-02 7.003142151920094087e-03
5.750000000000000000e+02 7.897999999999999465e-02 6.528522037950089396e-03
5.760000000000000000e+02 8.280000000000001248e-02 6.936569757452167029e-03
5.770000000000000000e+02 7.114000000000000878e-02 6.612896490948577850e-03
5.780000000000000000e+02 7.535999999999999643e-02 6.658408218185485512e-03
5.790000000000000000e+02 8.571999999999999065e-02 6.074668715246948555e-03
5.800000000000000000e+02 7.937999999999999223e-02 4.720338970879102078e-03
5.810000000000000000e+02 7.924000000000000488e-02 4.512471606558873978e-03
5.820000000000000000e+02 8.981999999999999706e-02 3.139044440590159097e-03
5.830000000000000000e+02 9.288000000000000422e-02 2.872907934480323916e-03
5.840000000000000000e+02 7.746000000000000107e-02 2.141588195708966219e-03
5.850000000000000000e+02 8.414000000000002033e-02 3.142355804169858630e-03
5.860000000000000000e+02 8.437999999999999667e-02 3.499371372118139506e-03
5.870000000000000000e+02 8.873999999999999944e-02 2.821772492601062540e-03
5.880000000000000000e+02 7.738000000000000433e-02 2.805280734614629817e-03
5.890000000000000000e+02 6.688000000000000889e-02 3.236912108785160343e-03
5.900000000000000000e+02 7.927999999999998937e-02 4.398363331967926858e-03
5.910000000000000000e+02 8.419999999999998319e-02 3.819424040349541499e-03
5.920000000000000000e+02 7.004000000000001891e-02 4.260798047314607630e-03
5.930000000000000000e+02 6.976000000000000256e-02 6.192447012288437858e-03
5.940000000000000000e+02 8.153999999999998749e-02 8.227903742752463653e-03
5.950000000000000000e+02 9.437999999999999168e-02 9.298042804805754444e-03
5.960000000000000000e+02 1.040599999999999997e-01 1.003127110589679787e-02
5.970000000000000000e+02 1.159600000000000214e-01 1.391353298051936638e-02
5.980000000000000000e+02 1.026399999999999951e-01 1.197641014661738994e-02
5.990000000000000000e+02 9.234000000000000541e-02 8.867152868875106952e-03
6.000000000000000000e+02 1.040999999999999981e-01 9.996799487836096829e-03
6.010000000000000000e+02 1.071600000000000052e-01 1.103169977836597655e-02
6.020000000000000000e+02 9.049999999999999711e-02 8.609064989881306737e-03
6.030000000000000000e+02 9.175999999999999435e-02 8.209165609244336442e-03
6.040000000000000000e+02 1.041799999999999810e-01 1.014345108924965752e-02
6.050000000000000000e+02 9.976000000000000145e-02 9.205129005071031531e-03
6.060000000000000000e+02 9.128000000000000003e-02 9.890884692483278146e-03
6.070000000000000000e+02 9.629999999999999671e-02 9.633898483999089185e-03
6.080000000000000000e+02 1.021599999999999869e-01 8.940380305110068662e-03
6.090000000000000000e+02 9.339999999999999691e-02 4.108040895609486182e-03
6.100000000000000000e+02 9.130000000000000615e-02 4.245939236494086257e-03
6.110000000000000000e+02 1.046200000000000047e-01 3.990187965497365291e-03
6.120000000000000000e+02 1.217799999999999994e-01 9.871048576519115755e-03
6.130000000000000000e+02 1.429600000000000037e-01 2.771935064174483460e-02
6.140000000000000000e+02 1.938199999999999923e-01 4.641841875807490442e-02
6.150000000000000000e+02 1.852999999999999647e-01 4.602920811832417192e-02
6.160000000000000000e+02 1.439000000000000001e-01 1.281639574919563908e-02
6.170000000000000000e+02 1.063599999999999823e-01 1.285964229673593542e-02
6.180000000000000000e+02 8.880000000000000393e-02 5.446099521676042027e-03
6.190000000000000000e+02 7.530000000000000582e-02 4.632493928760189963e-03
6.200000000000000000e+02 8.881999999999999618e-02 4.832142382008210862e-03
6.210000000000000000e+02 1.190400000000000069e-01 1.003725061956709484e-02
6.220000000000000000e+02 1.352800000000000114e-01 1.284949804467085122e-02
6.230000000000000000e+02 1.987599999999999922e-01 3.325733603282138295e-02
6.240000000000000000e+02 1.215600000000000014e-01 1.912041840546382584e-02
6.250000000000000000e+02 1.071000000000000008e-01 1.885767748159884044e-02
6.260000000000000000e+02 7.844000000000000972e-02 9.255614512283886000e-03
6.270000000000000000e+02 8.726000000000000423e-02 1.111910068305886103e-02
6.280000000000000000e+02 1.010199999999999987e-01 1.352263287973166916e-02
6.290000000000000000e+02 9.537999999999999257e-02 1.186160191542440928e-02
6.300000000000000000e+02 1.082599999999999951e-01 1.275125091902751077e-02
6.310000000000000000e+02 1.066200000000000064e-01 1.227768707859913308e-02
6.320000000000000000e+02 9.112000000000000655e-02 1.135136996137470558e-02
6.330000000000000000e+02 9.870000000000000995e-02 1.187669987833321096e-02
6.340000000000000000e+02 1.073999999999999816e-01 1.247717916838577898e-02
6.350000000000000000e+02 9.634000000000000896e-02 1.118545484099774980e-02
6.360000000000000000e+02 8.966000000000000358e-02 9.915160109650274223e-03
6.370000000000000000e+02 1.044000000000000067e-01 1.099836351463252641e-02
6.380000000000000000e+02 1.054199999999999998e-01 1.091153518071586760e-02
6.390000000000000000e+02 9.088000000000000245e-02 8.302385199447204212e-03
6.400000000000000000e+02 9.772000000000000131e-02 8.009594246901646786e-03
6.410000000000000000e+02 1.142999999999999988e-01 1.041690933050682180e-02
6.420000000000000000e+02 1.075599999999999890e-01 1.011999999999999879e-02
6.430000000000000000e+02 9.798000000000001153e-02 7.962260985423678938e-03
6.440000000000000000e+02 1.172600000000000031e-01 1.006013916404738251e-02
6.450000000000000000e+02 1.263399999999999801e-01 1.189480558899555854e-02
6.460000000000000000e+02 1.113200000000000023e-01 1.050093329185553849e-02
6.470000000000000000e+02 1.145599999999999952e-01 1.043160582077371293e-02
6.480000000000000000e+02 1.360999999999999988e-01 1.129105840920150566e-02
6.490000000000000000e+02 1.328999999999999626e-01 1.135165186217406384e-02
6.500000000000000000e+02 1.173599999999999921e-01 1.024355407073150766e-02
6.510000000000000000e+02 1.349400000000000044e-01 1.166269265650090280e-02
6.520000000000000000e+02 1.507600000000000051e-01 1.286415174039858521e-02
6.530000000000000000e+02 1.369800000000000184e-01 1.110142333216781324e-02
6.540000000000000000e+02 1.319199999999999817e-01 1.145467590113312915e-02
6.550000000000000000e+02 1.612199999999999744e-01 1.324151048785598625e-02
6.560000000000000000e+02 2.162399999999999878e-01 2.754890923430544994e-02
6.570000000000000000e+02 1.794800000000000006e-01 2.715116203774712092e-02
6.580000000000000000e+02 1.808999999999999775e-01 2.823770528920506451e-02
6.590000000000000000e+02 1.272599999999999842e-01 1.462854743301603665e-02
6.600000000000000000e+02 1.146399999999999919e-01 9.811951895520074074e-03
6.610000000000000000e+02 9.456000000000000516e-02 5.383901930756170885e-03
6.620000000000000000e+02 9.476000000000001089e-02 5.852725860656727772e-03
6.630000000000000000e+02 7.590000000000000913e-02 3.446157280218070575e-03
6.640000000000000000e+02 7.348000000000000365e-02 3.251092124194577496e-03
6.650000000000000000e+02 8.879999999999999005e-02 5.845682167206836533e-03
6.660000000000000000e+02 8.660000000000001030e-02 6.710290604735388333e-03
6.670000000000000000e+02 1.013199999999999934e-01 6.611323619367002677e-03
6.680000000000000000e+02 8.875999999999999168e-02 5.282650849715513075e-03
6.690000000000000000e+02 7.019999999999999851e-02 4.420407221060069884e-03
6.700000000000000000e+02 7.192000000000001170e-02 5.295054296227755426e-03
6.710000000000000000e+02 6.766000000000001180e-02 6.484011104247122681e-03
6.720000000000000000e+02 6.939999999999998948e-02 1.333011627856261344e-02
6.730000000000000000e+02 6.518000000000000183e-02 1.310425884970225878e-02
6.740000000000000000e+02 7.832000000000000073e-02 8.844297597887578952e-03
6.750000000000000000e+02 7.299999999999999545e-02 6.161493325485307634e-03
