# Residue RMSF_average RMSF_std
1.500000000000000000e+02 1.345399999999999929e-01 1.278790053136167129e-02
1.510000000000000000e+02 1.503799999999999859e-01 1.299990769197996617e-02
1.520000000000000000e+02 1.341800000000000215e-01 7.751748189924645600e-03
1.530000000000000000e+02 1.110399999999999998e-01 5.659893991940132506e-03
1.540000000000000000e+02 9.854000000000000259e-02 4.306553146078659008e-03
1.550000000000000000e+02 9.470000000000000639e-02 6.292217415188383796e-03
1.560000000000000000e+02 8.787999999999999978e-02 9.540733724405057667e-03
1.570000000000000000e+02 8.862000000000000433e-02 9.382409072301202760e-03
1.580000000000000000e+02 1.106800000000000006e-01 1.083630933482428692e-02
1.590000000000000000e+02 1.166399999999999937e-01 1.149619067343613486e-02
1.600000000000000000e+02 1.405199999999999783e-01 1.468010899142101547e-02
1.610000000000000000e+02 1.323199999999999932e-01 1.407215690645893975e-02
1.620000000000000000e+02 1.168400000000000133e-01 1.141991243399003049e-02
1.630000000000000000e+02 1.373399999999999899e-01 1.415677929474073136e-02
1.640000000000000000e+02 1.274800000000000100e-01 1.237891756172566048e-02
1.650000000000000000e+02 9.800000000000000377e-02 7.647221717722063258e-03
1.660000000000000000e+02 9.503999999999998560e-02 6.733973566921687415e-03
1.670000000000000000e+02 9.768000000000000294e-02 8.245823185104078981e-03
1.680000000000000000e+02 8.134000000000000952e-02 5.405774690088367002e-03
1.690000000000000000e+02 7.761999999999999456e-02 5.062173446258039743e-03
1.700000000000000000e+02 9.084000000000000408e-02 8.247569338902220257e-03
1.710000000000000000e+02 1.050600000000000006e-01 1.151079493345268448e-02
1.720000000000000000e+02 1.455000000000000182e-01 1.615091328687018671e-02
1.730000000000000000e+02 1.656200000000000172e-01 1.866251858672885941e-02
1.740000000000000000e+02 1.790999999999999814e-01 3.476486732320432926e-02
1.750000000000000000e+02 1.875399999999999845e-01 2.369469138857900614e-02
1.760000000000000000e+02 1.751399999999999901e-01 2.820004255315937750e-02
1.770000000000000000e+02 1.364200000000000135e-01 1.265818312397162804e-02
1.780000000000000000e+02 1.283200000000000174e-01 1.370728273583061811e-02
1.790000000000000000e+02 1.193599999999999939e-01 1.019796058042979174e-02
1.800000000000000000e+02 1.387600000000000222e-01 1.454009628578848551e-02
1.810000000000000000e+02 1.510599999999999998e-01 1.862832252243878245e-02
1.820000000000000000e+02 1.358800000000000008e-01 1.604536070021487376e-02
1.830000000000000000e+02 1.287599999999999856e-01 1.390418641992403719e-02
1.840000000000000000e+02 1.507400000000000129e-01 1.892475627319939457e-02
1.850000000000000000e+02 1.505199999999999871e-01 1.857055734220166079e-02
1.860000000000000000e+02 1.268400000000000083e-01 1.221877244243463508e-02
1.870000000000000000e+02 1.312000000000000111e-01 1.265495950210825463e-02
1.880000000000000000e+02 1.483599999999999919e-01 1.577879589829338236e-02
1.890000000000000000e+02 1.423200000000000021e-01 1.520557792390674068e-02
1.900000000000000000e+02 1.300999999999999934e-01 1.371524699012015812e-02
1.910000000000000000e+02 1.451999999999999957e-01 1.444645285182490774e-02
1.920000000000000000e+02 1.323799999999999977e-01 1.305394959389686096e-02
1.930000000000000000e+02 1.503200000000000092e-01 1.609986335345738040e-02
1.940000000000000000e+02 1.595199999999999951e-01 1.883607177731068394e-02
1.950000000000000000e+02 1.425400000000000000e-01 1.735841006544090043e-02
1.960000000000000000e+02 1.441800000000000026e-01 1.787416012012872299e-02
1.970000000000000000e+02 1.707799999999999874e-01 3.753597740834785368e-02
1.980000000000000000e+02 1.449199999999999933e-01 2.716331349449106064e-02
1.990000000000000000e+02 1.465600000000000236e-01 3.103144211924414864e-02
2.000000000000000000e+02 1.466800000000000048e-01 2.251589660661995965e-02
