# x average std
0.000000000000000000e+00 2.832383000000000095e+00 0.000000000000000000e+00
1.000000000000000000e+03 2.834965600000000308e+00 7.851745248032455937e-03
2.000000000000000000e+03 2.826416800000000062e+00 4.167694345798494439e-03
3.000000000000000000e+03 2.838111600000000401e+00 1.099566050039746910e-02
4.000000000000000000e+03 2.853053000000000061e+00 2.435329603154370165e-02
5.000000000000000000e+03 2.848512399999999722e+00 2.803216604260183945e-02
6.000000000000000000e+03 2.852745200000000203e+00 2.708915768642509644e-02
7.000000000000000000e+03 2.850726599999999777e+00 3.407863757018458201e-02
8.000000000000000000e+03 2.846791399999999861e+00 2.555973153693130023e-02
9.000000000000000000e+03 2.836416999999999966e+00 1.827090722432803821e-02
1.000000000000000000e+04 2.839464200000000105e+00 1.491212614485271093e-02
1.100000000000000000e+04 2.841900799999999894e+00 1.704407021107335468e-02
1.200000000000000000e+04 2.841043800000000008e+00 1.863366326195686415e-02
1.300000000000000000e+04 2.834138999999999520e+00 2.576292760537900184e-02
1.400000000000000000e+04 2.828568200000000310e+00 1.091009547895899386e-02
1.500000000000000000e+04 2.835907999999999873e+00 1.594006508142296191e-02
1.600000000000000000e+04 2.829123800000000077e+00 1.865201562727203041e-02
1.700000000000000000e+04 2.832585799999999931e+00 1.883143252543469093e-02
1.800000000000000000e+04 2.832518400000000547e+00 1.152481272038718800e-02
1.900000000000000000e+04 2.829629199999999845e+00 1.261594721612298298e-02
2.000000000000000000e+04 2.832550799999999924e+00 1.023734136189669540e-02
2.100000000000000000e+04 2.832963399999999687e+00 1.462765310772732794e-02
2.200000000000000000e+04 2.827786199999999805e+00 1.276360922936767804e-02
2.300000000000000000e+04 2.831914800000000287e+00 8.489136714648872623e-03
2.400000000000000000e+04 2.831964399999999937e+00 1.303001660167779109e-02
2.500000000000000000e+04 2.824925400000000142e+00 1.037151731618854954e-02
2.600000000000000000e+04 2.828364399999999890e+00 8.495391141083490083e-03
2.700000000000000000e+04 2.831811400000000312e+00 3.772919431952022774e-03
2.800000000000000000e+04 2.825301800000000529e+00 6.870539058909379271e-03
2.900000000000000000e+04 2.826186600000000215e+00 9.079168036775142267e-03
3.000000000000000000e+04 2.826281799999999844e+00 2.047117133922735088e-03
3.100000000000000000e+04 2.824654200000000337e+00 2.056920066507228386e-03
3.200000000000000000e+04 2.832418000000000102e+00 8.756517138680221940e-03
3.300000000000000000e+04 2.826131999999999866e+00 1.338315893950294162e-02
3.400000000000000000e+04 2.829285800000000073e+00 4.776704110576663817e-03
3.500000000000000000e+04 2.828632399999999603e+00 1.207125293579749958e-02
3.600000000000000000e+04 2.825913600000000248e+00 4.890817093288127651e-03
3.700000000000000000e+04 2.827391200000000104e+00 6.792509798299994211e-03
3.800000000000000000e+04 2.830940800000000479e+00 7.267556051383335623e-03
3.900000000000000000e+04 2.832291800000000137e+00 1.072807463434152439e-02
4.000000000000000000e+04 2.829716799999999921e+00 9.855778272668293261e-03
4.100000000000000000e+04 2.835057400000000172e+00 3.107125913122918501e-03
4.200000000000000000e+04 2.831357999999999819e+00 7.808814942102244167e-03
4.300000000000000000e+04 2.837494000000000405e+00 9.095291771020773408e-03
4.400000000000000000e+04 2.829845200000000283e+00 7.421059800325010072e-03
4.500000000000000000e+04 2.830653200000000425e+00 5.376263103680826126e-03
4.600000000000000000e+04 2.831875799999999721e+00 7.653010738265035064e-03
4.700000000000000000e+04 2.830079999999999707e+00 7.006689632058669265e-03
4.800000000000000000e+04 2.834866200000000003e+00 9.602580432362912283e-03
4.900000000000000000e+04 2.831685599999999692e+00 4.453794903225827100e-03
5.000000000000000000e+04 2.833883399999999941e+00 1.012100697756898073e-02
5.100000000000000000e+04 2.835591800000000440e+00 4.194974250218972897e-03
5.200000000000000000e+04 2.829712199999999900e+00 1.114963352581601480e-02
5.300000000000000000e+04 2.837344399999999656e+00 2.063409724315545812e-02
5.400000000000000000e+04 2.840194200000000002e+00 2.053466268921896876e-02
5.500000000000000000e+04 2.846709200000000273e+00 2.444254421618179129e-02
5.600000000000000000e+04 2.842725000000000168e+00 2.570794969654333420e-02
5.700000000000000000e+04 2.846846600000000116e+00 3.736026720782389260e-02
5.800000000000000000e+04 2.839450800000000275e+00 1.833757583106340044e-02
5.900000000000000000e+04 2.843763399999999830e+00 1.428825557722144743e-02
6.000000000000000000e+04 2.838932600000000139e+00 2.294382516146774298e-02
6.100000000000000000e+04 2.830010600000000043e+00 6.179783381316859489e-03
6.200000000000000000e+04 2.835984799999999861e+00 2.229841514009453171e-02
6.300000000000000000e+04 2.833096400000000070e+00 1.980908024719979510e-02
6.400000000000000000e+04 2.848746999999999918e+00 2.245808909057047179e-02
6.500000000000000000e+04 2.849621800000000427e+00 3.247393707821712855e-02
6.600000000000000000e+04 2.845089000000000201e+00 3.058772304046183249e-02
6.700000000000000000e+04 2.842888400000000093e+00 4.032623310749469669e-02
6.800000000000000000e+04 2.843659600000000065e+00 2.804547192400219657e-02
6.900000000000000000e+04 2.841563399999999628e+00 2.962559483689745574e-02
7.000000000000000000e+04 2.843529399999999985e+00 2.906751550855346880e-02
7.100000000000000000e+04 2.845003000000000171e+00 2.932331442385055845e-02
7.200000000000000000e+04 2.844728799999999946e+00 3.081503658540735158e-02
7.300000000000000000e+04 2.844605399999999840e+00 3.156849707287306267e-02
7.400000000000000000e+04 2.848255599999999887e+00 2.330091843340093352e-02
7.500000000000000000e+04 2.838990200000000019e+00 2.243374407806247514e-02
7.600000000000000000e+04 2.843149200000000043e+00 3.143613045144074553e-02
7.700000000000000000e+04 2.845602199999999637e+00 2.402907829609782914e-02
7.800000000000000000e+04 2.851380799999999827e+00 3.164993008143936193e-02
7.900000000000000000e+04 2.853575999999999890e+00 3.244037830852157522e-02
8.000000000000000000e+04 2.854934000000000083e+00 3.214665847020485578e-02
8.100000000000000000e+04 2.839697399999999483e+00 2.326124173469682616e-02
8.200000000000000000e+04 2.845711199999999774e+00 3.123233874944369645e-02
8.300000000000000000e+04 2.843781200000000009e+00 2.075408327438249545e-02
8.400000000000000000e+04 2.850384000000000029e+00 3.292036023496702074e-02
8.500000000000000000e+04 2.845540000000000180e+00 2.423133434212819057e-02
8.600000000000000000e+04 2.850435599999999958e+00 3.452957459106617555e-02
8.700000000000000000e+04 2.844347399999999748e+00 2.707660875811447945e-02
8.800000000000000000e+04 2.854133599999999937e+00 3.797919595041482355e-02
8.900000000000000000e+04 2.844146400000000519e+00 2.195137353880158640e-02
9.000000000000000000e+04 2.847133600000000264e+00 2.729005646458062054e-02
9.100000000000000000e+04 2.839795000000000069e+00 2.702152476082715984e-02
9.200000000000000000e+04 2.854501800000000422e+00 3.460192634175163207e-02
9.300000000000000000e+04 2.856686999999999976e+00 3.834783606411199669e-02
9.400000000000000000e+04 2.853368600000000033e+00 3.400030018455726943e-02
9.500000000000000000e+04 2.852344200000000107e+00 3.507125514377833209e-02
9.600000000000000000e+04 2.852490199999999643e+00 3.044745183689443607e-02
9.700000000000000000e+04 2.847467200000000087e+00 2.839820015000950673e-02
9.800000000000000000e+04 2.854209399999999786e+00 3.787742972589344670e-02
9.900000000000000000e+04 2.850749400000000211e+00 3.136424490147970284e-02
1.000000000000000000e+05 2.848898600000000059e+00 2.708285021632687514e-02
1.010000000000000000e+05 2.844622999999999902e+00 2.568313161590700042e-02
1.020000000000000000e+05 2.840683199999999964e+00 2.358421229890881807e-02
1.030000000000000000e+05 2.843491800000000236e+00 2.782889043709797089e-02
1.040000000000000000e+05 2.841692600000000013e+00 1.819664404883487505e-02
1.050000000000000000e+05 2.840766599999999809e+00 1.968945003396485940e-02
1.060000000000000000e+05 2.834318600000000021e+00 1.710188213735548690e-02
1.070000000000000000e+05 2.838705200000000151e+00 1.926730287715433532e-02
1.080000000000000000e+05 2.829234800000000050e+00 1.740778317190324817e-02
1.090000000000000000e+05 2.828921999999999937e+00 1.911543855630838673e-02
1.100000000000000000e+05 2.834582999999999853e+00 1.978826716011286915e-02
1.110000000000000000e+05 2.844843599999999917e+00 1.401572497732453404e-02
1.120000000000000000e+05 2.837533800000000106e+00 1.279202094119618292e-02
1.130000000000000000e+05 2.847697599999999607e+00 1.685849808968754165e-02
1.140000000000000000e+05 2.837866399999999789e+00 1.783141078658663850e-02
1.150000000000000000e+05 2.836371199999999870e+00 1.396927762484518817e-02
1.160000000000000000e+05 2.830918400000000279e+00 1.600699727744079801e-02
1.170000000000000000e+05 2.836099399999999715e+00 2.514977511310987138e-02
1.180000000000000000e+05 2.835485199999999928e+00 1.423296350589009669e-02
1.190000000000000000e+05 2.828291600000000017e+00 1.731611550666027621e-02
1.200000000000000000e+05 2.828464199999999984e+00 9.596527338574099841e-03
1.210000000000000000e+05 2.826851599999999909e+00 6.753889563799486163e-03
1.220000000000000000e+05 2.831429599999999880e+00 1.351681754852078997e-02
1.230000000000000000e+05 2.829875200000000035e+00 1.665826909855887272e-02
1.240000000000000000e+05 2.833080199999999937e+00 1.118726671533304406e-02
1.250000000000000000e+05 2.825404199999999921e+00 1.429201532884713695e-02
1.260000000000000000e+05 2.832369799999999938e+00 5.507329421779756130e-03
1.270000000000000000e+05 2.834080199999999827e+00 1.543264497615357868e-02
1.280000000000000000e+05 2.831838799999999878e+00 1.269610433794557923e-02
1.290000000000000000e+05 2.827001600000000003e+00 1.203169116292472987e-02
1.300000000000000000e+05 2.832186399999999882e+00 1.285340643720573814e-02
1.310000000000000000e+05 2.834774999999999601e+00 7.523321713179684060e-03
1.320000000000000000e+05 2.825152999999999359e+00 1.153370613462993341e-02
1.330000000000000000e+05 2.828465200000000124e+00 6.927494479247188128e-03
1.340000000000000000e+05 2.828097199999999756e+00 1.807062926851189452e-02
1.350000000000000000e+05 2.822846999999999884e+00 1.269681204082343147e-02
1.360000000000000000e+05 2.826540599999999959e+00 7.497840238361970326e-03
1.370000000000000000e+05 2.831815800000000216e+00 1.034268076274242470e-02
1.380000000000000000e+05 2.831765799999999889e+00 9.191437415333873415e-03
1.390000000000000000e+05 2.831123400000000068e+00 1.275180838312746888e-02
1.400000000000000000e+05 2.828676799999999769e+00 5.785109900425378440e-03
1.410000000000000000e+05 2.832076199999999933e+00 1.452971497862229691e-02
1.420000000000000000e+05 2.826120000000000410e+00 1.383814223080539162e-02
1.430000000000000000e+05 2.830570599999999715e+00 1.401947054064461677e-02
1.440000000000000000e+05 2.827871799999999602e+00 1.113246129838329004e-02
1.450000000000000000e+05 2.826169200000000270e+00 1.523229006288934553e-02
1.460000000000000000e+05 2.826153800000000160e+00 1.441511437901208705e-02
1.470000000000000000e+05 2.826677199999999779e+00 1.320948509821640374e-02
1.480000000000000000e+05 2.827799800000000197e+00 1.261441464991542444e-02
1.490000000000000000e+05 2.828608399999999801e+00 1.361896114393463565e-02
1.500000000000000000e+05 2.834228800000000437e+00 1.768982957973310247e-02
1.510000000000000000e+05 2.834189599999999754e+00 1.477285162180953446e-02
1.520000000000000000e+05 2.830662799999999812e+00 7.641280557602866952e-03
1.530000000000000000e+05 2.829441000000000095e+00 1.359963948051560664e-02
1.540000000000000000e+05 2.832945400000000280e+00 1.152506401891121961e-02
1.550000000000000000e+05 2.834795999999999871e+00 1.740558554027986371e-02
1.560000000000000000e+05 2.833088200000000167e+00 1.471682035495438384e-02
1.570000000000000000e+05 2.834370400000000068e+00 2.237377944469817748e-02
1.580000000000000000e+05 2.832554000000000016e+00 2.346419541343788481e-02
1.590000000000000000e+05 2.838190800000000014e+00 2.234157119273390280e-02
1.600000000000000000e+05 2.832517199999999402e+00 2.077808530543670887e-02
1.610000000000000000e+05 2.840966799999999903e+00 2.182568358058915164e-02
1.620000000000000000e+05 2.839563399999999849e+00 1.979171081639987534e-02
1.630000000000000000e+05 2.836735999999999702e+00 1.997287252249901196e-02
1.640000000000000000e+05 2.842171800000000026e+00 2.234167002173301220e-02
1.650000000000000000e+05 2.841312400000000071e+00 2.072244953281344657e-02
1.660000000000000000e+05 2.841264999999999485e+00 2.419592065617670595e-02
1.670000000000000000e+05 2.843719600000000014e+00 3.295046296852284506e-02
1.680000000000000000e+05 2.845557000000000336e+00 3.641761656121938334e-02
1.690000000000000000e+05 2.851488999999999940e+00 3.565866521898987396e-02
1.700000000000000000e+05 2.847934799999999989e+00 2.393943002997349703e-02
1.710000000000000000e+05 2.846592799999999812e+00 3.027906564872824210e-02
1.720000000000000000e+05 2.847798399999999397e+00 2.890528329285153505e-02
1.730000000000000000e+05 2.839065799999999307e+00 3.198265805964230907e-02
1.740000000000000000e+05 2.852510600000000007e+00 2.731463310828103827e-02
1.750000000000000000e+05 2.851873200000000441e+00 2.012901402851121832e-02
1.760000000000000000e+05 2.842783000000000282e+00 2.729408925756632298e-02
1.770000000000000000e+05 2.846370199999999961e+00 2.405206161142944485e-02
1.780000000000000000e+05 2.843195600000000489e+00 1.951268834989159859e-02
1.790000000000000000e+05 2.835989399999999883e+00 1.931966006533237037e-02
1.800000000000000000e+05 2.847440599999999655e+00 1.987173797733858549e-02
1.810000000000000000e+05 2.851152800000000376e+00 1.883440134859606929e-02
1.820000000000000000e+05 2.848084199999999733e+00 1.779424088181339944e-02
1.830000000000000000e+05 2.850890199999999819e+00 2.366178943698055842e-02
1.840000000000000000e+05 2.847959999999999603e+00 2.347534279195936935e-02
1.850000000000000000e+05 2.848976799999999976e+00 2.824577626053137447e-02
1.860000000000000000e+05 2.848634600000000017e+00 1.600699540326044890e-02
1.870000000000000000e+05 2.852458200000000055e+00 2.579991555335008763e-02
1.880000000000000000e+05 2.854566999999999855e+00 4.392895334514595324e-02
1.890000000000000000e+05 2.852012999999999909e+00 3.085443565518576625e-02
1.900000000000000000e+05 2.866629999999999789e+00 2.757069209867606119e-02
1.910000000000000000e+05 2.855112200000000211e+00 2.230743280971613299e-02
1.920000000000000000e+05 2.845814999999999984e+00 1.896930740960240530e-02
1.930000000000000000e+05 2.849962600000000013e+00 1.771324518658291131e-02
1.940000000000000000e+05 2.851906799999999631e+00 1.957341390151446509e-02
1.950000000000000000e+05 2.851029399999999825e+00 2.114437161610623409e-02
1.960000000000000000e+05 2.850305800000000112e+00 1.795021429844225955e-02
1.970000000000000000e+05 2.855610400000000215e+00 2.196193212447399359e-02
1.980000000000000000e+05 2.856671400000000194e+00 1.585844327290684280e-02
1.990000000000000000e+05 2.849130600000000069e+00 2.867517527479118700e-02
2.000000000000000000e+05 2.854324000000000083e+00 1.623824994265092928e-02
2.010000000000000000e+05 2.852978400000000025e+00 2.176699318325799049e-02
2.020000000000000000e+05 2.854904599999999792e+00 2.043838259354196357e-02
2.030000000000000000e+05 2.859418999999999933e+00 1.619982327064095270e-02
2.040000000000000000e+05 2.853786599999999840e+00 1.890043162046832828e-02
2.050000000000000000e+05 2.857748599999999861e+00 1.665550659211536416e-02
2.060000000000000000e+05 2.854884199999999872e+00 1.317994366300552327e-02
2.070000000000000000e+05 2.859512400000000287e+00 3.538171289578840445e-02
2.080000000000000000e+05 2.856622600000000123e+00 2.599799772751740581e-02
2.090000000000000000e+05 2.859900999999999804e+00 2.358063019514110639e-02
2.100000000000000000e+05 2.856726000000000099e+00 2.182031541476881983e-02
2.110000000000000000e+05 2.856592399999999810e+00 2.235170500521156331e-02
2.120000000000000000e+05 2.862703600000000126e+00 2.195532714035480434e-02
2.130000000000000000e+05 2.868729600000000435e+00 3.021744507134913049e-02
2.140000000000000000e+05 2.862085800000000013e+00 2.607177948970879761e-02
2.150000000000000000e+05 2.854933000000000387e+00 1.773883831596655483e-02
2.160000000000000000e+05 2.852930799999999767e+00 1.560473883664830787e-02
2.170000000000000000e+05 2.853303600000000273e+00 1.083173518140091024e-02
2.180000000000000000e+05 2.855484399999999923e+00 1.393169154984416624e-02
2.190000000000000000e+05 2.849232199999999882e+00 2.014791947968811933e-02
2.200000000000000000e+05 2.858050200000000096e+00 1.847274376371844939e-02
2.210000000000000000e+05 2.865229399999999593e+00 2.764818686713461232e-02
2.220000000000000000e+05 2.858318199999999809e+00 1.930631978809017185e-02
2.230000000000000000e+05 2.863480999999999721e+00 2.372296854948803199e-02
2.240000000000000000e+05 2.862768599999999886e+00 1.781821833517591158e-02
2.250000000000000000e+05 2.859142199999999967e+00 2.006274880867511823e-02
2.260000000000000000e+05 2.850425999999999682e+00 1.156780070713533774e-02
2.270000000000000000e+05 2.855372000000000021e+00 2.111326969467310424e-02
2.280000000000000000e+05 2.858637199999999989e+00 1.297179724479218671e-02
2.290000000000000000e+05 2.856177800000000211e+00 9.802050059043812894e-03
2.300000000000000000e+05 2.856915600000000222e+00 2.227489159210424563e-02
2.310000000000000000e+05 2.862978000000000023e+00 2.285285127068399647e-02
2.320000000000000000e+05 2.860285799999999767e+00 2.214833315082645471e-02
2.330000000000000000e+05 2.869181600000000110e+00 2.462383769927025193e-02
2.340000000000000000e+05 2.859530999999999601e+00 1.603987658306640224e-02
2.350000000000000000e+05 2.860122999999999749e+00 2.824768920106565662e-02
2.360000000000000000e+05 2.860482399999999981e+00 2.156095690455317460e-02
2.370000000000000000e+05 2.859638599999999808e+00 2.203615236469373337e-02
2.380000000000000000e+05 2.860085400000000000e+00 2.780090678808882707e-02
2.390000000000000000e+05 2.859583999999999904e+00 1.922420699014662504e-02
2.400000000000000000e+05 2.861914399999999858e+00 1.926538397852488316e-02
2.410000000000000000e+05 2.853500200000000042e+00 2.185934646232598130e-02
2.420000000000000000e+05 2.854726799999999898e+00 2.052807741996319144e-02
2.430000000000000000e+05 2.865057600000000093e+00 2.545895737535215989e-02
2.440000000000000000e+05 2.853363199999999544e+00 1.940033356826627656e-02
2.450000000000000000e+05 2.854760599999999648e+00 2.423490168001520353e-02
2.460000000000000000e+05 2.856951800000000041e+00 1.562688038477298355e-02
2.470000000000000000e+05 2.854896800000000123e+00 1.309114010924953414e-02
2.480000000000000000e+05 2.858238599999999963e+00 1.660267381598511810e-02
2.490000000000000000e+05 2.858319600000000182e+00 2.102446004633650584e-02
2.500000000000000000e+05 2.853304800000000085e+00 1.996167609595949147e-02
2.510000000000000000e+05 2.861743600000000498e+00 2.393510736637721042e-02
2.520000000000000000e+05 2.861723399999999806e+00 2.560945941327150144e-02
2.530000000000000000e+05 2.862463400000000213e+00 1.867855132069933671e-02
2.540000000000000000e+05 2.862969399999999887e+00 2.483852105581174988e-02
2.550000000000000000e+05 2.856773600000000357e+00 1.911676848842394985e-02
2.560000000000000000e+05 2.862743400000000271e+00 2.727549907591059544e-02
2.570000000000000000e+05 2.864845200000000425e+00 1.919595168153951509e-02
2.580000000000000000e+05 2.859265199999999840e+00 2.221827861379004065e-02
2.590000000000000000e+05 2.857420799999999872e+00 2.346492638300836167e-02
2.600000000000000000e+05 2.855400599999999844e+00 2.102840882805926889e-02
2.610000000000000000e+05 2.859829200000000071e+00 1.959892371942917322e-02
2.620000000000000000e+05 2.858341000000000243e+00 1.733625626252677937e-02
2.630000000000000000e+05 2.857687199999999983e+00 1.531906779670355427e-02
2.640000000000000000e+05 2.854040999999999606e+00 2.411484031048109419e-02
2.650000000000000000e+05 2.862617799999999768e+00 2.539562205892975655e-02
2.660000000000000000e+05 2.854873200000000111e+00 1.698630718431766787e-02
2.670000000000000000e+05 2.859510400000000452e+00 1.400967797774094366e-02
2.680000000000000000e+05 2.858937000000000062e+00 1.943826763886128892e-02
2.690000000000000000e+05 2.864331799999999983e+00 1.502848994942609061e-02
2.700000000000000000e+05 2.856657400000000457e+00 1.942550570358473130e-02
2.710000000000000000e+05 2.861368800000000157e+00 1.937231665444283379e-02
2.720000000000000000e+05 2.866801200000000271e+00 2.060155887693949570e-02
2.730000000000000000e+05 2.863878999999999841e+00 1.510415275346487819e-02
2.740000000000000000e+05 2.858676599999999901e+00 1.816296701092633137e-02
2.750000000000000000e+05 2.857633799999999891e+00 2.093939787481971168e-02
2.760000000000000000e+05 2.856940999999999953e+00 1.839786468044594253e-02
2.770000000000000000e+05 2.857004799999999900e+00 1.594461253715492854e-02
2.780000000000000000e+05 2.854213799999999690e+00 2.015359306327289476e-02
2.790000000000000000e+05 2.854832600000000387e+00 1.569914900368811136e-02
2.800000000000000000e+05 2.862433000000000227e+00 1.773944101712346400e-02
2.810000000000000000e+05 2.856198999999999710e+00 1.640553109167770113e-02
2.820000000000000000e+05 2.857479399999999892e+00 1.055423692362466269e-02
2.830000000000000000e+05 2.854137800000000169e+00 2.019467607464902476e-02
2.840000000000000000e+05 2.859370199999999862e+00 1.492976725069755130e-02
2.850000000000000000e+05 2.860046200000000205e+00 1.616226026767296833e-02
2.860000000000000000e+05 2.857328800000000335e+00 1.572017831196588153e-02
2.870000000000000000e+05 2.861767799999999973e+00 2.078630265727883855e-02
2.880000000000000000e+05 2.863049000000000177e+00 2.539371380479826454e-02
2.890000000000000000e+05 2.862222599999999950e+00 2.253534464435819756e-02
2.900000000000000000e+05 2.856608000000000036e+00 1.868018005266539397e-02
2.910000000000000000e+05 2.858902599999999516e+00 2.176270893615958948e-02
2.920000000000000000e+05 2.863927599999999796e+00 3.299615496751105020e-02
2.930000000000000000e+05 2.857986600000000266e+00 2.795265849682276871e-02
2.940000000000000000e+05 2.867329199999999911e+00 3.095715219072972188e-02
2.950000000000000000e+05 2.868382400000000221e+00 2.992795579119958416e-02
2.960000000000000000e+05 2.872509599999999885e+00 3.884804579177697503e-02
2.970000000000000000e+05 2.871987400000000079e+00 3.205715972821038262e-02
2.980000000000000000e+05 2.877441200000000254e+00 3.087889848683077545e-02
2.990000000000000000e+05 2.873461200000000382e+00 2.965671147244745495e-02
3.000000000000000000e+05 2.874842999999999815e+00 3.775354353699795357e-02
