# x average std
0.000000000000000000e+00 2.832385599999999837e+00 8.000000001118223948e-07
1.000000000000000000e+03 2.832345399999999902e+00 7.744343396311853880e-03
2.000000000000000000e+03 2.839274800000000099e+00 7.175481542029182001e-03
3.000000000000000000e+03 2.839961999999999875e+00 7.096933337717122210e-03
4.000000000000000000e+03 2.838521800000000095e+00 1.006307436919749200e-02
5.000000000000000000e+03 2.843206999999999596e+00 1.825487769337287222e-02
6.000000000000000000e+03 2.848349800000000265e+00 1.569962281585134470e-02
7.000000000000000000e+03 2.844809800000000166e+00 1.551921615804092297e-02
8.000000000000000000e+03 2.839015400000000078e+00 1.056018129768619349e-02
9.000000000000000000e+03 2.838870599999999911e+00 2.784580297710950378e-02
1.000000000000000000e+04 2.834623999999999810e+00 2.620284341822468055e-02
1.100000000000000000e+04 2.836196799999999740e+00 1.339695700373785651e-02
1.200000000000000000e+04 2.827830399999999855e+00 2.344128410817126681e-02
1.300000000000000000e+04 2.838143200000000199e+00 2.541286045607609595e-02
1.400000000000000000e+04 2.838127399999999856e+00 3.328149952511166160e-02
1.500000000000000000e+04 2.839563599999999965e+00 3.174005245490320315e-02
1.600000000000000000e+04 2.840623200000000015e+00 2.323312701639618921e-02
1.700000000000000000e+04 2.846792200000000328e+00 2.831209175882276607e-02
1.800000000000000000e+04 2.838461200000000240e+00 3.223053502751705574e-02
1.900000000000000000e+04 2.828282600000000091e+00 2.461702796521145209e-02
2.000000000000000000e+04 2.834238400000000269e+00 2.307797052255672679e-02
2.100000000000000000e+04 2.823821800000000160e+00 1.761481548469929700e-02
2.200000000000000000e+04 2.832824200000000125e+00 1.501735656365667942e-02
2.300000000000000000e+04 2.823343799999999959e+00 2.262202231808656955e-02
2.400000000000000000e+04 2.827503799999999679e+00 2.207907557303979279e-02
2.500000000000000000e+04 2.827033000000000129e+00 1.547988165329435874e-02
2.600000000000000000e+04 2.827554600000000029e+00 1.874262300319770938e-02
2.700000000000000000e+04 2.831170600000000093e+00 2.095842027062145424e-02
2.800000000000000000e+04 2.827623599999999904e+00 1.249145680215080385e-02
2.900000000000000000e+04 2.833286600000000099e+00 1.246039493114087758e-02
3.000000000000000000e+04 2.836778999999999940e+00 2.133229741026505810e-02
3.100000000000000000e+04 2.836203999999999947e+00 1.686737226719091376e-02
3.200000000000000000e+04 2.831808000000000103e+00 1.229649434595071582e-02
3.300000000000000000e+04 2.833175400000000010e+00 2.354849251735656804e-02
3.400000000000000000e+04 2.834967600000000143e+00 2.665847028319504736e-02
3.500000000000000000e+04 2.834197199999999750e+00 2.323440968391498815e-02
3.600000000000000000e+04 2.836201200000000089e+00 2.128091955156069526e-02
3.700000000000000000e+04 2.836868800000000412e+00 2.407835560332144756e-02
3.800000000000000000e+04 2.825087799999999927e+00 2.100578633995880962e-02
3.900000000000000000e+04 2.830020600000000108e+00 1.645833185471731741e-02
4.000000000000000000e+04 2.832269799999999726e+00 2.192802644471225637e-02
4.100000000000000000e+04 2.833095200000000258e+00 1.725067083217346822e-02
4.200000000000000000e+04 2.827816400000000563e+00 4.131738355704495623e-03
4.300000000000000000e+04 2.830997200000000102e+00 9.984210362367256300e-03
4.400000000000000000e+04 2.831721799999999956e+00 1.809435762219816640e-02
4.500000000000000000e+04 2.830114400000000252e+00 1.334839248149371528e-02
4.600000000000000000e+04 2.826081600000000638e+00 1.468361321473704573e-02
4.700000000000000000e+04 2.828320399999999957e+00 2.313086257449119276e-02
4.800000000000000000e+04 2.826526000000000316e+00 1.808863448688149619e-02
4.900000000000000000e+04 2.826292199999999699e+00 1.901569128272750236e-02
5.000000000000000000e+04 2.832713599999999943e+00 1.737041495877401226e-02
5.100000000000000000e+04 2.835965400000000081e+00 1.634174715995810601e-02
5.200000000000000000e+04 2.836494199999999744e+00 1.243316454326885180e-02
5.300000000000000000e+04 2.834310000000000329e+00 2.795979120809013313e-02
5.400000000000000000e+04 2.840615800000000135e+00 2.426023738878085173e-02
5.500000000000000000e+04 2.841291400000000245e+00 2.281527671188747844e-02
5.600000000000000000e+04 2.842265199999999936e+00 2.559165058686121291e-02
5.700000000000000000e+04 2.831841399999999620e+00 1.704046840436028790e-02
5.800000000000000000e+04 2.831871199999999700e+00 2.335891159621949001e-02
5.900000000000000000e+04 2.837266200000000183e+00 1.686176507249461526e-02
6.000000000000000000e+04 2.836359599999999759e+00 1.709052104062370320e-02
6.100000000000000000e+04 2.834708999999999701e+00 1.685273869731572852e-02
6.200000000000000000e+04 2.833439400000000052e+00 1.147114849699010751e-02
6.300000000000000000e+04 2.829224599999999867e+00 1.083929474827593532e-02
6.400000000000000000e+04 2.835690399999999833e+00 2.132601917470760070e-02
6.500000000000000000e+04 2.847048800000000046e+00 1.944692594113527420e-02
6.600000000000000000e+04 2.833412000000000042e+00 2.148389932018858819e-02
6.700000000000000000e+04 2.831119600000000069e+00 1.725381528358286426e-02
6.800000000000000000e+04 2.836768999999999430e+00 1.111807936650927031e-02
6.900000000000000000e+04 2.835262799999999750e+00 1.235135032941743656e-02
7.000000000000000000e+04 2.828965199999999847e+00 1.746320838105067108e-02
7.100000000000000000e+04 2.840665200000000112e+00 1.605086100369700411e-02
7.200000000000000000e+04 2.833708800000000139e+00 1.002896785118000643e-02
7.300000000000000000e+04 2.838521400000000305e+00 1.606352181310188171e-02
7.400000000000000000e+04 2.832957399999999737e+00 1.439720223654586580e-02
7.500000000000000000e+04 2.833733000000000057e+00 1.300370479517275017e-02
7.600000000000000000e+04 2.831840800000000158e+00 1.221566085645806390e-02
7.700000000000000000e+04 2.828058200000000078e+00 7.355767163253658890e-03
7.800000000000000000e+04 2.825182600000000210e+00 1.025535560768130010e-02
7.900000000000000000e+04 2.829209800000000108e+00 8.565430996744914649e-03
8.000000000000000000e+04 2.835328000000000070e+00 1.118285630775970804e-02
8.100000000000000000e+04 2.832317600000000102e+00 1.176812021692494152e-02
8.200000000000000000e+04 2.827544000000000057e+00 7.840101989132574820e-03
8.300000000000000000e+04 2.844393800000000194e+00 1.731175988049736200e-02
8.400000000000000000e+04 2.830227999999999522e+00 1.279521759095954454e-02
8.500000000000000000e+04 2.829699600000000093e+00 1.143783213025960019e-02
8.600000000000000000e+04 2.826638399999999773e+00 1.860577784023019488e-02
8.700000000000000000e+04 2.831699799999999989e+00 1.495415887838563718e-02
8.800000000000000000e+04 2.832237999999999811e+00 1.468655902517673924e-02
8.900000000000000000e+04 2.831411800000000589e+00 1.346425668798684194e-02
9.000000000000000000e+04 2.832771000000000150e+00 1.398650359453709573e-02
9.100000000000000000e+04 2.830431399999999709e+00 1.599744027774443675e-02
9.200000000000000000e+04 2.833906199999999931e+00 1.296279597000578494e-02
9.300000000000000000e+04 2.821649399999999641e+00 1.495598437549333984e-02
9.400000000000000000e+04 2.828495599999999666e+00 1.871717662042002642e-02
9.500000000000000000e+04 2.834322400000000464e+00 1.755639689230114805e-02
9.600000000000000000e+04 2.827197400000000194e+00 1.842511362895765323e-02
9.700000000000000000e+04 2.831083399999999806e+00 2.042762310793892755e-02
9.800000000000000000e+04 2.834855000000000125e+00 1.619904330508449217e-02
9.900000000000000000e+04 2.832319000000000031e+00 1.816156839042273527e-02
1.000000000000000000e+05 2.824332400000000298e+00 1.163896630461651663e-02
1.010000000000000000e+05 2.830044800000000027e+00 1.813860818695863658e-02
1.020000000000000000e+05 2.826943599999999890e+00 6.356546250913334625e-03
1.030000000000000000e+05 2.835252200000000222e+00 1.094524575146685851e-02
1.040000000000000000e+05 2.830200000000000049e+00 1.615135032125799425e-02
1.050000000000000000e+05 2.831366399999999839e+00 1.313164476522268691e-02
1.060000000000000000e+05 2.829144199999999998e+00 1.472991261888541986e-02
1.070000000000000000e+05 2.828032199999999996e+00 1.881379723926035474e-02
1.080000000000000000e+05 2.841579799999999878e+00 2.042813310510777774e-02
1.090000000000000000e+05 2.830233999999999916e+00 1.656831600374644720e-02
1.100000000000000000e+05 2.829550800000000699e+00 9.883714977679191119e-03
1.110000000000000000e+05 2.829282999999999770e+00 1.807554539149509865e-02
1.120000000000000000e+05 2.832284800000000047e+00 1.037457741597209472e-02
1.130000000000000000e+05 2.833797200000000238e+00 1.384523605288116854e-02
1.140000000000000000e+05 2.837274599999999758e+00 1.339836223722883947e-02
1.150000000000000000e+05 2.836709799999999948e+00 1.037235636487681030e-02
1.160000000000000000e+05 2.838321399999999883e+00 1.350111640717177423e-02
1.170000000000000000e+05 2.832116000000000078e+00 1.576147357324175768e-02
1.180000000000000000e+05 2.837993199999999661e+00 1.676983448218853298e-02
1.190000000000000000e+05 2.831575800000000420e+00 9.753688028638197657e-03
1.200000000000000000e+05 2.837247799999999653e+00 1.589448706187151020e-02
1.210000000000000000e+05 2.832253600000000038e+00 1.652192439881009986e-02
1.220000000000000000e+05 2.842796000000000323e+00 1.582465889679767965e-02
1.230000000000000000e+05 2.836985799999999891e+00 2.220069161445198738e-02
1.240000000000000000e+05 2.841337400000000013e+00 2.480993493421540172e-02
1.250000000000000000e+05 2.848687799999999548e+00 2.211393096127409891e-02
1.260000000000000000e+05 2.839402799999999782e+00 1.797567541317984796e-02
1.270000000000000000e+05 2.844144000000000005e+00 2.588609372616880455e-02
1.280000000000000000e+05 2.838248600000000010e+00 1.227250469301197425e-02
1.290000000000000000e+05 2.841817400000000049e+00 2.392164690484340980e-02
1.300000000000000000e+05 2.843653999999999460e+00 3.505355054769776491e-02
1.310000000000000000e+05 2.854255999999999904e+00 2.842963753550159164e-02
1.320000000000000000e+05 2.847956400000000166e+00 3.277586474587674409e-02
1.330000000000000000e+05 2.835195600000000038e+00 2.039679355781206030e-02
1.340000000000000000e+05 2.836963599999999808e+00 2.207672313184178003e-02
1.350000000000000000e+05 2.836867999999999945e+00 2.438301416150187584e-02
1.360000000000000000e+05 2.842844400000000160e+00 2.241591653803150924e-02
1.370000000000000000e+05 2.838420600000000071e+00 1.570226058375046724e-02
1.380000000000000000e+05 2.839919200000000199e+00 1.726246508932018087e-02
1.390000000000000000e+05 2.838591799999999665e+00 2.579547306331085241e-02
1.400000000000000000e+05 2.843003200000000064e+00 1.756141444645051286e-02
1.410000000000000000e+05 2.834503400000000006e+00 1.685898469778069481e-02
1.420000000000000000e+05 2.833098199999999789e+00 1.117166643612315866e-02
1.430000000000000000e+05 2.830399600000000238e+00 1.249750788917534418e-02
1.440000000000000000e+05 2.836298600000000114e+00 1.714606563150861476e-02
1.450000000000000000e+05 2.831192799999999732e+00 1.786277364129103262e-02
1.460000000000000000e+05 2.825705200000000250e+00 1.555845819353571247e-02
1.470000000000000000e+05 2.827045199999999703e+00 1.147269273361746326e-02
1.480000000000000000e+05 2.837440800000000429e+00 2.366529323207289259e-02
1.490000000000000000e+05 2.829597799999999719e+00 1.781597668835476281e-02
1.500000000000000000e+05 2.838085199999999642e+00 2.237016947097174302e-02
1.510000000000000000e+05 2.835633000000000070e+00 2.816067878443266614e-02
1.520000000000000000e+05 2.841887599999999736e+00 2.234844721764796954e-02
1.530000000000000000e+05 2.837679200000000179e+00 1.561536247930228258e-02
1.540000000000000000e+05 2.835698000000000274e+00 1.453158963086966654e-02
1.550000000000000000e+05 2.830593000000000359e+00 1.166598818789053686e-02
1.560000000000000000e+05 2.836023799999999984e+00 1.598465623527759241e-02
1.570000000000000000e+05 2.838618799999999887e+00 2.616434740940433781e-02
1.580000000000000000e+05 2.839424799999999749e+00 2.942678186550476416e-02
1.590000000000000000e+05 2.857415000000000038e+00 5.151979766652819287e-02
1.600000000000000000e+05 2.863593000000000277e+00 4.874512560656704685e-02
1.610000000000000000e+05 2.869857199999999775e+00 5.127472913395058479e-02
1.620000000000000000e+05 2.860158799999999779e+00 4.785160690885936069e-02
1.630000000000000000e+05 2.859798599999999968e+00 5.208967821977789764e-02
1.640000000000000000e+05 2.864405600000000440e+00 4.024250385649477679e-02
1.650000000000000000e+05 2.856943799999999811e+00 3.537053712569263042e-02
1.660000000000000000e+05 2.851886599999999827e+00 4.183741093614662399e-02
1.670000000000000000e+05 2.847558799999999835e+00 3.605281105489555049e-02
1.680000000000000000e+05 2.862192600000000198e+00 6.403553690131753851e-02
1.690000000000000000e+05 2.851834199999999875e+00 4.526413051147679112e-02
1.700000000000000000e+05 2.857261800000000740e+00 4.846748362108352359e-02
1.710000000000000000e+05 2.864562600000000181e+00 5.370052018593491489e-02
1.720000000000000000e+05 2.860313600000000456e+00 5.360507000126017718e-02
1.730000000000000000e+05 2.861637400000000220e+00 4.471081127691604873e-02
1.740000000000000000e+05 2.865630000000000344e+00 4.606812924354539152e-02
1.750000000000000000e+05 2.856043600000000460e+00 3.551416191662137151e-02
1.760000000000000000e+05 2.859663400000000077e+00 4.439380607066707729e-02
1.770000000000000000e+05 2.848568199999999884e+00 2.959051017742000272e-02
1.780000000000000000e+05 2.857029999999999959e+00 3.798337891236126113e-02
1.790000000000000000e+05 2.847020399999999896e+00 3.377606381211395448e-02
1.800000000000000000e+05 2.847804799999999581e+00 4.255454227882152912e-02
1.810000000000000000e+05 2.865631800000000062e+00 6.561252979545904862e-02
1.820000000000000000e+05 2.866372799999999721e+00 6.081570985000514518e-02
1.830000000000000000e+05 2.864797400000000049e+00 6.701375222922532904e-02
1.840000000000000000e+05 2.863206799999999497e+00 4.818875847913078186e-02
1.850000000000000000e+05 2.860011200000000198e+00 4.706345879512051356e-02
1.860000000000000000e+05 2.866372799999999721e+00 5.584139848678581347e-02
1.870000000000000000e+05 2.859659200000000290e+00 4.591664737935463592e-02
1.880000000000000000e+05 2.859506199999999776e+00 4.938090550567095921e-02
1.890000000000000000e+05 2.866121199999999813e+00 5.303563024005662763e-02
1.900000000000000000e+05 2.854640799999999867e+00 3.569663277901708592e-02
1.910000000000000000e+05 2.853755999999999737e+00 2.936638244660046831e-02
1.920000000000000000e+05 2.859036999999999829e+00 4.130378211738003347e-02
1.930000000000000000e+05 2.852765199999999890e+00 2.070686225771552896e-02
1.940000000000000000e+05 2.852453800000000150e+00 2.754244880470866838e-02
1.950000000000000000e+05 2.855494600000000105e+00 3.872406173737456131e-02
1.960000000000000000e+05 2.845310599999999912e+00 2.228749025440062564e-02
1.970000000000000000e+05 2.846678800000000287e+00 1.405803103425222814e-02
1.980000000000000000e+05 2.845491999999999688e+00 1.873736731774249681e-02
1.990000000000000000e+05 2.843910399999999505e+00 2.438475610376285990e-02
2.000000000000000000e+05 2.849971000000000032e+00 2.114064135261745428e-02
2.010000000000000000e+05 2.847369200000000156e+00 2.484177992334690027e-02
2.020000000000000000e+05 2.850039200000000328e+00 2.674354164578810616e-02
2.030000000000000000e+05 2.845632799999999740e+00 2.419835400517978199e-02
2.040000000000000000e+05 2.841516799999999954e+00 2.344196440062138939e-02
2.050000000000000000e+05 2.846947600000000023e+00 1.767048453891418430e-02
2.060000000000000000e+05 2.846534199999999792e+00 3.016875003310549516e-02
2.070000000000000000e+05 2.854701200000000050e+00 3.303333013427501436e-02
2.080000000000000000e+05 2.853973199999999988e+00 2.704431879267805636e-02
2.090000000000000000e+05 2.846603200000000555e+00 2.736014308003521106e-02
2.100000000000000000e+05 2.855166200000000210e+00 3.910816996690069658e-02
2.110000000000000000e+05 2.852988199999999530e+00 2.980773391185581947e-02
2.120000000000000000e+05 2.865853199999999656e+00 3.431872445997960486e-02
2.130000000000000000e+05 2.849151200000000106e+00 2.343428553551392401e-02
2.140000000000000000e+05 2.850989399999999563e+00 2.156457221092037205e-02
2.150000000000000000e+05 2.851610800000000001e+00 2.539060316258752101e-02
2.160000000000000000e+05 2.842699199999999760e+00 1.575371123767352333e-02
2.170000000000000000e+05 2.851470400000000183e+00 2.495965510659147943e-02
2.180000000000000000e+05 2.854692599999999914e+00 3.171292597411972530e-02
2.190000000000000000e+05 2.856667400000000079e+00 3.511954007443711390e-02
2.200000000000000000e+05 2.853850800000000021e+00 3.155826020806604820e-02
2.210000000000000000e+05 2.854816799999999599e+00 1.792979208356858256e-02
2.220000000000000000e+05 2.850550400000000373e+00 2.599686131516647236e-02
2.230000000000000000e+05 2.850446799999999392e+00 2.624930262997465097e-02
2.240000000000000000e+05 2.842070399999999886e+00 2.250193027808951654e-02
2.250000000000000000e+05 2.856137999999999622e+00 2.418224526382939388e-02
2.260000000000000000e+05 2.847334999999999727e+00 2.653672269893178615e-02
2.270000000000000000e+05 2.854889399999999799e+00 2.880706147874150316e-02
2.280000000000000000e+05 2.861788600000000127e+00 4.850012740024510494e-02
2.290000000000000000e+05 2.848482200000000297e+00 4.643432195865463546e-02
2.300000000000000000e+05 2.847178800000000010e+00 3.691182636175025650e-02
2.310000000000000000e+05 2.854564600000000230e+00 3.487435125475453479e-02
2.320000000000000000e+05 2.842279199999999673e+00 2.477456878656019573e-02
2.330000000000000000e+05 2.838948199999999922e+00 2.333288771155428779e-02
2.340000000000000000e+05 2.842999600000000182e+00 2.224466495679356878e-02
2.350000000000000000e+05 2.846197799999999667e+00 2.560052849766969799e-02
2.360000000000000000e+05 2.850148399999999693e+00 2.624875819234125801e-02
2.370000000000000000e+05 2.841077199999999969e+00 1.814865307839668915e-02
2.380000000000000000e+05 2.849211600000000288e+00 2.757333679190823381e-02
2.390000000000000000e+05 2.852288999999999852e+00 2.456735017864152340e-02
2.400000000000000000e+05 2.842957799999999757e+00 2.466833847181442579e-02
2.410000000000000000e+05 2.838546000000000014e+00 3.265039608948114985e-02
2.420000000000000000e+05 2.850929200000000385e+00 2.384706771408181755e-02
2.430000000000000000e+05 2.838683800000000090e+00 2.068212107497682806e-02
2.440000000000000000e+05 2.850903399999999976e+00 3.062025440521354280e-02
2.450000000000000000e+05 2.847021600000000152e+00 2.064875579399400723e-02
2.460000000000000000e+05 2.850096999999999881e+00 2.321756627211393059e-02
2.470000000000000000e+05 2.848192599999999963e+00 3.270216931397681298e-02
2.480000000000000000e+05 2.843664799999999993e+00 2.761088329191946009e-02
2.490000000000000000e+05 2.853398600000000229e+00 4.242674519026882335e-02
2.500000000000000000e+05 2.853406600000000015e+00 3.864692912302349070e-02
2.510000000000000000e+05 2.847182199999999774e+00 3.850184729282481177e-02
2.520000000000000000e+05 2.842539400000000160e+00 3.510997013157372837e-02
2.530000000000000000e+05 2.846999999999999975e+00 2.678494179198451230e-02
2.540000000000000000e+05 2.845670399999999489e+00 2.172353284896358025e-02
2.550000000000000000e+05 2.847944199999999704e+00 2.831268934877086488e-02
2.560000000000000000e+05 2.847539999999999960e+00 2.236496917950044766e-02
2.570000000000000000e+05 2.849999599999999855e+00 2.855782005405873777e-02
2.580000000000000000e+05 2.847835400000000128e+00 3.628261262147468996e-02
2.590000000000000000e+05 2.844667999999999974e+00 3.439884267820646907e-02
2.600000000000000000e+05 2.843821799999999733e+00 3.252264965466368507e-02
2.610000000000000000e+05 2.845734399999999997e+00 2.924254599449241376e-02
2.620000000000000000e+05 2.844565000000000232e+00 3.347866871307763476e-02
2.630000000000000000e+05 2.851185599999999987e+00 3.657737089294414018e-02
2.640000000000000000e+05 2.851602199999999865e+00 3.094167191604231537e-02
2.650000000000000000e+05 2.847826799999999992e+00 2.473465340286768593e-02
2.660000000000000000e+05 2.841114799999999718e+00 1.896284633065392286e-02
2.670000000000000000e+05 2.849775799999999748e+00 3.609013541897562738e-02
2.680000000000000000e+05 2.849409800000000104e+00 3.036804508953451151e-02
2.690000000000000000e+05 2.845028799999999691e+00 2.771676351524480358e-02
2.700000000000000000e+05 2.848230999999999735e+00 3.908729843312278712e-02
2.710000000000000000e+05 2.842414600000000124e+00 3.539485043110093127e-02
2.720000000000000000e+05 2.849819600000000008e+00 4.120890018721693610e-02
2.730000000000000000e+05 2.842488000000000348e+00 3.351493988059660312e-02
2.740000000000000000e+05 2.844423200000000040e+00 3.439397717275512190e-02
2.750000000000000000e+05 2.844041400000000053e+00 3.670879589744117238e-02
2.760000000000000000e+05 2.838585000000000136e+00 3.234491284885455953e-02
2.770000000000000000e+05 2.847406600000000232e+00 3.641780543964711486e-02
2.780000000000000000e+05 2.844552799999999770e+00 3.610558103894737081e-02
2.790000000000000000e+05 2.840555400000000397e+00 3.186306025855018681e-02
2.800000000000000000e+05 2.844847999999999821e+00 2.740797100844931736e-02
2.810000000000000000e+05 2.845432199999999856e+00 3.055105208924895413e-02
2.820000000000000000e+05 2.844313600000000442e+00 3.440670317597999128e-02
2.830000000000000000e+05 2.845935200000000442e+00 3.525373468102355190e-02
2.840000000000000000e+05 2.840317999999999898e+00 2.468398311456241473e-02
2.850000000000000000e+05 2.844043600000000005e+00 2.746953132181179785e-02
2.860000000000000000e+05 2.847456000000000209e+00 2.993335454639175705e-02
2.870000000000000000e+05 2.849908000000000108e+00 3.180646926648728751e-02
2.880000000000000000e+05 2.843009200000000014e+00 3.307720526525791821e-02
2.890000000000000000e+05 2.845732800000000395e+00 3.579412286619138711e-02
2.900000000000000000e+05 2.850717200000000506e+00 4.130758565396908111e-02
2.910000000000000000e+05 2.857059000000000015e+00 3.965887936893835314e-02
2.920000000000000000e+05 2.856087800000000065e+00 4.426558766988198529e-02
2.930000000000000000e+05 2.846543400000000279e+00 3.035541897322461061e-02
2.940000000000000000e+05 2.851126800000000294e+00 3.199898533016315438e-02
2.950000000000000000e+05 2.860592599999999930e+00 4.665978834328340930e-02
2.960000000000000000e+05 2.853515799999999825e+00 3.670167505932120378e-02
2.970000000000000000e+05 2.848877199999999554e+00 4.303586092272344149e-02
2.980000000000000000e+05 2.850159600000000015e+00 3.884124212534919435e-02
2.990000000000000000e+05 2.853591200000000327e+00 3.271152979241417902e-02
3.000000000000000000e+05 2.851630199999999782e+00 4.634728330506546201e-02
