# x average std
0.000000000000000000e+00 2.815357000000000109e+00 0.000000000000000000e+00
1.000000000000000000e+03 2.818237199999999998e+00 2.180552168603202678e-03
2.000000000000000000e+03 2.818966600000000433e+00 7.471021124317570559e-03
3.000000000000000000e+03 2.821229999999999905e+00 3.189558590150109660e-03
4.000000000000000000e+03 2.817578800000000161e+00 5.142821614639196855e-03
5.000000000000000000e+03 2.816812000000000094e+00 1.004681945692273773e-02
6.000000000000000000e+03 2.821321600000000096e+00 9.033650792453712733e-03
7.000000000000000000e+03 2.821723799999999560e+00 3.487287220749179725e-03
8.000000000000000000e+03 2.814204600000000500e+00 5.256233579284637532e-03
9.000000000000000000e+03 2.822035200000000188e+00 5.461253350651325798e-03
1.000000000000000000e+04 2.818312600000000057e+00 7.460627978930366513e-03
1.100000000000000000e+04 2.815888600000000075e+00 5.502470739586018920e-03
1.200000000000000000e+04 2.817922600000000166e+00 9.374077354065373999e-03
1.300000000000000000e+04 2.813381200000000248e+00 5.929118936233272047e-03
1.400000000000000000e+04 2.816957799999999956e+00 7.293162233215481384e-03
1.500000000000000000e+04 2.812854200000000304e+00 5.632912120741737257e-03
1.600000000000000000e+04 2.816619600000000112e+00 5.245067267442842136e-03
1.700000000000000000e+04 2.820006799999999814e+00 6.587468934272033838e-03
1.800000000000000000e+04 2.814794400000000252e+00 6.322024916116637284e-03
1.900000000000000000e+04 2.814239399999999502e+00 7.993381176948775868e-03
2.000000000000000000e+04 2.817188999999999943e+00 3.979254754347886017e-03
2.100000000000000000e+04 2.820400999999999936e+00 3.786064341766970636e-03
2.200000000000000000e+04 2.819645599999999863e+00 4.863233105661252977e-03
2.300000000000000000e+04 2.810496999999999801e+00 5.262605134341792092e-03
2.400000000000000000e+04 2.819771999999999945e+00 5.201720715301782171e-03
2.500000000000000000e+04 2.817914999999999726e+00 3.993452240856220151e-03
2.600000000000000000e+04 2.816751399999999794e+00 3.729550943478239858e-03
2.700000000000000000e+04 2.815916200000000202e+00 5.218151067188481207e-03
2.800000000000000000e+04 2.815894000000000119e+00 4.984413746871251515e-03
2.900000000000000000e+04 2.817614400000000074e+00 1.043863099453177894e-02
3.000000000000000000e+04 2.818294600000000205e+00 7.631194076944953011e-03
3.100000000000000000e+04 2.824437000000000086e+00 4.569947089409283347e-03
3.200000000000000000e+04 2.816389399999999821e+00 1.011327514903060873e-02
3.300000000000000000e+04 2.813391399999999987e+00 3.172351342458835932e-03
3.400000000000000000e+04 2.816867799999999811e+00 4.035189680795693914e-03
3.500000000000000000e+04 2.819043800000000211e+00 6.362764411794618290e-03
3.600000000000000000e+04 2.815831800000000218e+00 6.407934656345922603e-03
3.700000000000000000e+04 2.814984599999999837e+00 6.194233789582127489e-03
3.800000000000000000e+04 2.817260000000000097e+00 2.993022017961033399e-03
3.900000000000000000e+04 2.813192999999999611e+00 5.989597615866988634e-03
4.000000000000000000e+04 2.814045399999999919e+00 7.526385257213449344e-03
4.100000000000000000e+04 2.821651200000000248e+00 1.257892062778050331e-02
4.200000000000000000e+04 2.814864000000000033e+00 1.114682080236335110e-02
4.300000000000000000e+04 2.815645799999999976e+00 1.403302194682246561e-02
4.400000000000000000e+04 2.814357199999999892e+00 6.940142344361578154e-03
4.500000000000000000e+04 2.816661600000000210e+00 6.996752435237428742e-03
4.600000000000000000e+04 2.816765600000000092e+00 1.180225803141081095e-02
4.700000000000000000e+04 2.817284200000000016e+00 9.621250633883349918e-03
4.800000000000000000e+04 2.817362399999999933e+00 1.155623455282898254e-02
4.900000000000000000e+04 2.818807999999999758e+00 4.171248110578004882e-03
5.000000000000000000e+04 2.817999200000000037e+00 1.430310597597601353e-02
5.100000000000000000e+04 2.818303199999999897e+00 8.084906342067337340e-03
5.200000000000000000e+04 2.821438399999999458e+00 1.338141831944580570e-02
5.300000000000000000e+04 2.818120000000000402e+00 1.407076310652694701e-02
5.400000000000000000e+04 2.819137200000000121e+00 1.160136658157140573e-02
5.500000000000000000e+04 2.819639000000000006e+00 1.404734023222900530e-02
5.600000000000000000e+04 2.815589800000000142e+00 1.143932260931558066e-02
5.700000000000000000e+04 2.820672599999999974e+00 1.648738858157960605e-02
5.800000000000000000e+04 2.817056599999999911e+00 1.615416803923990646e-02
5.900000000000000000e+04 2.812350200000000022e+00 1.420007055475433488e-02
6.000000000000000000e+04 2.819554600000000022e+00 1.428865226114770133e-02
6.100000000000000000e+04 2.821132200000000090e+00 1.754111884002837810e-02
6.200000000000000000e+04 2.826110400000000134e+00 1.939252328708154435e-02
6.300000000000000000e+04 2.822424400000000499e+00 2.036262071148996905e-02
6.400000000000000000e+04 2.828687199999999624e+00 1.482354318508229823e-02
6.500000000000000000e+04 2.825181600000000071e+00 2.049719235017325933e-02
6.600000000000000000e+04 2.832845800000000303e+00 2.896851335087799809e-02
6.700000000000000000e+04 2.825360000000000316e+00 3.210513147146418222e-02
6.800000000000000000e+04 2.829985799999999774e+00 2.929775240116544791e-02
6.900000000000000000e+04 2.826565200000000111e+00 1.874039200657225818e-02
7.000000000000000000e+04 2.832513200000000175e+00 2.438109269413492319e-02
7.100000000000000000e+04 2.833602799999999977e+00 2.327362524747705191e-02
7.200000000000000000e+04 2.835254799999999964e+00 2.664120788102528059e-02
7.300000000000000000e+04 2.837221600000000343e+00 1.763777483244409819e-02
7.400000000000000000e+04 2.837581799999999710e+00 2.340086778219987659e-02
7.500000000000000000e+04 2.836728800000000383e+00 2.844665420326262725e-02
7.600000000000000000e+04 2.841280600000000156e+00 3.389434038656006370e-02
7.700000000000000000e+04 2.835506000000000082e+00 2.157642535731998587e-02
7.800000000000000000e+04 2.837481200000000037e+00 3.265037255162645674e-02
7.900000000000000000e+04 2.830170199999999969e+00 1.864729773881457567e-02
8.000000000000000000e+04 2.836853000000000069e+00 2.146305142331807192e-02
8.100000000000000000e+04 2.825603000000000087e+00 1.735338245991249403e-02
8.200000000000000000e+04 2.827340399999999754e+00 2.370061541479459577e-02
8.300000000000000000e+04 2.826533200000000079e+00 2.191453194937101681e-02
8.400000000000000000e+04 2.830070399999999875e+00 2.247650026672294923e-02
8.500000000000000000e+04 2.823414799999999669e+00 1.645897066526330263e-02
8.600000000000000000e+04 2.823275399999999546e+00 2.013781803075996232e-02
8.700000000000000000e+04 2.829419999999999824e+00 2.197685398777546317e-02
8.800000000000000000e+04 2.830433199999999871e+00 2.867546314464675464e-02
8.900000000000000000e+04 2.828930199999999839e+00 2.424005782501354594e-02
9.000000000000000000e+04 2.833910999999999625e+00 2.641290823063597443e-02
9.100000000000000000e+04 2.829720600000000363e+00 2.328674059287823978e-02
9.200000000000000000e+04 2.832204200000000061e+00 2.635815249519582806e-02
9.300000000000000000e+04 2.836293600000000303e+00 3.328038338481093678e-02
9.400000000000000000e+04 2.837995399999999613e+00 4.068205763036089606e-02
9.500000000000000000e+04 2.838573599999999697e+00 2.685828133444135429e-02
9.600000000000000000e+04 2.843902200000000047e+00 3.786522600170245945e-02
9.700000000000000000e+04 2.849579199999999979e+00 3.374831420026779688e-02
9.800000000000000000e+04 2.844232199999999988e+00 3.017017012481044633e-02
9.900000000000000000e+04 2.845961200000000080e+00 3.453409555439367756e-02
1.000000000000000000e+05 2.843714799999999876e+00 2.832678301819682026e-02
1.010000000000000000e+05 2.827461599999999908e+00 1.998731684443913123e-02
1.020000000000000000e+05 2.833285600000000404e+00 1.553232972351547940e-02
1.030000000000000000e+05 2.829566600000000154e+00 1.954712673105694909e-02
1.040000000000000000e+05 2.832218600000000031e+00 1.676319140975249256e-02
1.050000000000000000e+05 2.833320600000000411e+00 2.383119630736157263e-02
1.060000000000000000e+05 2.833877399999999991e+00 2.314799979782277903e-02
1.070000000000000000e+05 2.836180000000000145e+00 1.940440684999161780e-02
1.080000000000000000e+05 2.826158200000000065e+00 1.358747451736338346e-02
1.090000000000000000e+05 2.830855399999999467e+00 1.938960007426667950e-02
1.100000000000000000e+05 2.828615799999999680e+00 1.552316304623519404e-02
1.110000000000000000e+05 2.836442200000000025e+00 2.072282782247640565e-02
1.120000000000000000e+05 2.834288599999999825e+00 2.437685496203314747e-02
1.130000000000000000e+05 2.841731400000000018e+00 2.169413115660543193e-02
1.140000000000000000e+05 2.838340599999999991e+00 1.732749218554156118e-02
1.150000000000000000e+05 2.837061400000000067e+00 2.241387371785598728e-02
1.160000000000000000e+05 2.830669199999999996e+00 2.001836048631366882e-02
1.170000000000000000e+05 2.832094000000000111e+00 2.128982140836322215e-02
1.180000000000000000e+05 2.838033200000000367e+00 1.193648412892180620e-02
1.190000000000000000e+05 2.835667599999999844e+00 1.442706460233693540e-02
1.200000000000000000e+05 2.837869599999999881e+00 1.926870077197740533e-02
1.210000000000000000e+05 2.836460199999999876e+00 1.643009143492518351e-02
1.220000000000000000e+05 2.839838799999999885e+00 2.062681248666407494e-02
1.230000000000000000e+05 2.844199399999999933e+00 1.952833208033908502e-02
1.240000000000000000e+05 2.834104200000000073e+00 1.703598130311255801e-02
1.250000000000000000e+05 2.837038399999999960e+00 1.566436100962943778e-02
1.260000000000000000e+05 2.834860400000000169e+00 1.955840034972189737e-02
1.270000000000000000e+05 2.836971799999999710e+00 1.382913150418346379e-02
1.280000000000000000e+05 2.836069599999999635e+00 1.667150690969478738e-02
1.290000000000000000e+05 2.838147999999999449e+00 1.316840423134104689e-02
1.300000000000000000e+05 2.837190999999999796e+00 1.456598824659693404e-02
1.310000000000000000e+05 2.840961000000000070e+00 1.208684959780683549e-02
1.320000000000000000e+05 2.834051999999999794e+00 1.862081550308684191e-02
1.330000000000000000e+05 2.836070199999999542e+00 1.507109991208343235e-02
1.340000000000000000e+05 2.836822800000000200e+00 1.499264784352645832e-02
1.350000000000000000e+05 2.837622399999999878e+00 1.602762997576381854e-02
1.360000000000000000e+05 2.836426399999999681e+00 1.767110724997171187e-02
1.370000000000000000e+05 2.840426999999999591e+00 1.304491154435322327e-02
1.380000000000000000e+05 2.837705599999999606e+00 1.532030110147965946e-02
1.390000000000000000e+05 2.837308600000000069e+00 1.518073030654326985e-02
1.400000000000000000e+05 2.835863599999999707e+00 1.383799041190597774e-02
1.410000000000000000e+05 2.841925199999999929e+00 1.762465213727631985e-02
1.420000000000000000e+05 2.838347999999999871e+00 1.434852375681906073e-02
1.430000000000000000e+05 2.841228999999999782e+00 1.694460916043806498e-02
1.440000000000000000e+05 2.839227799999999746e+00 1.172472920625475083e-02
1.450000000000000000e+05 2.840283800000000358e+00 1.578724000450998366e-02
1.460000000000000000e+05 2.838783000000000278e+00 1.343265421277579225e-02
1.470000000000000000e+05 2.840815800000000113e+00 2.055125343525298492e-02
1.480000000000000000e+05 2.835541800000000112e+00 1.690069075984769464e-02
1.490000000000000000e+05 2.835442800000000041e+00 1.992318361507523089e-02
1.500000000000000000e+05 2.837359999999999438e+00 1.198732055131591923e-02
1.510000000000000000e+05 2.835111799999999960e+00 1.710189658955996866e-02
1.520000000000000000e+05 2.838614399999999982e+00 1.820680679965598625e-02
1.530000000000000000e+05 2.838957599999999637e+00 1.432013903005131816e-02
1.540000000000000000e+05 2.834393399999999730e+00 1.577274391600903478e-02
1.550000000000000000e+05 2.832327399999999606e+00 1.978509553780324545e-02
1.560000000000000000e+05 2.833187399999999911e+00 1.788094335990146611e-02
1.570000000000000000e+05 2.832003400000000060e+00 1.957377987615073825e-02
1.580000000000000000e+05 2.835715599999999448e+00 1.501474755831744799e-02
1.590000000000000000e+05 2.838591599999999993e+00 1.678224874800757216e-02
1.600000000000000000e+05 2.840506399999999765e+00 1.255094958319887856e-02
1.610000000000000000e+05 2.836657799999999785e+00 1.795871780946512938e-02
1.620000000000000000e+05 2.839767400000000386e+00 9.312916333780818165e-03
1.630000000000000000e+05 2.840113000000000110e+00 1.000261485812594872e-02
1.640000000000000000e+05 2.835959400000000130e+00 1.532522570926766851e-02
1.650000000000000000e+05 2.839241599999999810e+00 8.198656489937930850e-03
1.660000000000000000e+05 2.839699399999999763e+00 1.554211663320032022e-02
1.670000000000000000e+05 2.838541600000000109e+00 1.329945822355185596e-02
1.680000000000000000e+05 2.838741600000000087e+00 1.159210804987601158e-02
1.690000000000000000e+05 2.838598799999999756e+00 1.041614626241403087e-02
1.700000000000000000e+05 2.837922799999999857e+00 1.105073886036590965e-02
1.710000000000000000e+05 2.836597999999999953e+00 1.285515854433543978e-02
1.720000000000000000e+05 2.837026199999999498e+00 1.239135084484341461e-02
1.730000000000000000e+05 2.843761599999999667e+00 8.326863913863372449e-03
1.740000000000000000e+05 2.837250199999999722e+00 1.234373841913391848e-02
1.750000000000000000e+05 2.836275200000000218e+00 1.142450078384182367e-02
1.760000000000000000e+05 2.837271199999999993e+00 1.004747210794842971e-02
1.770000000000000000e+05 2.838726799999999884e+00 1.055432626746024075e-02
1.780000000000000000e+05 2.839182600000000001e+00 8.317392923266383326e-03
1.790000000000000000e+05 2.841419199999999812e+00 6.770559250165478389e-03
1.800000000000000000e+05 2.845069999999999766e+00 7.072632466062466101e-03
1.810000000000000000e+05 2.841636199999999945e+00 7.205835812728565715e-03
1.820000000000000000e+05 2.839647999999999506e+00 8.397398954438238874e-03
1.830000000000000000e+05 2.839917999999999942e+00 1.007424643335680034e-02
1.840000000000000000e+05 2.838241999999999710e+00 1.295588698623151465e-02
1.850000000000000000e+05 2.839257200000000037e+00 9.665753263972780285e-03
1.860000000000000000e+05 2.842596200000000017e+00 6.440950563387454718e-03
1.870000000000000000e+05 2.841463599999999978e+00 6.751382987210906121e-03
1.880000000000000000e+05 2.843189199999999861e+00 6.384009755631732917e-03
1.890000000000000000e+05 2.841360199999999558e+00 6.824960377907048244e-03
1.900000000000000000e+05 2.845580400000000232e+00 7.633324324303319801e-03
1.910000000000000000e+05 2.847788800000000009e+00 8.471053237939256061e-03
1.920000000000000000e+05 2.842250999999999639e+00 8.510778225285991344e-03
1.930000000000000000e+05 2.837679800000000085e+00 1.545519127542586101e-02
1.940000000000000000e+05 2.840284599999999493e+00 7.767895560575007775e-03
1.950000000000000000e+05 2.842309799999999775e+00 7.649579946637697150e-03
1.960000000000000000e+05 2.842758799999999919e+00 6.658157504895869522e-03
1.970000000000000000e+05 2.847653999999999908e+00 8.416595487487859781e-03
1.980000000000000000e+05 2.839602000000000182e+00 7.834819027903656627e-03
1.990000000000000000e+05 2.839789599999999581e+00 7.667662136531707383e-03
2.000000000000000000e+05 2.837980799999999526e+00 1.113141599977294886e-02
2.010000000000000000e+05 2.837290600000000218e+00 1.040532574406015376e-02
2.020000000000000000e+05 2.841167999999999694e+00 6.973216044265431561e-03
2.030000000000000000e+05 2.840478799999999637e+00 7.639654164947593841e-03
2.040000000000000000e+05 2.846249400000000040e+00 8.190189218815457570e-03
2.050000000000000000e+05 2.839921200000000034e+00 7.842545234807455842e-03
2.060000000000000000e+05 2.848856599999999961e+00 9.409105963905404352e-03
2.070000000000000000e+05 2.847812199999999905e+00 9.478483220431476244e-03
2.080000000000000000e+05 2.845266199999999746e+00 7.018688663846080027e-03
2.090000000000000000e+05 2.843196999999999974e+00 6.724505186257295590e-03
2.100000000000000000e+05 2.840476400000000012e+00 7.417508061337142571e-03
2.110000000000000000e+05 2.845525999999999556e+00 7.880467879510731979e-03
2.120000000000000000e+05 2.842620799999999726e+00 7.256635016314470603e-03
2.130000000000000000e+05 2.841627799999999926e+00 6.743614947489335459e-03
2.140000000000000000e+05 2.844556800000000329e+00 7.146697290357339333e-03
2.150000000000000000e+05 2.842988799999999650e+00 1.033133388096622168e-02
2.160000000000000000e+05 2.844478799999999641e+00 7.207474991978873348e-03
2.170000000000000000e+05 2.842107999999999635e+00 8.908064548486496065e-03
2.180000000000000000e+05 2.842841599999999858e+00 8.433318744124465582e-03
2.190000000000000000e+05 2.844558999999999394e+00 6.589883701553548266e-03
2.200000000000000000e+05 2.848446800000000056e+00 1.098691671762378613e-02
2.210000000000000000e+05 2.841022199999999831e+00 7.759694823896143290e-03
2.220000000000000000e+05 2.844034599999999635e+00 6.849951199826224968e-03
2.230000000000000000e+05 2.843482199999999516e+00 6.392890563743537126e-03
2.240000000000000000e+05 2.846674199999999821e+00 7.635415991287041598e-03
2.250000000000000000e+05 2.843777600000000128e+00 6.711672298317389145e-03
2.260000000000000000e+05 2.844588400000000128e+00 6.841749501406898040e-03
2.270000000000000000e+05 2.838130199999999714e+00 9.771218151284954967e-03
2.280000000000000000e+05 2.842175399999999907e+00 7.939075276126394617e-03
2.290000000000000000e+05 2.842592799999999809e+00 6.500961264305551816e-03
2.300000000000000000e+05 2.841997000000000106e+00 6.862866602229808141e-03
2.310000000000000000e+05 2.843498199999999976e+00 6.903483277302920398e-03
2.320000000000000000e+05 2.840773599999999899e+00 7.377353037506151519e-03
2.330000000000000000e+05 2.841533599999999549e+00 7.435408384211453572e-03
2.340000000000000000e+05 2.850013800000000153e+00 2.071848599101784941e-02
2.350000000000000000e+05 2.846236400000000000e+00 8.310037078136404617e-03
2.360000000000000000e+05 2.844746200000000336e+00 6.770487113938040806e-03
2.370000000000000000e+05 2.845044200000000245e+00 6.752689490862247637e-03
2.380000000000000000e+05 2.844871599999999834e+00 6.923551187071661991e-03
2.390000000000000000e+05 2.843157999999999852e+00 6.492839594507255306e-03
2.400000000000000000e+05 2.846394199999999763e+00 8.594191605962806998e-03
2.410000000000000000e+05 2.844396999999999842e+00 7.442912575061016479e-03
2.420000000000000000e+05 2.841244399999999892e+00 7.005298925813315848e-03
2.430000000000000000e+05 2.840616800000000275e+00 7.358862993696850367e-03
2.440000000000000000e+05 2.841565200000000235e+00 7.000564588660088475e-03
2.450000000000000000e+05 2.842275399999999674e+00 1.252651183051383538e-02
2.460000000000000000e+05 2.840900800000000004e+00 7.048999231096668081e-03
2.470000000000000000e+05 2.843210800000000038e+00 6.961496086330941704e-03
2.480000000000000000e+05 2.840266599999999642e+00 7.368794354573924600e-03
2.490000000000000000e+05 2.841413199999999417e+00 7.260560953535292496e-03
2.500000000000000000e+05 2.838706799999999753e+00 9.053212190156681785e-03
2.510000000000000000e+05 2.840304399999999951e+00 7.586719675854691237e-03
2.520000000000000000e+05 2.841447599999999962e+00 6.859997510203739990e-03
2.530000000000000000e+05 2.844051200000000001e+00 7.144912354955850094e-03
2.540000000000000000e+05 2.841147399999999656e+00 6.898342919861344229e-03
2.550000000000000000e+05 2.842204199999999847e+00 6.584226192955495646e-03
2.560000000000000000e+05 2.839664799999999989e+00 9.843524641103029368e-03
2.570000000000000000e+05 2.841595199999999544e+00 7.128501424563320893e-03
2.580000000000000000e+05 2.838037799999999944e+00 1.079967329876242027e-02
2.590000000000000000e+05 2.841974599999999462e+00 6.770326390950526414e-03
2.600000000000000000e+05 2.848775799999999858e+00 1.017660437277580730e-02
2.610000000000000000e+05 2.842990200000000023e+00 6.906166415602880276e-03
2.620000000000000000e+05 2.840240600000000004e+00 7.461706496506087354e-03
2.630000000000000000e+05 2.841949199999999731e+00 6.710054646573392068e-03
2.640000000000000000e+05 2.848174399999999995e+00 9.357750768213530732e-03
2.650000000000000000e+05 2.841761199999999654e+00 1.124899141078882642e-02
2.660000000000000000e+05 2.848025400000000040e+00 8.675392500630816836e-03
2.670000000000000000e+05 2.844291599999999587e+00 6.576767065967993077e-03
2.680000000000000000e+05 2.842792800000000231e+00 6.426025627088729174e-03
2.690000000000000000e+05 2.850457999999999714e+00 1.167650021196423027e-02
2.700000000000000000e+05 2.844975600000000160e+00 7.448473631557103215e-03
2.710000000000000000e+05 2.842239000000000182e+00 7.115461840246340396e-03
2.720000000000000000e+05 2.843954399999999882e+00 6.469845086244423171e-03
2.730000000000000000e+05 2.845340000000000202e+00 7.428499687016288343e-03
2.740000000000000000e+05 2.838996400000000087e+00 9.850508222421920299e-03
2.750000000000000000e+05 2.843529999999999891e+00 6.911371586016853454e-03
2.760000000000000000e+05 2.845972999999999864e+00 7.337840554277579551e-03
2.770000000000000000e+05 2.839645199999999647e+00 9.390190741406755082e-03
2.780000000000000000e+05 2.843891600000000075e+00 1.119558753438159790e-02
2.790000000000000000e+05 2.846356800000000131e+00 7.426788953511564116e-03
2.800000000000000000e+05 2.844542800000000149e+00 8.019465852536586392e-03
2.810000000000000000e+05 2.841526400000000230e+00 8.226877137772297538e-03
2.820000000000000000e+05 2.841363400000000095e+00 1.023016092933048959e-02
2.830000000000000000e+05 2.843303399999999925e+00 1.525281081768213760e-02
2.840000000000000000e+05 2.841442399999999591e+00 8.696591713999328455e-03
2.850000000000000000e+05 2.845915199999999423e+00 1.204094606582060273e-02
2.860000000000000000e+05 2.842288799999999949e+00 6.826527650277317873e-03
2.870000000000000000e+05 2.841700600000000243e+00 7.964246470319763516e-03
2.880000000000000000e+05 2.844609399999999511e+00 7.727876256773320331e-03
2.890000000000000000e+05 2.845967600000000264e+00 7.376956407625144194e-03
2.900000000000000000e+05 2.841377800000000065e+00 6.961476808838868574e-03
2.910000000000000000e+05 2.842868399999999518e+00 7.410238338947056601e-03
2.920000000000000000e+05 2.841176199999999596e+00 7.843949398103091525e-03
2.930000000000000000e+05 2.841601800000000289e+00 8.866891572586185072e-03
2.940000000000000000e+05 2.849536599999999531e+00 9.995824780377072366e-03
2.950000000000000000e+05 2.842960800000000177e+00 6.733223162795151477e-03
2.960000000000000000e+05 2.841897600000000246e+00 7.688025613901204418e-03
2.970000000000000000e+05 2.841643399999999708e+00 9.033170110210509210e-03
2.980000000000000000e+05 2.843528200000000172e+00 9.780650763625180558e-03
2.990000000000000000e+05 2.844112799999999996e+00 8.362525011023955179e-03
3.000000000000000000e+05 2.848982000000000347e+00 1.267398625531842259e-02
