# x average std
0.000000000000000000e+00 2.860576000000000008e+00 0.000000000000000000e+00
1.000000000000000000e+03 2.846458399999999944e+00 7.153401948723479321e-03
2.000000000000000000e+03 2.852491800000000133e+00 2.031071344290989039e-02
3.000000000000000000e+03 2.841579400000000089e+00 6.276809909500236789e-03
4.000000000000000000e+03 2.846842999999999790e+00 1.269580275524151251e-02
5.000000000000000000e+03 2.853278599999999887e+00 8.341172929510559664e-03
6.000000000000000000e+03 2.851541199999999776e+00 1.071062006421669502e-02
7.000000000000000000e+03 2.847564599999999668e+00 1.317957082154038416e-02
8.000000000000000000e+03 2.841541000000000317e+00 1.465843012058249198e-02
9.000000000000000000e+03 2.846147799999999783e+00 1.831543583319816121e-02
1.000000000000000000e+04 2.851312999999999764e+00 1.121707323681173270e-02
1.100000000000000000e+04 2.844458999999999627e+00 1.253692688022077679e-02
1.200000000000000000e+04 2.847960800000000070e+00 2.144716211903113443e-02
1.300000000000000000e+04 2.848069400000000417e+00 1.592322641426668559e-02
1.400000000000000000e+04 2.849706199999999967e+00 8.561696336591179124e-03
1.500000000000000000e+04 2.846174000000000426e+00 1.306968291887753743e-02
1.600000000000000000e+04 2.853433400000000120e+00 8.824410520822280682e-03
1.700000000000000000e+04 2.851550599999999491e+00 1.065338771659049902e-02
1.800000000000000000e+04 2.853914599999999968e+00 5.039653940500332836e-03
1.900000000000000000e+04 2.853949199999999742e+00 7.552188858867409094e-03
2.000000000000000000e+04 2.853613399999999523e+00 6.956598668889811196e-03
2.100000000000000000e+04 2.849869600000000336e+00 5.175876026335982268e-03
2.200000000000000000e+04 2.855837600000000087e+00 7.255609294883585102e-03
2.300000000000000000e+04 2.856119000000000074e+00 8.580785185517693717e-03
2.400000000000000000e+04 2.849119199999999630e+00 1.214383045665581515e-02
2.500000000000000000e+04 2.856513000000000080e+00 1.880981055725978665e-02
2.600000000000000000e+04 2.856855599999999828e+00 1.244784374259259342e-02
2.700000000000000000e+04 2.858239199999999869e+00 9.610876909002641355e-03
2.800000000000000000e+04 2.860051800000000366e+00 6.286988003805935900e-03
2.900000000000000000e+04 2.862754600000000149e+00 4.616520403940619494e-03
3.000000000000000000e+04 2.858425800000000017e+00 3.743736710827716245e-03
3.100000000000000000e+04 2.857669999999999710e+00 9.212134540919418926e-03
3.200000000000000000e+04 2.854493799999999748e+00 7.038438133563451257e-03
3.300000000000000000e+04 2.856227599999999534e+00 9.926169565345890206e-03
3.400000000000000000e+04 2.854569399999999924e+00 1.380662359304398248e-02
3.500000000000000000e+04 2.853474799999999867e+00 7.760364898637238038e-03
3.600000000000000000e+04 2.854750600000000027e+00 1.277254656832371715e-02
3.700000000000000000e+04 2.858296399999999959e+00 9.778516914133847729e-03
3.800000000000000000e+04 2.859125600000000045e+00 1.205054774854665174e-02
3.900000000000000000e+04 2.854398799999999792e+00 7.520623841145077787e-03
4.000000000000000000e+04 2.856449799999999595e+00 1.144580100124066233e-02
4.100000000000000000e+04 2.858839999999999826e+00 1.735951490105630199e-02
4.200000000000000000e+04 2.860181600000000213e+00 2.687132689392175353e-02
4.300000000000000000e+04 2.858228200000000108e+00 1.655122132532815815e-02
4.400000000000000000e+04 2.865033599999999403e+00 1.177182182332031472e-02
4.500000000000000000e+04 2.857042600000000654e+00 1.537606059561423370e-02
4.600000000000000000e+04 2.855696599999999474e+00 1.298276463007794375e-02
4.700000000000000000e+04 2.858771599999999857e+00 8.732168404239558715e-03
4.800000000000000000e+04 2.859015800000000329e+00 7.406524944938751645e-03
4.900000000000000000e+04 2.856040199999999807e+00 5.968366791677704418e-03
5.000000000000000000e+04 2.853536199999999745e+00 3.433215658824899461e-03
5.100000000000000000e+04 2.851919599999999999e+00 9.913918188082803534e-03
5.200000000000000000e+04 2.857419400000000387e+00 4.438422584657715497e-03
5.300000000000000000e+04 2.858800000000000008e+00 4.036069821001570315e-03
5.400000000000000000e+04 2.857553799999999811e+00 1.223481588582351134e-02
5.500000000000000000e+04 2.867489800000000422e+00 7.962716305382163892e-03
5.600000000000000000e+04 2.861581800000000619e+00 3.471545730650853114e-03
5.700000000000000000e+04 2.859461599999999493e+00 7.416519927836699722e-03
5.800000000000000000e+04 2.858221599999999363e+00 8.934924075782691225e-03
5.900000000000000000e+04 2.851604800000000495e+00 8.103567989472376318e-03
6.000000000000000000e+04 2.855389200000000294e+00 1.046330147515594361e-02
6.100000000000000000e+04 2.861026200000000408e+00 8.217832668045738087e-03
6.200000000000000000e+04 2.858792000000000222e+00 6.295889675018229506e-03
6.300000000000000000e+04 2.850647599999999837e+00 7.404274430354345661e-03
6.400000000000000000e+04 2.856651800000000296e+00 6.711996495827445529e-03
6.500000000000000000e+04 2.855821399999999954e+00 1.376692492316280471e-02
6.600000000000000000e+04 2.855072999999999972e+00 1.049802238519228874e-02
6.700000000000000000e+04 2.853074600000000238e+00 1.181455720033560731e-02
6.800000000000000000e+04 2.859604200000000152e+00 5.274993057815371804e-03
6.900000000000000000e+04 2.856732000000000049e+00 9.615832922841311553e-03
7.000000000000000000e+04 2.863153200000000176e+00 9.376068630294810691e-03
7.100000000000000000e+04 2.855739799999999828e+00 8.110992624827112821e-03
7.200000000000000000e+04 2.862117199999999695e+00 9.441719745893742063e-03
7.300000000000000000e+04 2.853472800000000031e+00 9.525148091237134809e-03
7.400000000000000000e+04 2.860210999999999615e+00 1.053685586880642559e-02
7.500000000000000000e+04 2.859203599999999845e+00 1.152674910978799747e-02
7.600000000000000000e+04 2.856530400000000469e+00 7.082936837216628236e-03
7.700000000000000000e+04 2.860356000000000343e+00 9.786288244273199516e-03
7.800000000000000000e+04 2.861855199999999932e+00 1.182343268936735491e-02
7.900000000000000000e+04 2.862854399999999799e+00 1.005592071567787578e-02
8.000000000000000000e+04 2.858383399999999686e+00 1.654426598673983118e-02
8.100000000000000000e+04 2.859147000000000105e+00 6.403148256912404544e-03
8.200000000000000000e+04 2.855792200000000225e+00 4.184353780454078131e-03
8.300000000000000000e+04 2.860928399999999705e+00 5.699041203571000511e-03
8.400000000000000000e+04 2.864072199999999846e+00 6.370578479227795472e-03
8.500000000000000000e+04 2.862944400000000389e+00 9.893679772460844263e-03
8.600000000000000000e+04 2.860717399999999966e+00 1.062526303862643996e-02
8.700000000000000000e+04 2.858210799999999718e+00 1.383394626850925797e-02
8.800000000000000000e+04 2.863286199999999670e+00 1.014032578174874424e-02
8.900000000000000000e+04 2.854069399999999757e+00 8.944775740061977273e-03
9.000000000000000000e+04 2.866299000000000152e+00 1.498348057028134166e-02
9.100000000000000000e+04 2.858945800000000315e+00 6.365049109001495557e-03
9.200000000000000000e+04 2.858787600000000317e+00 1.245569448244452856e-02
9.300000000000000000e+04 2.864079000000000264e+00 7.808679581081622717e-03
9.400000000000000000e+04 2.861421200000000109e+00 6.430042873885116576e-03
9.500000000000000000e+04 2.864045399999999741e+00 1.363222003343552390e-02
9.600000000000000000e+04 2.862522200000000350e+00 8.927646260913276247e-03
9.700000000000000000e+04 2.855733599999999761e+00 1.155219358563558396e-02
9.800000000000000000e+04 2.856203800000000292e+00 1.117361487433668824e-02
9.900000000000000000e+04 2.860277200000000075e+00 1.501665121656626731e-02
1.000000000000000000e+05 2.862688399999999689e+00 2.080694884503731662e-02
1.010000000000000000e+05 2.861312000000000300e+00 1.413737841327027123e-02
1.020000000000000000e+05 2.857631800000000055e+00 1.896645533988879431e-02
1.030000000000000000e+05 2.867219399999999752e+00 1.429285877072880226e-02
1.040000000000000000e+05 2.862060200000000165e+00 1.303957188561033834e-02
1.050000000000000000e+05 2.862358800000000425e+00 2.076216977485728643e-02
1.060000000000000000e+05 2.862420600000000093e+00 1.829308080778072748e-02
1.070000000000000000e+05 2.859907799999999778e+00 1.321404364152021366e-02
1.080000000000000000e+05 2.866047400000000245e+00 1.167988430764624851e-02
1.090000000000000000e+05 2.859507999999999939e+00 5.125693240918783797e-03
1.100000000000000000e+05 2.861212199999999761e+00 1.336234260000855427e-02
1.110000000000000000e+05 2.862891600000000203e+00 1.647092358794729344e-02
1.120000000000000000e+05 2.861917399999999834e+00 1.229705001372284612e-02
1.130000000000000000e+05 2.860809799999999736e+00 5.903397543787859691e-03
1.140000000000000000e+05 2.856299400000000155e+00 8.012881444274625245e-03
1.150000000000000000e+05 2.862632200000000182e+00 1.202908298084277676e-02
1.160000000000000000e+05 2.865995199999999965e+00 1.190218965400902627e-02
1.170000000000000000e+05 2.861007000000000300e+00 1.435905964887677910e-02
1.180000000000000000e+05 2.855449599999999588e+00 8.369168288426258318e-03
1.190000000000000000e+05 2.864060999999999524e+00 1.214915669501392091e-02
1.200000000000000000e+05 2.855213599999999907e+00 1.438326851032130718e-02
1.210000000000000000e+05 2.860985999999999585e+00 1.777119310569779537e-02
1.220000000000000000e+05 2.852415000000000145e+00 1.402819060321048965e-02
1.230000000000000000e+05 2.861129400000000267e+00 1.264631363836899759e-02
1.240000000000000000e+05 2.853650800000000043e+00 8.994332379893577381e-03
1.250000000000000000e+05 2.859339999999999993e+00 1.347547492298505935e-02
1.260000000000000000e+05 2.854994999999999727e+00 1.071031196557786953e-02
1.270000000000000000e+05 2.855731999999999715e+00 1.689906236452185656e-02
1.280000000000000000e+05 2.853338800000000397e+00 1.267485868008005369e-02
1.290000000000000000e+05 2.864545800000000142e+00 6.751749770244775545e-03
1.300000000000000000e+05 2.858815000000000328e+00 1.227122947385464458e-02
1.310000000000000000e+05 2.853647200000000161e+00 6.467554326018414880e-03
1.320000000000000000e+05 2.856701600000000063e+00 7.199286592434087952e-03
1.330000000000000000e+05 2.851449800000000145e+00 7.385746960192965394e-03
1.340000000000000000e+05 2.854929599999999734e+00 8.470415470329646992e-03
1.350000000000000000e+05 2.856399399999999922e+00 4.119014280140326570e-03
1.360000000000000000e+05 2.861846200000000007e+00 5.094878188926666579e-03
1.370000000000000000e+05 2.861833199999999966e+00 6.994826042154312154e-03
1.380000000000000000e+05 2.862689000000000039e+00 5.076058825506257581e-03
1.390000000000000000e+05 2.858076800000000084e+00 7.304906060997718928e-03
1.400000000000000000e+05 2.868846399999999797e+00 1.104577031446883975e-02
1.410000000000000000e+05 2.871983799999999754e+00 1.383662238264828787e-02
1.420000000000000000e+05 2.866464400000000357e+00 2.029371476689274117e-02
1.430000000000000000e+05 2.871617599999999992e+00 2.037515230470677771e-02
1.440000000000000000e+05 2.866323399999999744e+00 1.850665063808150726e-02
1.450000000000000000e+05 2.869612599999999958e+00 1.710278625955433465e-02
1.460000000000000000e+05 2.864264599999999827e+00 9.769911639313847568e-03
1.470000000000000000e+05 2.865276399999999946e+00 1.077116550053902784e-02
1.480000000000000000e+05 2.869935599999999809e+00 1.624764370116468792e-02
1.490000000000000000e+05 2.859706400000000315e+00 1.723061658327997361e-02
1.500000000000000000e+05 2.876365400000000072e+00 1.565623251743537142e-02
1.510000000000000000e+05 2.867223799999999656e+00 1.208385502064635193e-02
1.520000000000000000e+05 2.864048400000000161e+00 9.813554781015941531e-03
1.530000000000000000e+05 2.868252400000000257e+00 2.304247749353364669e-02
1.540000000000000000e+05 2.866555400000000198e+00 1.501720867005580141e-02
1.550000000000000000e+05 2.865216400000000441e+00 1.580894643674904052e-02
1.560000000000000000e+05 2.868904399999999910e+00 2.630011075718124980e-02
1.570000000000000000e+05 2.869273999999999880e+00 1.889993324855935436e-02
1.580000000000000000e+05 2.870456399999999686e+00 2.360456883402025155e-02
1.590000000000000000e+05 2.870644400000000207e+00 2.206574666400382134e-02
1.600000000000000000e+05 2.865972799999999765e+00 1.574536502466673815e-02
1.610000000000000000e+05 2.866534600000000044e+00 9.181803822779008653e-03
1.620000000000000000e+05 2.863470400000000193e+00 9.912108122897020021e-03
1.630000000000000000e+05 2.866464600000000029e+00 1.157204802271404563e-02
1.640000000000000000e+05 2.864092800000000327e+00 4.555086624862361364e-03
1.650000000000000000e+05 2.863241799999999948e+00 3.897812022147830943e-03
1.660000000000000000e+05 2.866879200000000072e+00 8.399756029790287834e-03
1.670000000000000000e+05 2.876128200000000135e+00 1.035821998994042835e-02
1.680000000000000000e+05 2.870786199999999955e+00 1.432906417600245987e-02
1.690000000000000000e+05 2.878314399999999829e+00 1.589835280272769436e-02
1.700000000000000000e+05 2.878737799999999680e+00 1.744363237860738214e-02
1.710000000000000000e+05 2.872143599999999797e+00 1.575130175699776536e-02
1.720000000000000000e+05 2.863558199999999498e+00 8.423228701632246712e-03
1.730000000000000000e+05 2.866002200000000055e+00 9.001360461619190706e-03
1.740000000000000000e+05 2.867282799999999909e+00 8.448302584543165156e-03
1.750000000000000000e+05 2.861459799999999554e+00 7.180171931089079917e-03
1.760000000000000000e+05 2.871642999999999724e+00 9.368833032987782666e-03
1.770000000000000000e+05 2.869781999999999833e+00 1.878902927774612000e-02
1.780000000000000000e+05 2.871633000000000102e+00 1.726572917660871426e-02
1.790000000000000000e+05 2.876446399999999848e+00 1.508370729761081795e-02
1.800000000000000000e+05 2.871138400000000424e+00 9.264408661107273110e-03
1.810000000000000000e+05 2.869431000000000065e+00 1.107987971053846048e-02
1.820000000000000000e+05 2.868281199999999753e+00 9.237248235270128019e-03
1.830000000000000000e+05 2.864736399999999517e+00 1.100178862912761305e-02
1.840000000000000000e+05 2.872806599999999655e+00 6.896508699334732463e-03
1.850000000000000000e+05 2.867053399999999641e+00 7.162540013151851362e-03
1.860000000000000000e+05 2.866908800000000035e+00 1.657047351646909542e-02
1.870000000000000000e+05 2.869040400000000268e+00 1.151001424152035303e-02
1.880000000000000000e+05 2.874550399999999950e+00 1.067993233311886024e-02
1.890000000000000000e+05 2.870182600000000139e+00 6.527119383004950301e-03
1.900000000000000000e+05 2.867012799999999917e+00 1.363656175727588626e-02
1.910000000000000000e+05 2.874473199999999729e+00 8.643873261449419240e-03
1.920000000000000000e+05 2.863852400000000298e+00 1.035839820821731622e-02
1.930000000000000000e+05 2.868164799999999737e+00 1.059400784217186253e-02
1.940000000000000000e+05 2.869658799999999843e+00 7.194373062331419974e-03
1.950000000000000000e+05 2.879612599999999745e+00 1.191427875450296742e-02
1.960000000000000000e+05 2.875831400000000038e+00 1.121375483234755659e-02
1.970000000000000000e+05 2.872033600000000408e+00 1.872099835585700617e-02
1.980000000000000000e+05 2.867948799999999743e+00 1.970395374943824732e-02
1.990000000000000000e+05 2.876065800000000117e+00 4.356322347760779867e-02
2.000000000000000000e+05 2.873374999999999790e+00 3.268180028700987810e-02
2.010000000000000000e+05 2.872535600000000411e+00 3.303054560615061030e-02
2.020000000000000000e+05 2.872323999999999877e+00 3.402323732980160054e-02
2.030000000000000000e+05 2.883366800000000119e+00 3.343043027781714138e-02
2.040000000000000000e+05 2.872154400000000329e+00 2.271630576128087081e-02
2.050000000000000000e+05 2.871640800000000215e+00 3.207822962945425238e-02
2.060000000000000000e+05 2.872239200000000103e+00 2.596459968033391214e-02
2.070000000000000000e+05 2.870259400000000127e+00 2.646020676109700140e-02
2.080000000000000000e+05 2.874693599999999627e+00 3.897374685913587711e-02
2.090000000000000000e+05 2.867125000000000146e+00 2.326465792570347677e-02
2.100000000000000000e+05 2.872513800000000117e+00 3.454853255581196575e-02
2.110000000000000000e+05 2.881781000000000148e+00 3.134496332108242800e-02
2.120000000000000000e+05 2.894653400000000154e+00 6.206355357083569169e-02
2.130000000000000000e+05 2.875536400000000103e+00 3.103033007623340681e-02
2.140000000000000000e+05 2.879357200000000283e+00 3.137973153741123455e-02
2.150000000000000000e+05 2.880632199999999976e+00 3.776148348992659776e-02
2.160000000000000000e+05 2.875483800000000034e+00 3.459100881674322114e-02
2.170000000000000000e+05 2.872993199999999803e+00 2.687483018290525230e-02
2.180000000000000000e+05 2.873857000000000106e+00 2.320011038766848360e-02
2.190000000000000000e+05 2.866426399999999930e+00 1.487849520079239339e-02
2.200000000000000000e+05 2.868708000000000258e+00 2.269417436259802551e-02
2.210000000000000000e+05 2.867712399999999828e+00 1.840781247840164725e-02
2.220000000000000000e+05 2.862865600000000121e+00 1.577789491155274712e-02
2.230000000000000000e+05 2.856256600000000478e+00 1.144646446026024306e-02
2.240000000000000000e+05 2.866494199999999548e+00 1.814453977812601967e-02
2.250000000000000000e+05 2.865587199999999779e+00 1.507437751152597601e-02
2.260000000000000000e+05 2.869324599999999670e+00 2.081338424764224426e-02
2.270000000000000000e+05 2.869917799999999630e+00 3.327335413450241419e-02
2.280000000000000000e+05 2.869590599999999991e+00 2.739877074322855446e-02
2.290000000000000000e+05 2.869905600000000057e+00 2.445409182611360185e-02
2.300000000000000000e+05 2.860374599999999656e+00 1.514928329129795921e-02
2.310000000000000000e+05 2.866192199999999968e+00 1.952624767229997962e-02
2.320000000000000000e+05 2.865634400000000248e+00 2.325525611641371393e-02
2.330000000000000000e+05 2.859871599999999958e+00 1.421660816932092397e-02
2.340000000000000000e+05 2.866232799999999692e+00 8.753651612898351309e-03
2.350000000000000000e+05 2.866836800000000185e+00 1.743878118906252300e-02
2.360000000000000000e+05 2.849372200000000355e+00 7.217003627545101434e-03
2.370000000000000000e+05 2.863787799999999883e+00 1.294949933240661238e-02
2.380000000000000000e+05 2.862148799999999937e+00 5.690297827003426220e-03
2.390000000000000000e+05 2.863050000000000317e+00 2.011515210979028870e-02
2.400000000000000000e+05 2.870916600000000152e+00 9.455667244568281490e-03
2.410000000000000000e+05 2.865647599999999962e+00 1.132270528804846244e-02
2.420000000000000000e+05 2.867334000000000493e+00 1.960039055733340738e-02
2.430000000000000000e+05 2.866679199999999650e+00 2.615652809835421894e-02
2.440000000000000000e+05 2.873115199999999980e+00 1.988185447487230556e-02
2.450000000000000000e+05 2.864161000000000179e+00 1.415325846580917438e-02
2.460000000000000000e+05 2.871372200000000152e+00 2.680633829078482230e-02
2.470000000000000000e+05 2.870061199999999868e+00 1.969738195192453911e-02
2.480000000000000000e+05 2.866918000000000077e+00 2.228979578192666691e-02
2.490000000000000000e+05 2.859592800000000157e+00 1.160521705785818800e-02
2.500000000000000000e+05 2.855056600000000167e+00 1.347384759599128470e-02
2.510000000000000000e+05 2.856514199999999448e+00 1.819888264042599998e-02
2.520000000000000000e+05 2.856028400000000023e+00 1.829193983808174995e-02
2.530000000000000000e+05 2.866138400000000086e+00 1.666081855852228830e-02
2.540000000000000000e+05 2.857527199999999823e+00 2.162967718113249435e-02
2.550000000000000000e+05 2.857678200000000057e+00 1.866527864672795980e-02
2.560000000000000000e+05 2.858627799999999830e+00 1.217885172584006782e-02
2.570000000000000000e+05 2.857002600000000392e+00 1.614390457850898436e-02
2.580000000000000000e+05 2.862750199999999801e+00 1.366193554954778927e-02
2.590000000000000000e+05 2.860070799999999913e+00 1.633527787826082392e-02
2.600000000000000000e+05 2.862670999999999744e+00 1.617872066635672734e-02
2.610000000000000000e+05 2.862027799999999900e+00 1.491652280392457945e-02
2.620000000000000000e+05 2.870886400000000283e+00 1.689343387946923986e-02
2.630000000000000000e+05 2.864020400000000244e+00 1.689744498555921515e-02
2.640000000000000000e+05 2.867067599999999938e+00 1.786446202492525739e-02
2.650000000000000000e+05 2.865669599999999928e+00 1.701982731522276582e-02
2.660000000000000000e+05 2.859091000000000271e+00 1.389457633754972651e-02
2.670000000000000000e+05 2.857597399999999510e+00 1.992385404082249942e-02
2.680000000000000000e+05 2.861578399999999966e+00 1.347734422799978619e-02
2.690000000000000000e+05 2.858421799999999902e+00 1.388908191926302785e-02
2.700000000000000000e+05 2.862270599999999998e+00 1.620087956377684602e-02
2.710000000000000000e+05 2.862428200000000089e+00 1.780754464152770403e-02
2.720000000000000000e+05 2.869985400000000020e+00 1.579720320309894663e-02
2.730000000000000000e+05 2.865918199999999860e+00 1.863528720894854288e-02
2.740000000000000000e+05 2.869870399999999933e+00 1.994514424715944020e-02
2.750000000000000000e+05 2.880859599999999965e+00 3.265380681390765011e-02
2.760000000000000000e+05 2.872365800000000302e+00 2.114700771645957808e-02
2.770000000000000000e+05 2.877553800000000273e+00 2.293167806681394721e-02
2.780000000000000000e+05 2.876785799999999504e+00 3.196498511434029549e-02
2.790000000000000000e+05 2.873976599999999770e+00 3.770921500429295220e-02
2.800000000000000000e+05 2.868470800000000320e+00 2.688130408592563983e-02
2.810000000000000000e+05 2.856773599999999913e+00 1.374085436353944187e-02
2.820000000000000000e+05 2.864514199999999455e+00 2.733103675603985525e-02
2.830000000000000000e+05 2.860108400000000106e+00 1.746385794261964830e-02
2.840000000000000000e+05 2.872696199999999589e+00 2.948604985005621321e-02
2.850000000000000000e+05 2.857405400000000206e+00 2.003598731882216127e-02
2.860000000000000000e+05 2.855061000000000071e+00 8.699337262113686353e-03
2.870000000000000000e+05 2.862964999999999982e+00 1.691071048773518798e-02
2.880000000000000000e+05 2.863192999999999877e+00 2.381354711923442877e-02
2.890000000000000000e+05 2.860208000000000084e+00 2.207689955587058966e-02
2.900000000000000000e+05 2.865027799999999569e+00 3.293092778164627421e-02
2.910000000000000000e+05 2.865684400000000132e+00 2.460161739073253931e-02
2.920000000000000000e+05 2.857699000000000211e+00 1.546233988761077337e-02
2.930000000000000000e+05 2.854664399999999880e+00 2.049631465995782262e-02
2.940000000000000000e+05 2.860261799999999965e+00 2.718807652188733048e-02
2.950000000000000000e+05 2.860844000000000165e+00 1.422668519367739463e-02
2.960000000000000000e+05 2.862789999999999946e+00 1.799724242210451811e-02
2.970000000000000000e+05 2.866467199999999771e+00 1.966850943411831837e-02
2.980000000000000000e+05 2.864681000000000033e+00 2.195509057143692558e-02
2.990000000000000000e+05 2.866124000000000116e+00 2.821969683040553151e-02
3.000000000000000000e+05 2.859044599999999825e+00 2.108552328589456681e-02
