# Time(ps) CRYO_average_angle(degrees) CRYO_std
0.000000000000000000e+00 5.161284218716841821e+01 6.971068205530172976e-06
1.000000000000000000e+03 4.715334090932388733e+01 2.581189517308601022e+00
2.000000000000000000e+03 4.589510047968845186e+01 1.466465173940356248e+00
3.000000000000000000e+03 4.489534383588122779e+01 3.695612198196819964e+00
4.000000000000000000e+03 4.526310806500936934e+01 4.910893896556009608e+00
5.000000000000000000e+03 4.473659101772305036e+01 6.169975261586043480e+00
6.000000000000000000e+03 4.477413972066814551e+01 4.585463983052122217e+00
7.000000000000000000e+03 4.645727668792754628e+01 1.002946307864729292e+01
8.000000000000000000e+03 4.455518697999139732e+01 7.066347868683585887e+00
9.000000000000000000e+03 4.296472399185866209e+01 1.037092255415192632e+01
1.000000000000000000e+04 4.288509216449757844e+01 7.348781679921521537e+00
1.100000000000000000e+04 4.416727388277412558e+01 9.002553954328051944e+00
1.200000000000000000e+04 4.388185959850644480e+01 5.730075791413018926e+00
1.300000000000000000e+04 4.101938288529724730e+01 6.437067201447141507e+00
1.400000000000000000e+04 4.724659058737050543e+01 1.069672431680182534e+01
1.500000000000000000e+04 4.283160426518496422e+01 8.356846000615854919e+00
1.600000000000000000e+04 4.444517574075688060e+01 5.153947445891753354e+00
1.700000000000000000e+04 4.620789851813839988e+01 6.508207866620169035e+00
1.800000000000000000e+04 4.664786924696103654e+01 1.066803571383473681e+01
1.900000000000000000e+04 4.121447842224490188e+01 8.383286243927747350e+00
2.000000000000000000e+04 4.309178547034682794e+01 6.778806467083395404e+00
2.100000000000000000e+04 4.276800300001454502e+01 8.147098073029365395e+00
2.200000000000000000e+04 4.394687076292744621e+01 8.194379860480976774e+00
2.300000000000000000e+04 4.212178508058578075e+01 7.596372904974420415e+00
2.400000000000000000e+04 4.324842325325090542e+01 7.549532954207003321e+00
2.500000000000000000e+04 4.425791771644014005e+01 9.148112802665039567e+00
2.600000000000000000e+04 4.540722254865611518e+01 8.834579872689456437e+00
2.700000000000000000e+04 4.576248617717370593e+01 9.115550064544841291e+00
2.800000000000000000e+04 4.512620169157160888e+01 4.284612939324007108e+00
2.900000000000000000e+04 4.049008427600076487e+01 3.150782436567076239e+00
3.000000000000000000e+04 4.424501962609872407e+01 4.512683278733724990e+00
3.100000000000000000e+04 4.571767346256223163e+01 5.026959317316654463e+00
3.200000000000000000e+04 4.229201271350500235e+01 7.388233324096176169e+00
3.300000000000000000e+04 4.722856368525816606e+01 8.690941234508153812e+00
3.400000000000000000e+04 4.417103539950296920e+01 9.088316452147573443e+00
3.500000000000000000e+04 4.547491538853989823e+01 4.755282994948457187e+00
3.600000000000000000e+04 4.606668635364128761e+01 5.618111328058474463e+00
3.700000000000000000e+04 4.663252842210227556e+01 8.984983923179150622e+00
3.800000000000000000e+04 4.203704828792916004e+01 8.437570320129148982e+00
3.900000000000000000e+04 4.469602452407118420e+01 5.335304727580990836e+00
4.000000000000000000e+04 4.232378214699881624e+01 4.881282429045509907e+00
4.100000000000000000e+04 4.610433233452410917e+01 4.829114629620534060e+00
4.200000000000000000e+04 4.270997702057396594e+01 8.699933454956656931e+00
4.300000000000000000e+04 4.058572806120069743e+01 7.063769854837055107e+00
4.400000000000000000e+04 4.331638089407103820e+01 5.647761365616335461e+00
4.500000000000000000e+04 4.528091558383526660e+01 7.540328733877592171e+00
4.600000000000000000e+04 4.494795452765832522e+01 6.205572394360882704e+00
4.700000000000000000e+04 4.722441466283852662e+01 7.203661250054118170e+00
4.800000000000000000e+04 4.476714545128807998e+01 7.527855652886307425e+00
4.900000000000000000e+04 4.226979066926140405e+01 6.560902010348116598e+00
5.000000000000000000e+04 4.358403315489796626e+01 3.775835050584607000e+00
5.100000000000000000e+04 4.434801407001511109e+01 3.144482321429975524e+00
5.200000000000000000e+04 4.280538665879218740e+01 5.893023559207740902e+00
5.300000000000000000e+04 4.330038052310732155e+01 5.068320961527430946e+00
5.400000000000000000e+04 4.469027248867054425e+01 5.673614526966925808e+00
5.500000000000000000e+04 4.354603901099645213e+01 6.749840468673300897e+00
5.600000000000000000e+04 4.355182579045587232e+01 6.203326691967527395e+00
5.700000000000000000e+04 4.216627357600866333e+01 4.465294559096181892e+00
5.800000000000000000e+04 4.388590369493602594e+01 3.730749346121527310e+00
5.900000000000000000e+04 4.213543513744333069e+01 5.115643360215748281e+00
6.000000000000000000e+04 4.393217751467786059e+01 5.619757145330915193e+00
6.100000000000000000e+04 4.546446861309888021e+01 6.829183797294936298e+00
6.200000000000000000e+04 4.619583551130520505e+01 5.141021719878362539e+00
6.300000000000000000e+04 4.528334962532024122e+01 5.269074370827078191e+00
6.400000000000000000e+04 4.772814472990255297e+01 8.557035477533524670e+00
6.500000000000000000e+04 4.741117825568026944e+01 8.408149900396361787e+00
6.600000000000000000e+04 4.555323522751900356e+01 1.007343912250546580e+01
6.700000000000000000e+04 4.774650982469135840e+01 9.399486063973121475e+00
6.800000000000000000e+04 4.608691804440520912e+01 7.493348931836160354e+00
6.900000000000000000e+04 4.337101290006590659e+01 6.885516330326858281e+00
7.000000000000000000e+04 4.506914878726644247e+01 4.601522295979983745e+00
7.100000000000000000e+04 4.312953438502318448e+01 6.909908718713959175e+00
7.200000000000000000e+04 4.359535463617496021e+01 6.360259537838379273e+00
7.300000000000000000e+04 4.521637175901480532e+01 4.866418932292684296e+00
7.400000000000000000e+04 4.660203672581455692e+01 6.501803062765209695e+00
7.500000000000000000e+04 4.409232351075222311e+01 4.798758491991939934e+00
7.600000000000000000e+04 4.328878696306610152e+01 5.441569105182379573e+00
7.700000000000000000e+04 4.486284642173320947e+01 5.647718368345340245e+00
7.800000000000000000e+04 4.250595731155017631e+01 7.609306140991337841e+00
7.900000000000000000e+04 4.362320614072060465e+01 5.716865698996352663e+00
8.000000000000000000e+04 4.589585792160203681e+01 5.888123824288411079e+00
8.100000000000000000e+04 4.348180483408700781e+01 3.608604335836339327e+00
8.200000000000000000e+04 4.564858145724802796e+01 5.921818928371257229e+00
8.300000000000000000e+04 4.524610394119268619e+01 8.129266294969324846e+00
8.400000000000000000e+04 4.205229314194005497e+01 7.340261936791632635e+00
8.500000000000000000e+04 4.181736462039251734e+01 1.216446191131146648e+01
8.600000000000000000e+04 4.187386178394668690e+01 9.170709908244170094e+00
8.700000000000000000e+04 4.164634784184450211e+01 7.872031215879584209e+00
8.800000000000000000e+04 4.187338427789913453e+01 8.461700820377608068e+00
8.900000000000000000e+04 4.346104195938261228e+01 1.163247093952592515e+01
9.000000000000000000e+04 4.171302658403723740e+01 7.516189948746079708e+00
9.100000000000000000e+04 4.206914139481213510e+01 6.089060260556636628e+00
9.200000000000000000e+04 4.323619400301340221e+01 5.916532692416188510e+00
9.300000000000000000e+04 4.146103421814886048e+01 6.702682416611951410e+00
9.400000000000000000e+04 4.018593043003131982e+01 5.037988133990087825e+00
9.500000000000000000e+04 4.075689352907335206e+01 4.072258410341171420e+00
9.600000000000000000e+04 3.941726800567761302e+01 4.965767246968112225e+00
9.700000000000000000e+04 4.038106776660188046e+01 3.608254429805775931e+00
9.800000000000000000e+04 4.251215822364109442e+01 4.262279454860862238e+00
9.900000000000000000e+04 4.079790404497312295e+01 5.301732937191180106e+00
1.000000000000000000e+05 4.234139814199095042e+01 4.476152323419331225e+00
1.010000000000000000e+05 4.189292150689736616e+01 6.498949160753682008e+00
1.020000000000000000e+05 4.248599924449905529e+01 5.265243483117259871e+00
1.030000000000000000e+05 4.278378862496821000e+01 5.902947707219261098e+00
1.040000000000000000e+05 4.096149408038034778e+01 6.263674345041786218e+00
1.050000000000000000e+05 4.329394503407299055e+01 1.064367164541663335e+01
1.060000000000000000e+05 4.190778717597451219e+01 5.675995343542007632e+00
1.070000000000000000e+05 4.365507672214026513e+01 6.981110596518568023e+00
1.080000000000000000e+05 3.945436522560528658e+01 6.024422259728000384e+00
1.090000000000000000e+05 4.155624697132080314e+01 5.116022731001976354e+00
1.100000000000000000e+05 4.466387213191991634e+01 4.137791993332713858e+00
1.110000000000000000e+05 4.057182084728325577e+01 3.419384267238630759e+00
1.120000000000000000e+05 3.803613647163202671e+01 6.885927952175346256e+00
1.130000000000000000e+05 3.898168707662314603e+01 4.551374998934992533e+00
1.140000000000000000e+05 4.222003205069523801e+01 4.614668035742602648e+00
1.150000000000000000e+05 3.734878209821937389e+01 3.885110763371884879e+00
1.160000000000000000e+05 3.922228209163640145e+01 8.344960001133030048e+00
1.170000000000000000e+05 4.188107750053239897e+01 8.926320804833066447e+00
1.180000000000000000e+05 3.800897210233894441e+01 4.585644086343236836e+00
1.190000000000000000e+05 3.907737237814974662e+01 7.929039873114335890e+00
1.200000000000000000e+05 3.894661360475338086e+01 5.690152661664518163e+00
1.210000000000000000e+05 3.819541025823279767e+01 6.861350833703583341e+00
1.220000000000000000e+05 3.802291584284655102e+01 6.867589490322419721e+00
1.230000000000000000e+05 3.835416967404096056e+01 5.896610925478819709e+00
1.240000000000000000e+05 3.866229455384515035e+01 4.936554236685261721e+00
1.250000000000000000e+05 4.219082790420871021e+01 6.682194036605281440e+00
1.260000000000000000e+05 4.109276012618347096e+01 6.250944293417092013e+00
1.270000000000000000e+05 3.902230466485531934e+01 7.212683904354786790e+00
1.280000000000000000e+05 3.751915648975407436e+01 6.327542673627193359e+00
1.290000000000000000e+05 3.998909924333448629e+01 7.773889410073237194e+00
1.300000000000000000e+05 4.075630936587319297e+01 1.027469353315635203e+01
1.310000000000000000e+05 4.171348477426257517e+01 9.444197809767668872e+00
1.320000000000000000e+05 4.030282264197299469e+01 7.686637769374224938e+00
1.330000000000000000e+05 3.941375845437517000e+01 4.982897602813674887e+00
1.340000000000000000e+05 3.905921657111537826e+01 5.843245121135711706e+00
1.350000000000000000e+05 3.970561652432699873e+01 5.433134189687662818e+00
1.360000000000000000e+05 3.945617222874680863e+01 4.432372875442963434e+00
1.370000000000000000e+05 3.747278439559345742e+01 5.759731560551998975e+00
1.380000000000000000e+05 3.795910192329716182e+01 2.861661932153296561e+00
1.390000000000000000e+05 3.482466541717695208e+01 5.067563559577053844e+00
1.400000000000000000e+05 3.799668879114291542e+01 4.628942193367824309e+00
1.410000000000000000e+05 3.426520548707772207e+01 3.775410054228417245e+00
1.420000000000000000e+05 3.448173134073691415e+01 6.600610522612567088e+00
1.430000000000000000e+05 3.486048474188891078e+01 5.243947269006508094e+00
1.440000000000000000e+05 3.708661627784185555e+01 4.854910596620698904e+00
1.450000000000000000e+05 3.744321276316583180e+01 6.578528375639314696e+00
1.460000000000000000e+05 3.719167392961854546e+01 4.527462980299595152e+00
1.470000000000000000e+05 3.425352287598799705e+01 5.401510859565767042e+00
1.480000000000000000e+05 3.724859259280052726e+01 5.787092950338221797e+00
1.490000000000000000e+05 3.666601620651687199e+01 3.017947356606128562e+00
1.500000000000000000e+05 3.836068455544609179e+01 5.008986144444294908e+00
1.510000000000000000e+05 3.689036268848137468e+01 3.590856649395392175e+00
1.520000000000000000e+05 3.669089646804831517e+01 6.499590833379505384e+00
1.530000000000000000e+05 3.864943880817106958e+01 5.807464276934227954e+00
1.540000000000000000e+05 3.683545071720682529e+01 4.006027166473187684e+00
1.550000000000000000e+05 3.413358219416193151e+01 5.468735758323843399e+00
1.560000000000000000e+05 3.760586180176493087e+01 6.637147587015666872e+00
1.570000000000000000e+05 3.838513769616425719e+01 5.635836883922204166e+00
1.580000000000000000e+05 3.886956281532523150e+01 5.217940618401712527e+00
1.590000000000000000e+05 4.137342441237579038e+01 1.300971819255693340e+01
1.600000000000000000e+05 4.211662774179993818e+01 8.911275277360786617e+00
1.610000000000000000e+05 4.623031708880490953e+01 9.070133922668267346e+00
1.620000000000000000e+05 4.279477793302475419e+01 6.249996000887040104e+00
1.630000000000000000e+05 4.305440603839796410e+01 7.193496178799789753e+00
1.640000000000000000e+05 4.280432340993261420e+01 8.647158050476077662e+00
1.650000000000000000e+05 3.995724042821780131e+01 5.650333531181134461e+00
1.660000000000000000e+05 3.887048489595078848e+01 3.449707509403607819e+00
1.670000000000000000e+05 3.980080255789602006e+01 3.726895720418849756e+00
1.680000000000000000e+05 4.139475706938899435e+01 9.094829955783177766e+00
1.690000000000000000e+05 4.219335633290474163e+01 7.042530230099905530e+00
1.700000000000000000e+05 4.356512142656833930e+01 1.116237089343826838e+01
1.710000000000000000e+05 4.568098119844218274e+01 1.194228210070467355e+01
1.720000000000000000e+05 4.632756849088406881e+01 1.461095429919677358e+01
1.730000000000000000e+05 4.495238860869254438e+01 1.065804883887722099e+01
1.740000000000000000e+05 4.340297004058388097e+01 7.867630889954879692e+00
1.750000000000000000e+05 4.347886106904888948e+01 7.241346624511632690e+00
1.760000000000000000e+05 4.407474339617640169e+01 1.135243156850071600e+01
1.770000000000000000e+05 4.067598573968489006e+01 6.684186953970025158e+00
1.780000000000000000e+05 4.220282819482478232e+01 9.752810325370532496e+00
1.790000000000000000e+05 4.015560942952532741e+01 4.939492167450784343e+00
1.800000000000000000e+05 4.279393024231660547e+01 6.167091348756749802e+00
1.810000000000000000e+05 4.528160297899188436e+01 1.159120207875282560e+01
1.820000000000000000e+05 4.252351907103079043e+01 9.968240659508269985e+00
1.830000000000000000e+05 4.451933300512423841e+01 1.277992085510800280e+01
1.840000000000000000e+05 4.502064725360853714e+01 6.028943063692498328e+00
1.850000000000000000e+05 4.487015493974777058e+01 7.297466710080469099e+00
1.860000000000000000e+05 4.657426732474827702e+01 8.060984247052280338e+00
1.870000000000000000e+05 4.423733276010820248e+01 8.522661907140582471e+00
1.880000000000000000e+05 4.304688752967113885e+01 6.463598302387153716e+00
1.890000000000000000e+05 4.242391243127389089e+01 1.142187007570070989e+01
1.900000000000000000e+05 3.979450178878728650e+01 6.263226430943289458e+00
1.910000000000000000e+05 4.171633470920964726e+01 5.026458684891623285e+00
1.920000000000000000e+05 4.262199775294811133e+01 6.439373827145996820e+00
1.930000000000000000e+05 4.016385239579718558e+01 9.857367387563170880e+00
1.940000000000000000e+05 3.934096857840647488e+01 8.142352011743131612e+00
1.950000000000000000e+05 3.999301812821030211e+01 6.343945388667859397e+00
1.960000000000000000e+05 3.946099413876430617e+01 4.900688477399324228e+00
1.970000000000000000e+05 3.822070544784678248e+01 6.935368475731411131e+00
1.980000000000000000e+05 3.777360091171216538e+01 3.412253083236925555e+00
1.990000000000000000e+05 3.850384228890125371e+01 5.684741316715002490e+00
2.000000000000000000e+05 3.560565026906036934e+01 2.883337449890027937e+00
2.010000000000000000e+05 3.679844867235023997e+01 4.303645419774547065e+00
2.020000000000000000e+05 3.830755995628322808e+01 2.517811429851340321e+00
2.030000000000000000e+05 3.849435944228715556e+01 4.553348898243746667e+00
2.040000000000000000e+05 3.881908158098347883e+01 3.576536397484478158e+00
2.050000000000000000e+05 3.974174514460867158e+01 5.137216259853644829e+00
2.060000000000000000e+05 4.043697084956823318e+01 3.213127557791760847e+00
2.070000000000000000e+05 3.915185412858448899e+01 4.239387609039752647e+00
2.080000000000000000e+05 4.189051176866673387e+01 3.237657840858934488e+00
2.090000000000000000e+05 3.802892161365052459e+01 1.583092352897122801e+00
2.100000000000000000e+05 4.232109546656390364e+01 7.421552344714174687e+00
2.110000000000000000e+05 4.080066308375491246e+01 4.593880425533654055e+00
2.120000000000000000e+05 4.352535771025779354e+01 4.854095432936140320e+00
2.130000000000000000e+05 4.042752679201366561e+01 5.825590249937963705e+00
2.140000000000000000e+05 4.040432281672526926e+01 6.550144731826061495e+00
2.150000000000000000e+05 4.118561097804337123e+01 4.449915273830342244e+00
2.160000000000000000e+05 3.924418794821519896e+01 5.415139620300071677e+00
2.170000000000000000e+05 3.881891261503297130e+01 3.823773166357635755e+00
2.180000000000000000e+05 3.781282347920595299e+01 3.546835707005084437e+00
2.190000000000000000e+05 3.762088601392169096e+01 5.206719775525801452e+00
2.200000000000000000e+05 4.115247447176044204e+01 6.131344370352793227e+00
2.210000000000000000e+05 3.828988381863749169e+01 4.398101021229260610e+00
2.220000000000000000e+05 4.364568725294047624e+01 4.578896816950946302e+00
2.230000000000000000e+05 4.062873794281879469e+01 4.568754140712782963e+00
2.240000000000000000e+05 4.186993464992411873e+01 5.458728634085387554e+00
2.250000000000000000e+05 4.669603212451069396e+01 4.715043006551415949e+00
2.260000000000000000e+05 4.249546860299486184e+01 5.652527283208443443e+00
2.270000000000000000e+05 4.395537456380274222e+01 4.752590214001902957e+00
2.280000000000000000e+05 4.934306330157032505e+01 7.774201675356350982e+00
2.290000000000000000e+05 4.473664734859630698e+01 6.994809508327930025e+00
2.300000000000000000e+05 4.578186663374934540e+01 5.183267215100080705e+00
2.310000000000000000e+05 4.515765775032568996e+01 5.131532360032989182e+00
2.320000000000000000e+05 4.378250630052939130e+01 4.526311874044903760e+00
2.330000000000000000e+05 4.062835331971034947e+01 5.784431108101803609e+00
2.340000000000000000e+05 4.179865353285474328e+01 6.707885525189212217e+00
2.350000000000000000e+05 4.121551620312663289e+01 5.211050460895468639e+00
2.360000000000000000e+05 4.215296158951383632e+01 4.773807302662484986e+00
2.370000000000000000e+05 4.064795173036731768e+01 5.631892346240134906e+00
2.380000000000000000e+05 4.114602245481797382e+01 4.892530324170121681e+00
2.390000000000000000e+05 3.965626893231031147e+01 1.573366250084171636e+00
2.400000000000000000e+05 4.200730431549099819e+01 3.538870919588766206e+00
2.410000000000000000e+05 4.285406496966508882e+01 3.860124825295680573e+00
2.420000000000000000e+05 4.252780588163224706e+01 7.241548600093232757e+00
2.430000000000000000e+05 4.063470281202836532e+01 5.105789796030518524e+00
2.440000000000000000e+05 4.008616948052217310e+01 4.151259109790458091e+00
2.450000000000000000e+05 4.096706878147568887e+01 4.579580614920372383e+00
2.460000000000000000e+05 4.395990556186201559e+01 5.241732430094059758e+00
2.470000000000000000e+05 4.210411646785502171e+01 5.547636537615082908e+00
2.480000000000000000e+05 4.736905737535894190e+01 6.902826726985709094e+00
2.490000000000000000e+05 4.818256643413035079e+01 1.084643479294184054e+01
2.500000000000000000e+05 4.540123848392870798e+01 4.705206432854170728e+00
2.510000000000000000e+05 3.876221632291110097e+01 4.802563535112315485e+00
2.520000000000000000e+05 3.912788336202580552e+01 6.157615149905431018e+00
2.530000000000000000e+05 4.056016600936824545e+01 7.110336294872358742e+00
2.540000000000000000e+05 3.863307980172125866e+01 4.513626765680017527e+00
2.550000000000000000e+05 4.147538667236233323e+01 4.542218248913882483e+00
2.560000000000000000e+05 4.125708549927462343e+01 5.420736080382098088e+00
2.570000000000000000e+05 4.174668370422560315e+01 3.261242919420000330e+00
2.580000000000000000e+05 4.483495853904010886e+01 5.482933605517231967e+00
2.590000000000000000e+05 4.292872737423149232e+01 5.953736835163381258e+00
2.600000000000000000e+05 4.505768790732543039e+01 5.353317845979996825e+00
2.610000000000000000e+05 4.320994487631605807e+01 4.263231392229172023e+00
2.620000000000000000e+05 4.238051386535109089e+01 4.413266417223884019e+00
2.630000000000000000e+05 4.100676471993070038e+01 4.713544245513741515e+00
2.640000000000000000e+05 4.267005349294620942e+01 3.595081818522532391e+00
2.650000000000000000e+05 3.994322902402063136e+01 1.940275104335712930e+00
2.660000000000000000e+05 4.359713951641354868e+01 3.836826374760212488e+00
2.670000000000000000e+05 4.417079582809689953e+01 7.023613227642385937e+00
2.680000000000000000e+05 4.365205987174503122e+01 6.344446844644616057e+00
2.690000000000000000e+05 4.240728551551656267e+01 7.377351298657025325e+00
2.700000000000000000e+05 4.401826801650837240e+01 5.749702585157844936e+00
2.710000000000000000e+05 4.085687638011059164e+01 5.019653457869928559e+00
2.720000000000000000e+05 4.492686889810791939e+01 5.013981600128841087e+00
2.730000000000000000e+05 4.419035092353519190e+01 7.763805959748643737e+00
2.740000000000000000e+05 4.320741380907606555e+01 6.308992718642063124e+00
2.750000000000000000e+05 4.290313468529207341e+01 5.116298755142787869e+00
2.760000000000000000e+05 4.068317841553736258e+01 3.588294483785825051e+00
2.770000000000000000e+05 4.295438700404758237e+01 5.271153496017115359e+00
2.780000000000000000e+05 4.337995700390170128e+01 5.275703324563075114e+00
2.790000000000000000e+05 4.372376471252401586e+01 4.063749738862463268e+00
2.800000000000000000e+05 4.012751575607876475e+01 3.890858252978813603e+00
2.810000000000000000e+05 4.213392655054487079e+01 3.692935060857992724e+00
2.820000000000000000e+05 4.209433995159241704e+01 4.591287599864256386e+00
2.830000000000000000e+05 4.088525049641922493e+01 3.432362629964577749e+00
2.840000000000000000e+05 4.144351867126552236e+01 3.358635450572097003e+00
2.850000000000000000e+05 4.271090594799618145e+01 4.670680219232350439e+00
2.860000000000000000e+05 4.369849991825962832e+01 7.370288807579625789e+00
2.870000000000000000e+05 4.534008085448446934e+01 3.977739929131470564e+00
2.880000000000000000e+05 4.358284172737201345e+01 6.493978992403242501e+00
2.890000000000000000e+05 4.500038990632944547e+01 7.882733200611117041e+00
2.900000000000000000e+05 4.433233744190736303e+01 9.368403169555465482e+00
2.910000000000000000e+05 4.613226920729155722e+01 9.252823723280396706e+00
2.920000000000000000e+05 4.576243148883093426e+01 1.426796664543186921e+01
2.930000000000000000e+05 4.300955813352521773e+01 7.424301125922201372e+00
2.940000000000000000e+05 4.343507304911709355e+01 1.283404802632260377e+01
2.950000000000000000e+05 4.507998951479983418e+01 1.449646257172728347e+01
2.960000000000000000e+05 4.334917938190152142e+01 9.675614691536065237e+00
2.970000000000000000e+05 4.440276490598044745e+01 1.265922837484019858e+01
2.980000000000000000e+05 4.292319435508686354e+01 1.130162135517865529e+01
2.990000000000000000e+05 4.126652680604219370e+01 1.097436673768343418e+01
3.000000000000000000e+05 4.456293326167519098e+01 1.255119401549587366e+01
