# Time(ps) WT_average_angle(degrees) WT_std
0.000000000000000000e+00 3.378111140074803842e+01 0.000000000000000000e+00
1.000000000000000000e+03 3.074692618813064016e+01 2.119049973828581290e+00
2.000000000000000000e+03 3.229314807130722187e+01 4.547895231350892686e+00
3.000000000000000000e+03 3.468862621252630163e+01 4.381894779331618750e+00
4.000000000000000000e+03 3.680999870828360088e+01 1.553941254378412351e+00
5.000000000000000000e+03 3.692747088020860247e+01 3.612210664764020418e+00
6.000000000000000000e+03 3.545358157773766550e+01 7.211050882632480175e+00
7.000000000000000000e+03 3.749134570438874192e+01 4.108095383064338080e+00
8.000000000000000000e+03 3.287627522525412616e+01 5.633395078529471967e+00
9.000000000000000000e+03 3.583935511202260216e+01 6.490975581083716861e+00
1.000000000000000000e+04 3.692771743211407198e+01 5.483864873824966679e+00
1.100000000000000000e+04 3.618597613840827876e+01 6.209253483815128760e+00
1.200000000000000000e+04 3.857027661238096528e+01 3.299223487258456711e+00
1.300000000000000000e+04 3.599179585483068422e+01 3.031192767543450461e+00
1.400000000000000000e+04 3.590325090970722499e+01 2.306147836777201032e+00
1.500000000000000000e+04 3.420973245436899646e+01 4.796699275525755368e+00
1.600000000000000000e+04 3.584381720585480480e+01 3.543621802804629795e+00
1.700000000000000000e+04 3.553377768475142773e+01 3.165309368995562700e+00
1.800000000000000000e+04 3.398720688580622351e+01 2.320825736772096803e+00
1.900000000000000000e+04 3.725648826516199108e+01 6.206065182422034532e+00
2.000000000000000000e+04 3.687883770091191593e+01 1.790251348215789129e+00
2.100000000000000000e+04 3.677397508387121405e+01 2.836425873771708517e+00
2.200000000000000000e+04 3.726826682660698964e+01 2.878846341995990876e+00
2.300000000000000000e+04 3.649889115181937171e+01 1.565273384635349041e+00
2.400000000000000000e+04 3.465449202334416157e+01 4.671031386077657110e+00
2.500000000000000000e+04 3.653744681059119870e+01 3.971835581487583866e+00
2.600000000000000000e+04 3.753624145499789933e+01 3.611316139022314520e+00
2.700000000000000000e+04 3.814338690717848124e+01 3.593031055231023618e+00
2.800000000000000000e+04 3.647328195583189370e+01 2.757217076205634942e+00
2.900000000000000000e+04 3.588691906707738610e+01 1.506252976747463723e+00
3.000000000000000000e+04 3.740139772766267612e+01 4.575136764311610094e+00
3.100000000000000000e+04 3.754743581727902324e+01 4.950271111365134757e+00
3.200000000000000000e+04 3.831669834161159827e+01 3.986812067250268488e+00
3.300000000000000000e+04 3.901549077495468509e+01 2.234659851414712239e+00
3.400000000000000000e+04 3.746648534171715994e+01 4.904159871649763858e+00
3.500000000000000000e+04 3.661068032392305582e+01 1.509983880771321951e+00
3.600000000000000000e+04 3.589843019934826174e+01 3.945508261627691304e+00
3.700000000000000000e+04 3.644307513879847704e+01 3.275714963316750161e+00
3.800000000000000000e+04 3.819741010846987450e+01 1.705363312824164312e+00
3.900000000000000000e+04 3.611812778870552165e+01 2.255670831298977941e+00
4.000000000000000000e+04 3.595700464177467381e+01 3.089262215775486542e+00
4.100000000000000000e+04 3.741445691217055725e+01 7.309999531567558329e+00
4.200000000000000000e+04 3.774373794417901706e+01 9.127898144908288103e+00
4.300000000000000000e+04 3.596143072845535471e+01 2.446537312404849729e+00
4.400000000000000000e+04 3.983526447654431024e+01 5.093895574616804645e+00
4.500000000000000000e+04 3.550903895199325433e+01 3.337250725445249699e+00
4.600000000000000000e+04 3.693874722982118897e+01 2.992819989671818615e+00
4.700000000000000000e+04 3.603500027524061267e+01 3.982368070244313607e+00
4.800000000000000000e+04 3.624843168434835405e+01 4.261753201549483450e+00
4.900000000000000000e+04 3.363738650834874022e+01 3.118786209169810419e+00
5.000000000000000000e+04 3.454558082009820197e+01 2.560792336881555276e+00
5.100000000000000000e+04 3.701100292606044206e+01 4.423608667698789354e+00
5.200000000000000000e+04 3.423094527844677515e+01 4.247412522364413690e+00
5.300000000000000000e+04 3.344209547390359205e+01 2.950836803228287675e+00
5.400000000000000000e+04 3.510866957452314807e+01 3.871261076048504890e+00
5.500000000000000000e+04 3.754093097197449680e+01 2.210721155295690910e+00
5.600000000000000000e+04 3.681076684673266897e+01 2.840166031848169403e+00
5.700000000000000000e+04 3.665600095785642054e+01 3.389961146839484130e+00
5.800000000000000000e+04 3.681471446891784183e+01 1.061936452955312138e+00
5.900000000000000000e+04 3.506974240527326003e+01 2.006940656534332845e+00
6.000000000000000000e+04 3.435727901267649997e+01 4.440882347092534488e+00
6.100000000000000000e+04 3.626643178845818483e+01 4.997673273673214567e+00
6.200000000000000000e+04 3.706802356381562902e+01 4.900974454326751051e+00
6.300000000000000000e+04 3.556694360771220431e+01 4.449131115192220598e+00
6.400000000000000000e+04 3.793774162708544395e+01 5.108180407430954695e+00
6.500000000000000000e+04 3.732739408850179785e+01 3.994011926210360830e+00
6.600000000000000000e+04 3.352168072372849394e+01 4.670263722776172521e+00
6.700000000000000000e+04 3.486923941101887436e+01 3.414693001629405700e+00
6.800000000000000000e+04 3.481827463452233928e+01 3.913189160841196390e+00
6.900000000000000000e+04 3.553078038774987135e+01 5.110110585101480751e+00
7.000000000000000000e+04 3.732711443189494815e+01 4.844317312712299817e+00
7.100000000000000000e+04 3.321831836309147690e+01 3.653878404166600369e+00
7.200000000000000000e+04 3.843494007461273299e+01 2.677581422028902480e+00
7.300000000000000000e+04 3.685046434637474988e+01 2.555143456788606660e+00
7.400000000000000000e+04 3.568911577695557469e+01 3.464478252275501102e+00
7.500000000000000000e+04 3.631881629552258062e+01 3.351030437174466137e+00
7.600000000000000000e+04 3.364796264518041369e+01 3.457281318957824645e+00
7.700000000000000000e+04 3.617354822822823479e+01 3.188014785133030493e+00
7.800000000000000000e+04 3.451121370463957305e+01 4.268592488166778054e+00
7.900000000000000000e+04 3.693924026742331534e+01 3.883365314151399517e+00
8.000000000000000000e+04 3.700140811334415503e+01 2.468057117088344299e+00
8.100000000000000000e+04 3.418520768288163225e+01 4.024955826767491196e+00
8.200000000000000000e+04 3.496928731706952931e+01 3.967943978144583106e+00
8.300000000000000000e+04 3.695547927798907040e+01 1.992410090098173381e+00
8.400000000000000000e+04 3.721718907736938320e+01 3.353597540763270768e+00
8.500000000000000000e+04 3.792221863188707687e+01 3.186092084752622178e+00
8.600000000000000000e+04 3.538722240429150645e+01 2.584009727539537504e+00
8.700000000000000000e+04 3.545660024713075131e+01 2.821973409863316462e+00
8.800000000000000000e+04 3.833739186360990914e+01 3.480804909088361931e+00
8.900000000000000000e+04 3.421398243771561454e+01 3.518789583006510568e+00
9.000000000000000000e+04 3.683153509649789470e+01 2.830225554389286469e+00
9.100000000000000000e+04 3.398821604578595412e+01 3.276316190271768569e+00
9.200000000000000000e+04 3.771536091298122528e+01 5.873632985430804254e+00
9.300000000000000000e+04 3.688886681401874768e+01 4.037948556740752259e+00
9.400000000000000000e+04 3.685535264299205949e+01 4.758394375979751345e+00
9.500000000000000000e+04 3.607644729540380268e+01 2.785290853761092755e+00
9.600000000000000000e+04 3.547207306011743100e+01 4.624791869702284508e+00
9.700000000000000000e+04 3.563650123442675977e+01 4.722462197126090722e+00
9.800000000000000000e+04 3.602233906141992748e+01 1.743204029658592003e+00
9.900000000000000000e+04 3.710064406135276727e+01 2.014428105484298737e+00
1.000000000000000000e+05 3.651765351389793324e+01 2.957304343185218620e+00
1.010000000000000000e+05 3.577341681803626727e+01 2.165187049905140437e+00
1.020000000000000000e+05 3.799308175212539140e+01 3.909496040809965045e+00
1.030000000000000000e+05 3.689546558909842133e+01 1.184487758791778145e+00
1.040000000000000000e+05 3.598266767121569387e+01 3.158259615988479041e+00
1.050000000000000000e+05 3.717255954748166857e+01 2.550974968159423817e+00
1.060000000000000000e+05 3.448023036595963475e+01 3.825746687628050147e+00
1.070000000000000000e+05 3.231303980618344696e+01 1.842930806999875548e+00
1.080000000000000000e+05 3.519276333116356170e+01 3.611850045589679592e+00
1.090000000000000000e+05 3.711429852916397465e+01 1.446930433805260874e+00
1.100000000000000000e+05 3.367424594686663397e+01 4.102836753531940772e+00
1.110000000000000000e+05 3.456721020721930415e+01 3.304394701992900085e+00
1.120000000000000000e+05 3.406452584466173050e+01 3.296800309590190992e+00
1.130000000000000000e+05 3.437458837596695105e+01 4.812840736091882121e+00
1.140000000000000000e+05 3.501655838531878828e+01 3.914221680282825577e+00
1.150000000000000000e+05 3.520739312612685268e+01 4.208437948143189722e+00
1.160000000000000000e+05 3.818870696605613091e+01 5.267150564680739500e+00
1.170000000000000000e+05 3.509710871478942096e+01 6.418671888132243986e+00
1.180000000000000000e+05 3.230912664831267023e+01 5.463544433821382107e+00
1.190000000000000000e+05 3.604437741568766285e+01 3.130679064260702305e+00
1.200000000000000000e+05 3.522119135758312325e+01 4.826188253951212204e+00
1.210000000000000000e+05 3.609256677082309750e+01 3.043401838738246656e+00
1.220000000000000000e+05 3.465983417554299706e+01 4.329131810916470258e+00
1.230000000000000000e+05 3.545689202510498461e+01 4.075097914648512010e+00
1.240000000000000000e+05 3.478464393939611909e+01 5.749820591111261869e+00
1.250000000000000000e+05 3.583868175837277192e+01 6.356524423702062165e+00
1.260000000000000000e+05 3.656785581429939214e+01 5.364820667130214105e+00
1.270000000000000000e+05 3.184306114388332531e+01 3.090911616925528183e+00
1.280000000000000000e+05 3.369998085831799983e+01 3.257613697141070297e+00
1.290000000000000000e+05 3.583282344904870342e+01 4.445464827427208832e+00
1.300000000000000000e+05 3.432447677207046866e+01 3.862920008668570215e+00
1.310000000000000000e+05 3.412365640798452660e+01 3.357223408367354445e+00
1.320000000000000000e+05 3.371105371202422418e+01 3.494524329066324153e+00
1.330000000000000000e+05 3.505327123172048687e+01 1.860759740847671484e+00
1.340000000000000000e+05 3.482250185115092478e+01 2.532596057939707990e+00
1.350000000000000000e+05 3.748785061415532738e+01 4.685004193587941401e+00
1.360000000000000000e+05 3.523823602661659038e+01 2.404119614786375703e+00
1.370000000000000000e+05 3.692338974398651175e+01 1.362635805529655020e+00
1.380000000000000000e+05 3.870988311896638123e+01 3.499136682338294335e+00
1.390000000000000000e+05 3.690514682132264568e+01 5.343280022547965302e+00
1.400000000000000000e+05 4.125453918200785353e+01 5.941774454035049224e+00
1.410000000000000000e+05 3.969851237768078533e+01 2.544624969661057889e+00
1.420000000000000000e+05 3.745533023143082829e+01 3.572323922811251773e+00
1.430000000000000000e+05 3.897404661284200245e+01 4.667597559728668521e+00
1.440000000000000000e+05 3.735294401721699842e+01 3.517156259570755950e+00
1.450000000000000000e+05 3.766933728802866455e+01 5.593857783019154262e+00
1.460000000000000000e+05 3.669155639577054728e+01 2.494547771489751486e+00
1.470000000000000000e+05 3.873210693824800188e+01 2.485178703947757306e+00
1.480000000000000000e+05 3.703697890518971292e+01 3.066774311615570348e+00
1.490000000000000000e+05 3.722720890543048711e+01 2.875165562899814287e+00
1.500000000000000000e+05 4.187449295519873260e+01 2.055580744271815252e+00
1.510000000000000000e+05 3.708594181131191903e+01 3.357460879405667953e+00
1.520000000000000000e+05 3.931646189390966128e+01 1.824386774019432389e+00
1.530000000000000000e+05 3.694968829415906697e+01 4.712763853772385936e+00
1.540000000000000000e+05 3.728865873164640021e+01 4.346020624149212530e+00
1.550000000000000000e+05 3.878286240236176496e+01 3.489157054606938146e+00
1.560000000000000000e+05 3.838336261000368665e+01 4.735503590175484945e+00
1.570000000000000000e+05 3.737863933505655467e+01 3.521834846415628384e+00
1.580000000000000000e+05 3.867077246485266784e+01 3.420863532717197675e+00
1.590000000000000000e+05 3.940376204723479248e+01 4.539647213952199500e+00
1.600000000000000000e+05 3.648271371292496212e+01 4.259094306496454152e+00
1.610000000000000000e+05 3.607711031590586970e+01 3.458765328267745964e+00
1.620000000000000000e+05 3.824577828855286299e+01 2.538765166492466197e+00
1.630000000000000000e+05 3.705126956664736326e+01 1.738116634833980934e+00
1.640000000000000000e+05 3.930324630081700121e+01 3.259317007697170698e+00
1.650000000000000000e+05 3.704140242121912507e+01 2.077930605933081321e+00
1.660000000000000000e+05 3.739469437550974362e+01 5.260698974434543373e+00
1.670000000000000000e+05 4.066618727796018362e+01 3.301865805225560724e+00
1.680000000000000000e+05 3.851153809437677467e+01 4.465239858791989924e+00
1.690000000000000000e+05 3.755022258917728095e+01 1.105235231071567403e+00
1.700000000000000000e+05 3.785103729125945904e+01 3.077372724935872661e+00
1.710000000000000000e+05 3.762068715328856428e+01 1.922947248723434477e+00
1.720000000000000000e+05 3.761614926506243251e+01 2.246393034670481903e+00
1.730000000000000000e+05 3.702693454814256313e+01 5.641326931069572836e+00
1.740000000000000000e+05 3.508448128190809001e+01 4.330397935349569849e+00
1.750000000000000000e+05 3.509336763621888622e+01 2.505426034676287550e+00
1.760000000000000000e+05 3.967102200788421129e+01 3.209581825197083127e+00
1.770000000000000000e+05 3.870362164892522117e+01 4.217002916635367527e+00
1.780000000000000000e+05 3.895687970296604874e+01 5.933307003790254441e+00
1.790000000000000000e+05 3.757083515443682842e+01 1.476018028523967685e+00
1.800000000000000000e+05 3.931418372633461189e+01 5.158410031532592477e+00
1.810000000000000000e+05 3.679015540216376934e+01 2.997756197923517885e+00
1.820000000000000000e+05 3.857693559943521677e+01 4.507118778309507690e+00
1.830000000000000000e+05 3.504581302425873446e+01 3.153959649894569672e+00
1.840000000000000000e+05 3.719487575605039353e+01 4.792353220571917483e+00
1.850000000000000000e+05 3.610458875395836742e+01 2.349391624794642919e+00
1.860000000000000000e+05 3.695072965324247605e+01 1.818516537134304834e+00
1.870000000000000000e+05 3.778577465163319005e+01 4.654904754637203546e+00
1.880000000000000000e+05 3.720478555943935106e+01 4.722047752705694101e+00
1.890000000000000000e+05 3.531766034144013844e+01 2.865753581557542784e+00
1.900000000000000000e+05 3.629499570581487689e+01 2.284027001629330478e+00
1.910000000000000000e+05 3.729089845866498365e+01 5.313951637388361959e+00
1.920000000000000000e+05 3.551743807951398679e+01 2.624850110768394806e+00
1.930000000000000000e+05 3.377361420975050521e+01 2.727413419309571818e+00
1.940000000000000000e+05 3.596174285203413490e+01 5.735300208803483235e-01
1.950000000000000000e+05 3.761955147184099246e+01 2.502133290679162236e+00
1.960000000000000000e+05 3.480535528677508239e+01 4.559678099196267986e+00
1.970000000000000000e+05 3.775402831922148295e+01 4.855942034739679336e+00
1.980000000000000000e+05 3.593300916890888175e+01 5.331272951565438234e+00
1.990000000000000000e+05 3.961422160318581831e+01 1.146157975240903859e+01
2.000000000000000000e+05 3.835750145119955334e+01 3.964224880471717949e+00
2.010000000000000000e+05 3.833250119168472736e+01 6.628205292731169429e+00
2.020000000000000000e+05 3.867306563979819600e+01 7.316689214165116084e+00
2.030000000000000000e+05 3.914754641226279830e+01 7.293507949772611632e+00
2.040000000000000000e+05 3.970401201817539061e+01 5.755009006962231055e+00
2.050000000000000000e+05 3.776311295545541213e+01 7.414336459465490137e+00
2.060000000000000000e+05 3.911772714182440325e+01 7.376882252512679372e+00
2.070000000000000000e+05 3.862431370318394386e+01 5.876228059247782909e+00
2.080000000000000000e+05 3.798112511713397055e+01 7.126005730056413690e+00
2.090000000000000000e+05 3.866943317839292149e+01 2.964469590431441315e+00
2.100000000000000000e+05 3.845649619559043231e+01 6.064770531308981916e+00
2.110000000000000000e+05 3.919367273683165820e+01 4.692428434186669328e+00
2.120000000000000000e+05 4.114932611447768096e+01 1.255094677746106235e+01
2.130000000000000000e+05 3.835541824277960643e+01 8.329884045359786882e+00
2.140000000000000000e+05 3.985742866987240518e+01 8.833955587416038924e+00
2.150000000000000000e+05 3.874524333141066279e+01 7.673151036500894584e+00
2.160000000000000000e+05 3.981426110962513576e+01 8.239259573492203614e+00
2.170000000000000000e+05 3.794707956087065526e+01 6.764145690587784365e+00
2.180000000000000000e+05 3.902376558561110897e+01 3.844964166966723162e+00
2.190000000000000000e+05 3.694916343952962734e+01 2.778302605801654224e+00
2.200000000000000000e+05 3.652063995754483017e+01 5.879043886825956911e+00
2.210000000000000000e+05 3.868342852129286769e+01 5.982886160319701219e+00
2.220000000000000000e+05 3.509004452163973298e+01 6.227298077557160916e+00
2.230000000000000000e+05 3.203215272891647913e+01 4.367249297196467595e+00
2.240000000000000000e+05 3.774999826035205075e+01 8.125365790291635193e+00
2.250000000000000000e+05 3.623524245455347170e+01 6.193510485553060718e+00
2.260000000000000000e+05 3.564453494417475810e+01 6.382565492195895196e+00
2.270000000000000000e+05 3.906550536107062754e+01 8.945391914278152612e+00
2.280000000000000000e+05 3.690009918244821563e+01 7.752250132383032621e+00
2.290000000000000000e+05 3.706451191754027974e+01 8.303499127557893544e+00
2.300000000000000000e+05 3.664142321567898364e+01 5.182019902446356241e+00
2.310000000000000000e+05 3.791411122519550503e+01 6.959969076938136823e+00
2.320000000000000000e+05 3.584038610668720537e+01 8.133381428989769901e+00
2.330000000000000000e+05 3.646659263164711717e+01 6.400233637450457813e+00
2.340000000000000000e+05 3.689105540072843326e+01 2.408716677974329645e+00
2.350000000000000000e+05 3.862783018536210022e+01 5.284508096736131755e+00
2.360000000000000000e+05 3.255225481039430946e+01 3.289474461877766043e+00
2.370000000000000000e+05 3.758978110075489809e+01 3.268370843896073907e+00
2.380000000000000000e+05 3.805641480129111187e+01 1.835570369056032103e+00
2.390000000000000000e+05 3.694788125553612446e+01 3.286975215068110856e+00
2.400000000000000000e+05 3.811975894335642323e+01 4.575611668314222058e+00
2.410000000000000000e+05 3.760515367696623912e+01 2.125160515886443058e+00
2.420000000000000000e+05 3.952579986598821904e+01 3.109550613474586278e+00
2.430000000000000000e+05 4.001120002576581669e+01 4.386455326970550850e+00
2.440000000000000000e+05 3.946126866934905308e+01 4.899288854926990844e+00
2.450000000000000000e+05 3.702643204243141639e+01 4.940903490438817158e+00
2.460000000000000000e+05 3.793800122575227363e+01 7.450085990798907432e+00
2.470000000000000000e+05 3.705885483052735196e+01 3.984587879746045669e+00
2.480000000000000000e+05 3.932581287772637779e+01 6.622002405126159452e+00
2.490000000000000000e+05 3.741234647950302161e+01 4.463455154427744098e+00
2.500000000000000000e+05 3.497803877398168027e+01 3.664500703086524425e+00
2.510000000000000000e+05 3.452002855930933833e+01 3.964032560053687426e+00
2.520000000000000000e+05 3.494456064723678423e+01 5.954372226991813122e+00
2.530000000000000000e+05 3.631789446953660416e+01 6.966230432646417725e+00
2.540000000000000000e+05 3.386623387031578147e+01 6.194816126251160071e+00
2.550000000000000000e+05 3.369685063728643115e+01 5.704896687362762897e+00
2.560000000000000000e+05 3.556665562767925337e+01 5.764593442097105225e+00
2.570000000000000000e+05 3.512557741183652382e+01 4.380043058649887300e+00
2.580000000000000000e+05 3.565178601709833117e+01 5.990771572366360154e+00
2.590000000000000000e+05 3.665224917850493114e+01 4.459256343005670864e+00
2.600000000000000000e+05 3.744646192954846953e+01 6.033307252696952006e+00
2.610000000000000000e+05 3.462398494645163538e+01 5.753777194766121816e+00
2.620000000000000000e+05 3.415597611105177123e+01 5.834654091426527245e+00
2.630000000000000000e+05 3.585639052923214365e+01 7.310571640682820060e+00
2.640000000000000000e+05 3.693841606162756364e+01 4.563981652253500165e+00
2.650000000000000000e+05 3.606278323472594138e+01 6.020392361333642306e+00
2.660000000000000000e+05 3.569512453081837577e+01 6.074820213558198567e+00
2.670000000000000000e+05 3.400769789493155315e+01 6.495475236751310000e+00
2.680000000000000000e+05 3.560450155471214373e+01 6.329952540539437678e+00
2.690000000000000000e+05 3.399036447226063729e+01 5.013778695377761885e+00
2.700000000000000000e+05 3.319011223818510814e+01 5.948579262619343666e+00
2.710000000000000000e+05 3.436754132254939975e+01 6.643844831603211709e+00
2.720000000000000000e+05 3.528712320494922494e+01 5.724611095424780416e+00
2.730000000000000000e+05 3.491655546435823254e+01 5.101943237693948419e+00
2.740000000000000000e+05 3.687568654482402764e+01 6.838791902078252605e+00
2.750000000000000000e+05 4.212005910654918495e+01 1.017496994029017721e+01
2.760000000000000000e+05 3.580994798206004504e+01 6.367781258094903585e+00
2.770000000000000000e+05 3.923379117127047522e+01 7.548880806908569774e+00
2.780000000000000000e+05 3.934559189553040426e+01 1.047012566500614206e+01
2.790000000000000000e+05 4.099586883212611355e+01 1.319694575323520525e+01
2.800000000000000000e+05 3.844687985826507060e+01 8.441832866647214217e+00
2.810000000000000000e+05 3.385911150147531146e+01 5.147181936738763675e+00
2.820000000000000000e+05 3.540594266877315022e+01 6.521383884605773673e+00
2.830000000000000000e+05 3.661823756836943033e+01 6.571546026040584465e+00
2.840000000000000000e+05 3.981536795572094434e+01 9.509844265285547493e+00
2.850000000000000000e+05 3.618167430121197015e+01 7.870099218999995649e+00
2.860000000000000000e+05 3.631592603141881881e+01 5.141516905999366394e+00
2.870000000000000000e+05 3.783188994232038738e+01 6.961449341054912310e+00
2.880000000000000000e+05 3.824148017925565313e+01 8.098767942209454063e+00
2.890000000000000000e+05 3.759861450857277276e+01 8.254626253168366290e+00
2.900000000000000000e+05 3.610488561487069603e+01 1.083055416545250971e+01
2.910000000000000000e+05 3.608470898623634326e+01 6.163073518273606943e+00
2.920000000000000000e+05 3.426845856931360146e+01 4.901415961173056779e+00
2.930000000000000000e+05 3.520693640701928473e+01 7.671653382028740253e+00
2.940000000000000000e+05 3.527381525328306111e+01 9.299521601915088809e+00
2.950000000000000000e+05 3.683942091701988630e+01 6.209990675179141384e+00
2.960000000000000000e+05 3.691740114808197859e+01 7.197678171460500707e+00
2.970000000000000000e+05 3.710723178315353010e+01 5.898871927831333295e+00
2.980000000000000000e+05 3.743231310129614542e+01 7.322070360207720618e+00
2.990000000000000000e+05 3.599284395094463918e+01 7.890553872955599068e+00
3.000000000000000000e+05 3.787631450809244882e+01 9.814721520971971813e+00
