# x average std
0.000000000000000000e+00 2.916510000000000105e+02 0.000000000000000000e+00
1.000000000000000000e+03 2.917030000000000314e+02 1.141092809547072040e+00
2.000000000000000000e+03 2.909218000000000188e+02 2.550421173061425240e+00
3.000000000000000000e+03 2.920680000000000405e+02 2.166522928565491224e+00
4.000000000000000000e+03 2.922459999999999809e+02 3.976075854407204346e+00
5.000000000000000000e+03 2.932053999999999405e+02 4.160238771993747697e+00
6.000000000000000000e+03 2.945876000000000090e+02 5.211709262804299136e+00
7.000000000000000000e+03 2.942985999999999649e+02 7.071715084758432468e+00
8.000000000000000000e+03 2.934782000000000153e+02 5.604316564934586076e+00
9.000000000000000000e+03 2.938589999999999804e+02 6.490684648016713965e+00
1.000000000000000000e+04 2.934183999999999628e+02 5.473981205667406869e+00
1.100000000000000000e+04 2.916535999999999831e+02 3.892264770027850318e+00
1.200000000000000000e+04 2.898962000000000216e+02 2.283081987139310876e+00
1.300000000000000000e+04 2.914306000000000267e+02 2.745296093320367170e+00
1.400000000000000000e+04 2.903499999999999659e+02 1.312027133865764084e+00
1.500000000000000000e+04 2.897529999999999859e+02 4.194996495826892158e+00
1.600000000000000000e+04 2.889541999999999575e+02 4.942484816365131373e+00
1.700000000000000000e+04 2.895448000000000093e+02 4.068166092971134518e+00
1.800000000000000000e+04 2.895058000000000220e+02 2.689200728841186994e+00
1.900000000000000000e+04 2.884953999999999610e+02 5.164534968416803373e+00
2.000000000000000000e+04 2.891059999999999945e+02 3.750004159997704090e+00
2.100000000000000000e+04 2.910916000000000281e+02 3.383214897105996766e+00
2.200000000000000000e+04 2.899899999999999523e+02 3.211736788717276525e+00
2.300000000000000000e+04 2.890826000000000136e+02 1.945562808032678115e+00
2.400000000000000000e+04 2.899851999999999634e+02 4.292514340104181869e+00
2.500000000000000000e+04 2.903408000000000015e+02 2.311825720074939472e+00
2.600000000000000000e+04 2.927398000000000025e+02 1.478572067908759058e+00
2.700000000000000000e+04 2.906218000000000075e+02 2.286141150497930319e+00
2.800000000000000000e+04 2.895044000000000324e+02 2.443908067010707619e+00
2.900000000000000000e+04 2.877078000000000202e+02 1.712392758685933991e+00
3.000000000000000000e+04 2.884056000000000495e+02 2.589220933022133408e+00
3.100000000000000000e+04 2.891757999999999811e+02 4.952094845618362662e+00
3.200000000000000000e+04 2.906108000000000402e+02 2.942785238511304247e+00
3.300000000000000000e+04 2.902194000000000074e+02 2.263871427444580142e+00
3.400000000000000000e+04 2.888429999999999609e+02 3.488957322754186574e+00
3.500000000000000000e+04 2.899762000000000057e+02 3.458732334251958918e+00
3.600000000000000000e+04 2.907635999999999967e+02 1.708916217958037498e+00
3.700000000000000000e+04 2.885526000000000408e+02 2.491779572915704399e+00
3.800000000000000000e+04 2.886470000000000482e+02 2.996021695515562744e+00
3.900000000000000000e+04 2.904170000000000300e+02 4.199883665055502924e+00
4.000000000000000000e+04 2.900224000000000046e+02 2.575208931329658668e+00
4.100000000000000000e+04 2.892959999999999923e+02 2.215678947862266934e+00
4.200000000000000000e+04 2.883405999999999949e+02 1.106400216919723567e+00
4.300000000000000000e+04 2.905452000000000226e+02 2.551892819065860518e+00
4.400000000000000000e+04 2.927477999999999838e+02 2.113312887387952532e+00
4.500000000000000000e+04 2.897933999999999628e+02 1.270751053511274264e+00
4.600000000000000000e+04 2.910962000000000103e+02 1.839632071910037636e+00
4.700000000000000000e+04 2.908682000000000016e+02 3.845582993513473546e+00
4.800000000000000000e+04 2.906101999999999634e+02 2.999588065051605135e+00
4.900000000000000000e+04 2.910135999999999399e+02 3.734568387377593446e+00
5.000000000000000000e+04 2.910617999999999483e+02 1.513340067532736866e+00
5.100000000000000000e+04 2.905668000000000006e+02 1.461513653716581373e+00
5.200000000000000000e+04 2.887730000000000246e+02 2.164491349024052269e+00
5.300000000000000000e+04 2.900525999999999840e+02 3.846045740757645603e+00
5.400000000000000000e+04 2.926195999999999913e+02 2.699764774938716805e+00
5.500000000000000000e+04 2.927767999999999802e+02 3.388414520096389992e+00
5.600000000000000000e+04 2.940911999999999580e+02 3.292614851451647340e+00
5.700000000000000000e+04 2.934112000000000080e+02 5.403542741572411323e+00
5.800000000000000000e+04 2.911850000000000023e+02 3.973628316790585036e+00
5.900000000000000000e+04 2.922104000000000497e+02 4.442941215006111833e+00
6.000000000000000000e+04 2.945549999999999500e+02 3.587527616618458648e+00
6.100000000000000000e+04 2.919608000000000061e+02 9.739735930711929113e-01
6.200000000000000000e+04 2.928172000000000708e+02 4.676374638542121431e+00
6.300000000000000000e+04 2.929489999999999554e+02 4.667031990462457536e+00
6.400000000000000000e+04 2.952291999999999916e+02 4.137689277845773006e+00
6.500000000000000000e+04 2.947658000000000129e+02 6.154254931346281765e+00
6.600000000000000000e+04 2.938596000000000004e+02 3.751992196153928649e+00
6.700000000000000000e+04 2.919381999999999948e+02 3.868687084787291397e+00
6.800000000000000000e+04 2.922761999999999603e+02 3.929929129131987775e+00
6.900000000000000000e+04 2.923448000000000206e+02 4.011450730097521955e+00
7.000000000000000000e+04 2.922010000000000218e+02 5.572811211587916702e+00
7.100000000000000000e+04 2.915803999999999405e+02 6.044529116482111775e+00
7.200000000000000000e+04 2.905004000000000133e+02 6.185733411649741775e+00
7.300000000000000000e+04 2.916145999999999958e+02 6.148772937749447109e+00
7.400000000000000000e+04 2.916286000000000058e+02 5.430726566491816065e+00
7.500000000000000000e+04 2.909032000000000266e+02 4.625547941595685941e+00
7.600000000000000000e+04 2.905140000000000100e+02 6.109628532079507401e+00
7.700000000000000000e+04 2.913170000000000073e+02 5.517815727260193093e+00
7.800000000000000000e+04 2.934912000000000489e+02 5.378319789674090856e+00
7.900000000000000000e+04 2.943808000000000220e+02 7.045608771426361550e+00
8.000000000000000000e+04 2.911625999999999976e+02 4.934264873311934529e+00
8.100000000000000000e+04 2.892272000000000389e+02 5.609388287505157500e+00
8.200000000000000000e+04 2.907926000000000499e+02 3.827636064204652300e+00
8.300000000000000000e+04 2.929248000000000616e+02 4.955853323091809592e+00
8.400000000000000000e+04 2.931927999999999770e+02 5.673788237148092328e+00
8.500000000000000000e+04 2.927371999999999730e+02 3.542973293718149286e+00
8.600000000000000000e+04 2.902712000000000216e+02 2.719547712396308103e+00
8.700000000000000000e+04 2.907507999999999697e+02 3.951858570343844690e+00
8.800000000000000000e+04 2.932753999999999905e+02 5.205270390671375758e+00
8.900000000000000000e+04 2.929660000000000082e+02 5.668273776027418442e+00
9.000000000000000000e+04 2.916687999999999761e+02 6.800320092466224153e+00
9.100000000000000000e+04 2.915277999999999565e+02 6.744156178500015031e+00
9.200000000000000000e+04 2.914679999999999609e+02 4.360782590315629648e+00
9.300000000000000000e+04 2.922440000000000282e+02 5.651228999076214343e+00
9.400000000000000000e+04 2.916286000000000058e+02 5.501267257641642594e+00
9.500000000000000000e+04 2.907563999999999851e+02 6.944764865709990964e+00
9.600000000000000000e+04 2.903301999999999907e+02 4.422717372837656313e+00
9.700000000000000000e+04 2.910796000000000276e+02 4.874536515403280923e+00
9.800000000000000000e+04 2.894141999999999939e+02 5.652233130365383218e+00
9.900000000000000000e+04 2.925893999999999551e+02 4.260232885653072898e+00
1.000000000000000000e+05 2.923808000000000220e+02 3.951766359490398006e+00
1.010000000000000000e+05 2.920237999999999943e+02 4.184407551852459939e+00
1.020000000000000000e+05 2.915556000000000267e+02 4.809600839986631016e+00
1.030000000000000000e+05 2.904806000000000381e+02 3.327614617109373896e+00
1.040000000000000000e+05 2.913826000000000249e+02 4.849982251513911713e+00
1.050000000000000000e+05 2.903706000000000245e+02 4.047940444225925916e+00
1.060000000000000000e+05 2.918172000000000139e+02 4.457327333728143159e+00
1.070000000000000000e+05 2.910559999999999832e+02 3.902106097993743195e+00
1.080000000000000000e+05 2.887702000000000453e+02 1.544979016038719566e+00
1.090000000000000000e+05 2.875850000000000364e+02 3.782399820219964681e+00
1.100000000000000000e+05 2.893598000000000070e+02 3.452548647014274774e+00
1.110000000000000000e+05 2.897964000000000055e+02 5.375695847050875997e+00
1.120000000000000000e+05 2.897916000000000167e+02 3.228092291121795299e+00
1.130000000000000000e+05 2.927512000000000398e+02 3.328240460062952266e+00
1.140000000000000000e+05 2.913034000000000106e+02 4.250859188446488801e+00
1.150000000000000000e+05 2.905064000000000419e+02 4.957463448175886356e+00
1.160000000000000000e+05 2.912941999999999894e+02 4.003779334578764448e+00
1.170000000000000000e+05 2.897715999999999781e+02 4.156847969315211166e+00
1.180000000000000000e+05 2.919323999999999728e+02 2.246033178739801794e+00
1.190000000000000000e+05 2.886576000000000022e+02 3.864597448635500587e+00
1.200000000000000000e+05 2.898329999999999700e+02 3.815882545362220490e+00
1.210000000000000000e+05 2.912531999999999925e+02 3.561296190995625999e+00
1.220000000000000000e+05 2.897694000000000187e+02 3.118411941998675996e+00
1.230000000000000000e+05 2.904445999999999799e+02 3.793222988436089960e+00
1.240000000000000000e+05 2.907677999999999656e+02 3.855663284053724826e+00
1.250000000000000000e+05 2.899417999999999438e+02 4.505154887459476676e+00
1.260000000000000000e+05 2.907831999999999653e+02 3.887468194082099870e+00
1.270000000000000000e+05 2.916242000000000303e+02 5.185994577706385833e+00
1.280000000000000000e+05 2.917064000000000306e+02 3.641203350542230766e+00
1.290000000000000000e+05 2.903739999999999668e+02 3.809923568787187520e+00
1.300000000000000000e+05 2.910532000000000039e+02 6.395976247610677845e+00
1.310000000000000000e+05 2.912194000000000074e+02 2.887559564753598984e+00
1.320000000000000000e+05 2.895502000000000180e+02 4.998508073415508512e+00
1.330000000000000000e+05 2.900874000000000024e+02 3.678186216058126234e+00
1.340000000000000000e+05 2.883768000000000029e+02 4.443061034917262120e+00
1.350000000000000000e+05 2.888449999999999704e+02 3.163607940311186084e+00
1.360000000000000000e+05 2.895757999999999583e+02 3.279122833929819070e+00
1.370000000000000000e+05 2.906313999999999851e+02 5.362868098322019605e+00
1.380000000000000000e+05 2.905456000000000358e+02 4.134066308128108602e+00
1.390000000000000000e+05 2.884388000000000147e+02 2.790420857146822087e+00
1.400000000000000000e+05 2.881881999999999948e+02 2.444579423950056452e+00
1.410000000000000000e+05 2.870674000000000206e+02 2.222752671801344615e+00
1.420000000000000000e+05 2.891311999999999784e+02 4.472859371811282791e+00
1.430000000000000000e+05 2.901125999999999863e+02 4.628278842075093102e+00
1.440000000000000000e+05 2.873000000000000114e+02 2.857166918470121164e+00
1.450000000000000000e+05 2.885144000000000233e+02 4.048670280474803818e+00
1.460000000000000000e+05 2.874035999999999831e+02 3.106718950919120203e+00
1.470000000000000000e+05 2.887286000000000286e+02 3.555583642666840127e+00
1.480000000000000000e+05 2.866473999999999478e+02 3.315214478732864123e+00
1.490000000000000000e+05 2.878963999999999714e+02 3.265554078560036544e+00
1.500000000000000000e+05 2.900998000000000729e+02 4.708996215755539616e+00
1.510000000000000000e+05 2.909261999999999944e+02 4.871537597104215855e+00
1.520000000000000000e+05 2.892783999999999764e+02 3.951625366858562138e+00
1.530000000000000000e+05 2.883631999999999493e+02 3.204188596197167005e+00
1.540000000000000000e+05 2.894578000000000202e+02 4.740610779213992210e+00
1.550000000000000000e+05 2.892894000000000005e+02 4.040026960306079218e+00
1.560000000000000000e+05 2.896015999999999622e+02 2.315047783524134761e+00
1.570000000000000000e+05 2.874841999999999871e+02 3.920191648376399662e+00
1.580000000000000000e+05 2.897758000000000038e+02 4.742246868310426855e+00
1.590000000000000000e+05 2.904869999999999663e+02 4.820558100469276575e+00
1.600000000000000000e+05 2.894904000000000224e+02 6.108774561235674305e+00
1.610000000000000000e+05 2.903210000000000264e+02 6.477583685294996840e+00
1.620000000000000000e+05 2.910421999999999798e+02 5.501114992435625517e+00
1.630000000000000000e+05 2.904540000000000077e+02 5.371769950398103788e+00
1.640000000000000000e+05 2.891270000000000095e+02 4.901097264898947259e+00
1.650000000000000000e+05 2.909698000000000206e+02 6.748408594624365264e+00
1.660000000000000000e+05 2.898488000000000397e+02 5.850430493561988854e+00
1.670000000000000000e+05 2.907212000000000103e+02 3.466114966356416360e+00
1.680000000000000000e+05 2.907237999999999829e+02 6.979170191362304543e+00
1.690000000000000000e+05 2.911236000000000104e+02 5.177031296022840401e+00
1.700000000000000000e+05 2.920018000000000029e+02 4.333024043321242580e+00
1.710000000000000000e+05 2.912946000000000026e+02 6.602815781164879105e+00
1.720000000000000000e+05 2.894951999999999543e+02 5.340287160818228074e+00
1.730000000000000000e+05 2.911179999999999950e+02 4.562779328435683901e+00
1.740000000000000000e+05 2.935253999999999905e+02 4.379120213010823548e+00
1.750000000000000000e+05 2.946860000000000355e+02 5.306337079379724209e+00
1.760000000000000000e+05 2.923914000000000328e+02 5.530803507628895943e+00
1.770000000000000000e+05 2.909011999999999603e+02 5.883776657895841922e+00
1.780000000000000000e+05 2.927202000000000339e+02 3.407491887004284070e+00
1.790000000000000000e+05 2.930548000000000002e+02 2.773363402080583295e+00
1.800000000000000000e+05 2.934431999999999903e+02 4.143941042051626056e+00
1.810000000000000000e+05 2.905208000000000084e+02 4.821730826166048978e+00
1.820000000000000000e+05 2.923668000000000120e+02 4.434102272162866676e+00
1.830000000000000000e+05 2.913220000000000027e+02 2.071311758282649684e+00
1.840000000000000000e+05 2.927652000000000498e+02 3.546174693948402457e+00
1.850000000000000000e+05 2.944145999999999503e+02 4.567748662087257827e+00
1.860000000000000000e+05 2.928404000000000451e+02 1.984285322225599835e+00
1.870000000000000000e+05 2.914141999999999939e+02 3.480040195170181150e+00
1.880000000000000000e+05 2.933233999999999924e+02 4.015491631170475806e+00
1.890000000000000000e+05 2.915629999999999882e+02 3.212712312050373775e+00
1.900000000000000000e+05 2.932402000000000157e+02 6.039516583303671027e+00
1.910000000000000000e+05 2.922241999999999962e+02 3.592117670678387942e+00
1.920000000000000000e+05 2.913306000000000040e+02 4.231750493590085149e+00
1.930000000000000000e+05 2.919091999999999985e+02 3.935691471647645212e+00
1.940000000000000000e+05 2.933189999999999600e+02 4.666504944816833422e+00
1.950000000000000000e+05 2.937198000000000206e+02 4.148065737184010615e+00
1.960000000000000000e+05 2.923998000000000275e+02 4.763000751627064489e+00
1.970000000000000000e+05 2.926988000000000056e+02 3.452643416282662692e+00
1.980000000000000000e+05 2.931080000000000041e+02 3.617615291873922168e+00
1.990000000000000000e+05 2.927878000000000043e+02 3.087824438014567185e+00
2.000000000000000000e+05 2.894587999999999965e+02 3.513344810860454359e+00
2.010000000000000000e+05 2.911793999999999869e+02 3.919116461653056493e+00
2.020000000000000000e+05 2.917007999999999583e+02 6.396280275284998318e+00
2.030000000000000000e+05 2.934310000000000400e+02 2.533953748591319943e+00
2.040000000000000000e+05 2.942104000000000497e+02 4.216714389189753831e+00
2.050000000000000000e+05 2.907065999999999804e+02 5.582007223212804625e+00
2.060000000000000000e+05 2.931781999999999471e+02 3.925161061663576145e+00
2.070000000000000000e+05 2.928226000000000226e+02 3.967070788377739632e+00
2.080000000000000000e+05 2.912148000000000252e+02 6.720510290149088739e+00
2.090000000000000000e+05 2.902921999999999798e+02 4.423857158634320719e+00
2.100000000000000000e+05 2.921801999999999566e+02 5.480151764321862018e+00
2.110000000000000000e+05 2.926948000000000434e+02 6.396892789472083507e+00
2.120000000000000000e+05 2.922251999999999725e+02 4.075841037135771394e+00
2.130000000000000000e+05 2.926599999999999682e+02 4.397791627624032529e+00
2.140000000000000000e+05 2.929483999999999924e+02 3.842732912914962995e+00
2.150000000000000000e+05 2.926802000000000135e+02 4.601693488271470400e+00
2.160000000000000000e+05 2.913775999999999726e+02 4.731009685046096536e+00
2.170000000000000000e+05 2.923256000000000085e+02 4.068419673534180880e+00
2.180000000000000000e+05 2.935390000000000441e+02 4.493044713777067045e+00
2.190000000000000000e+05 2.898136000000000081e+02 3.722237961227097713e+00
2.200000000000000000e+05 2.945066000000000486e+02 3.519021091155889014e+00
2.210000000000000000e+05 2.941920000000000073e+02 5.185805202666210256e+00
2.220000000000000000e+05 2.931481999999999744e+02 3.571554025910851582e+00
2.230000000000000000e+05 2.937369999999999663e+02 4.368776121524192924e+00
2.240000000000000000e+05 2.954116000000000213e+02 4.255904444416017007e+00
2.250000000000000000e+05 2.951245999999999867e+02 3.774632040345115680e+00
2.260000000000000000e+05 2.949053999999999860e+02 5.239922999434253548e+00
2.270000000000000000e+05 2.928245999999999754e+02 4.559567593533402352e+00
2.280000000000000000e+05 2.932640000000000100e+02 3.754789101933703854e+00
2.290000000000000000e+05 2.943055999999999699e+02 4.870895342747583179e+00
2.300000000000000000e+05 2.949368000000000052e+02 6.319876815255166314e+00
2.310000000000000000e+05 2.964068000000000325e+02 6.503383039618682915e+00
2.320000000000000000e+05 2.957741999999999507e+02 6.776581067175393436e+00
2.330000000000000000e+05 2.961333999999999946e+02 6.404193582333370216e+00
2.340000000000000000e+05 2.953299999999999841e+02 5.901485677352783732e+00
2.350000000000000000e+05 2.943296000000000276e+02 5.385523320903934597e+00
2.360000000000000000e+05 2.968618000000000166e+02 6.657385414710486060e+00
2.370000000000000000e+05 2.940681999999999903e+02 6.082354162657744645e+00
2.380000000000000000e+05 2.939614000000000260e+02 8.320560284019341779e+00
2.390000000000000000e+05 2.957238000000000397e+02 5.719760813180904790e+00
2.400000000000000000e+05 2.931671999999999798e+02 4.036307094362379111e+00
2.410000000000000000e+05 2.927805999999999926e+02 5.554300409592539012e+00
2.420000000000000000e+05 2.937099999999999795e+02 4.624311278450004892e+00
2.430000000000000000e+05 2.924363999999999919e+02 4.748948708924956463e+00
2.440000000000000000e+05 2.935159999999999627e+02 4.218296623045849181e+00
2.450000000000000000e+05 2.928550000000000182e+02 6.278247239476960395e+00
2.460000000000000000e+05 2.946161999999999921e+02 6.382540102498373003e+00
2.470000000000000000e+05 2.951855999999999653e+02 3.458151621892820327e+00
2.480000000000000000e+05 2.940294000000000096e+02 4.039603723139187252e+00
2.490000000000000000e+05 2.942630000000000337e+02 5.122427627600021793e+00
2.500000000000000000e+05 2.923457999999999970e+02 3.698020735474594201e+00
2.510000000000000000e+05 2.951813999999999965e+02 6.545906158814078779e+00
2.520000000000000000e+05 2.953233999999999924e+02 4.987361931923528502e+00
2.530000000000000000e+05 2.945341999999999985e+02 5.154213942009000071e+00
2.540000000000000000e+05 2.938374000000000024e+02 7.070971293959559034e+00
2.550000000000000000e+05 2.934384000000000015e+02 5.148011406358773634e+00
2.560000000000000000e+05 2.951242000000000303e+02 6.103536856610274342e+00
2.570000000000000000e+05 2.932782000000000266e+02 4.945989179122818769e+00
2.580000000000000000e+05 2.941985999999999990e+02 5.892527695310390889e+00
2.590000000000000000e+05 2.918668000000000120e+02 6.179685215284022703e+00
2.600000000000000000e+05 2.941940000000000168e+02 6.245078478289918245e+00
2.610000000000000000e+05 2.966145999999999958e+02 4.780889900426492645e+00
2.620000000000000000e+05 2.943431999999999675e+02 4.218069292934859327e+00
2.630000000000000000e+05 2.946617999999999711e+02 5.207154708667681930e+00
2.640000000000000000e+05 2.952669999999999959e+02 5.439122098280203765e+00
2.650000000000000000e+05 2.966474000000000046e+02 5.318980300771936953e+00
2.660000000000000000e+05 2.948698000000000548e+02 4.783997299330347452e+00
2.670000000000000000e+05 2.980382000000000176e+02 5.838886996680114017e+00
2.680000000000000000e+05 2.941119999999999663e+02 5.631704289111784334e+00
2.690000000000000000e+05 2.949112000000000080e+02 4.048242799042573559e+00
2.700000000000000000e+05 2.954039999999999964e+02 5.261410343244486754e+00
2.710000000000000000e+05 2.954512000000000285e+02 4.633108951881022897e+00
2.720000000000000000e+05 2.953283999999999878e+02 3.848829151833064177e+00
2.730000000000000000e+05 2.955964000000000169e+02 5.181001625168627278e+00
2.740000000000000000e+05 2.967594000000000278e+02 4.191725210459298800e+00
2.750000000000000000e+05 2.950977999999999497e+02 6.199060780473123700e+00
2.760000000000000000e+05 2.953564000000000078e+02 5.326391896959899341e+00
2.770000000000000000e+05 2.970928000000000111e+02 5.335284337315123970e+00
2.780000000000000000e+05 2.948437999999999874e+02 5.139301952600175305e+00
2.790000000000000000e+05 2.955790000000000077e+02 4.613674587571175323e+00
2.800000000000000000e+05 2.956042000000000485e+02 5.105911961638200935e+00
2.810000000000000000e+05 2.967192000000000007e+02 5.189670293958946523e+00
2.820000000000000000e+05 2.949491999999999621e+02 6.046094422021547565e+00
2.830000000000000000e+05 2.955118000000000507e+02 5.042122624450935398e+00
2.840000000000000000e+05 2.953322000000000003e+02 6.881548994230877625e+00
2.850000000000000000e+05 2.961414000000000328e+02 6.590034828436029279e+00
2.860000000000000000e+05 2.964625999999999522e+02 4.552193431742547425e+00
2.870000000000000000e+05 2.980143999999999664e+02 6.034506760291190375e+00
2.880000000000000000e+05 2.958159999999999741e+02 6.262148864407494742e+00
2.890000000000000000e+05 2.971447999999999752e+02 4.197653697007422302e+00
2.900000000000000000e+05 2.953377999999999588e+02 5.077405888837324355e+00
2.910000000000000000e+05 2.954035999999999831e+02 4.563796910468304269e+00
2.920000000000000000e+05 2.956498000000000275e+02 6.754442668348000112e+00
2.930000000000000000e+05 2.957954000000000292e+02 6.506981807259027306e+00
2.940000000000000000e+05 2.952130000000000223e+02 6.652921403413691870e+00
2.950000000000000000e+05 2.954453999999999496e+02 6.253939769457334208e+00
2.960000000000000000e+05 2.972423999999999751e+02 5.892198896846574385e+00
2.970000000000000000e+05 2.954712000000000103e+02 5.231178620540506863e+00
2.980000000000000000e+05 2.975091999999999643e+02 5.363380329605567987e+00
2.990000000000000000e+05 2.971921999999999571e+02 4.555974863846385503e+00
3.000000000000000000e+05 2.949979999999999336e+02 6.544280128478618508e+00
