# x average std
0.000000000000000000e+00 5.160000000000000000e+02 0.000000000000000000e+00
1.000000000000000000e+03 5.236000000000000227e+02 6.183849933496122553e+00
2.000000000000000000e+03 5.111999999999999886e+02 6.013318551349162711e+00
3.000000000000000000e+03 5.126000000000000227e+02 1.019803902718557032e+00
4.000000000000000000e+03 5.193999999999999773e+02 9.624967532412771476e+00
5.000000000000000000e+03 5.177999999999999545e+02 5.114684741017769376e+00
6.000000000000000000e+03 5.240000000000000000e+02 5.830951894845300743e+00
7.000000000000000000e+03 5.197999999999999545e+02 7.833262411026455929e+00
8.000000000000000000e+03 5.240000000000000000e+02 6.870225614927067070e+00
9.000000000000000000e+03 5.257999999999999545e+02 3.310589071449369758e+00
1.000000000000000000e+04 5.207999999999999545e+02 7.025667228100118678e+00
1.100000000000000000e+04 5.192000000000000455e+02 6.968500556073738750e+00
1.200000000000000000e+04 5.206000000000000227e+02 1.087382177525454807e+01
1.300000000000000000e+04 5.166000000000000227e+02 5.642694391866353243e+00
1.400000000000000000e+04 5.273999999999999773e+02 7.116178749862877240e+00
1.500000000000000000e+04 5.217999999999999545e+02 6.910861017268398854e+00
1.600000000000000000e+04 5.187999999999999545e+02 8.795453370918409064e+00
1.700000000000000000e+04 5.197999999999999545e+02 7.652450587883596889e+00
1.800000000000000000e+04 5.282000000000000455e+02 1.614187101918485467e+01
1.900000000000000000e+04 5.246000000000000227e+02 9.971960689854327597e+00
2.000000000000000000e+04 5.313999999999999773e+02 1.179152237838694006e+01
2.100000000000000000e+04 5.276000000000000227e+02 7.578918128598566284e+00
2.200000000000000000e+04 5.327999999999999545e+02 8.634813257969161882e+00
2.300000000000000000e+04 5.257999999999999545e+02 6.241794613730894170e+00
2.400000000000000000e+04 5.220000000000000000e+02 5.761944116355173229e+00
2.500000000000000000e+04 5.222000000000000455e+02 5.381449618829484471e+00
2.600000000000000000e+04 5.192000000000000455e+02 4.445222154178574137e+00
2.700000000000000000e+04 5.223999999999999773e+02 5.161395160225575651e+00
2.800000000000000000e+04 5.190000000000000000e+02 3.521363372331801855e+00
2.900000000000000000e+04 5.223999999999999773e+02 7.552483035399681910e+00
3.000000000000000000e+04 5.223999999999999773e+02 1.072567014223353787e+01
3.100000000000000000e+04 5.317999999999999545e+02 1.304453908729626121e+01
3.200000000000000000e+04 5.283999999999999773e+02 9.024411338142781958e+00
3.300000000000000000e+04 5.230000000000000000e+02 3.633180424916989892e+00
3.400000000000000000e+04 5.247999999999999545e+02 1.510496607079936382e+01
3.500000000000000000e+04 5.252000000000000455e+02 7.782030583337488316e+00
3.600000000000000000e+04 5.202000000000000455e+02 1.200666481584290679e+01
3.700000000000000000e+04 5.213999999999999773e+02 4.841487374764081864e+00
3.800000000000000000e+04 5.192000000000000455e+02 1.407693148381421899e+01
3.900000000000000000e+04 5.282000000000000455e+02 7.934733769950948812e+00
4.000000000000000000e+04 5.272000000000000455e+02 1.367333170810976739e+01
4.100000000000000000e+04 5.203999999999999773e+02 7.683749084919417882e+00
4.200000000000000000e+04 5.303999999999999773e+02 9.350935782048766853e+00
4.300000000000000000e+04 5.290000000000000000e+02 9.402127418834526296e+00
4.400000000000000000e+04 5.163999999999999773e+02 9.414881836751856525e+00
4.500000000000000000e+04 5.272000000000000455e+02 2.925747767665558996e+00
4.600000000000000000e+04 5.220000000000000000e+02 1.035374328443582748e+01
4.700000000000000000e+04 5.256000000000000227e+02 5.571355310873647326e+00
4.800000000000000000e+04 5.290000000000000000e+02 9.549869109050657556e+00
4.900000000000000000e+04 5.232000000000000455e+02 1.346699669562594082e+01
5.000000000000000000e+04 5.250000000000000000e+02 1.027618606293210313e+01
5.100000000000000000e+04 5.242000000000000455e+02 6.675327707311454972e+00
5.200000000000000000e+04 5.222000000000000455e+02 9.744742172063867613e+00
5.300000000000000000e+04 5.267999999999999545e+02 1.348183963708217270e+01
5.400000000000000000e+04 5.233999999999999773e+02 5.276362383309167292e+00
5.500000000000000000e+04 5.270000000000000000e+02 6.928203230275508773e+00
5.600000000000000000e+04 5.240000000000000000e+02 9.316651759081691964e+00
5.700000000000000000e+04 5.277999999999999545e+02 1.325745073534123719e+01
5.800000000000000000e+04 5.143999999999999773e+02 7.761443164772900971e+00
5.900000000000000000e+04 5.276000000000000227e+02 4.409081537009720719e+00
6.000000000000000000e+04 5.213999999999999773e+02 8.593020423576334110e+00
6.100000000000000000e+04 5.266000000000000227e+02 5.535341001239218350e+00
6.200000000000000000e+04 5.247999999999999545e+02 5.418486873657626823e+00
6.300000000000000000e+04 5.223999999999999773e+02 2.244994432064364887e+00
6.400000000000000000e+04 5.192000000000000455e+02 6.852736679604725545e+00
6.500000000000000000e+04 5.153999999999999773e+02 1.040384544291196178e+01
6.600000000000000000e+04 5.257999999999999545e+02 1.133843022644669318e+01
6.700000000000000000e+04 5.142000000000000455e+02 7.678541528180987008e+00
6.800000000000000000e+04 5.260000000000000000e+02 8.921883209278185234e+00
6.900000000000000000e+04 5.227999999999999545e+02 7.984985911070851650e+00
7.000000000000000000e+04 5.252000000000000455e+02 7.807688518377253750e+00
7.100000000000000000e+04 5.167999999999999545e+02 4.118252056394799965e+00
7.200000000000000000e+04 5.223999999999999773e+02 7.787168933572713669e+00
7.300000000000000000e+04 5.193999999999999773e+02 8.212186067059123573e+00
7.400000000000000000e+04 5.222000000000000455e+02 7.730459236035075676e+00
7.500000000000000000e+04 5.172000000000000455e+02 4.118252056394799965e+00
7.600000000000000000e+04 5.232000000000000455e+02 4.955804677345547304e+00
7.700000000000000000e+04 5.260000000000000000e+02 1.104536101718726115e+01
7.800000000000000000e+04 5.203999999999999773e+02 7.787168933572712781e+00
7.900000000000000000e+04 5.213999999999999773e+02 1.393700111214747572e+01
8.000000000000000000e+04 5.216000000000000227e+02 1.044222198576528982e+01
8.100000000000000000e+04 5.212000000000000455e+02 6.112282715974449943e+00
8.200000000000000000e+04 5.186000000000000227e+02 8.777243302996675212e+00
8.300000000000000000e+04 5.230000000000000000e+02 7.375635565834310015e+00
8.400000000000000000e+04 5.147999999999999545e+02 8.657944328765346143e+00
8.500000000000000000e+04 5.270000000000000000e+02 7.615773105863908654e+00
8.600000000000000000e+04 5.220000000000000000e+02 6.870225614927067070e+00
8.700000000000000000e+04 5.193999999999999773e+02 2.416609194718914555e+00
8.800000000000000000e+04 5.233999999999999773e+02 1.053755189785559132e+01
8.900000000000000000e+04 5.233999999999999773e+02 4.223742416388574838e+00
9.000000000000000000e+04 5.292000000000000455e+02 1.024499877989255836e+01
9.100000000000000000e+04 5.240000000000000000e+02 6.542170893518449937e+00
9.200000000000000000e+04 5.246000000000000227e+02 6.248199740725323359e+00
9.300000000000000000e+04 5.247999999999999545e+02 1.428845687959340083e+01
9.400000000000000000e+04 5.303999999999999773e+02 3.200000000000000178e+00
9.500000000000000000e+04 5.226000000000000227e+02 7.709734106958553213e+00
9.600000000000000000e+04 5.183999999999999773e+02 7.059745037889115338e+00
9.700000000000000000e+04 5.237999999999999545e+02 9.765244492586962366e+00
9.800000000000000000e+04 5.250000000000000000e+02 4.049691346263316838e+00
9.900000000000000000e+04 5.223999999999999773e+02 7.552483035399681910e+00
1.000000000000000000e+05 5.210000000000000000e+02 4.147288270665543841e+00
1.010000000000000000e+05 5.200000000000000000e+02 6.000000000000000000e+00
1.020000000000000000e+05 5.173999999999999773e+02 1.005186549850325051e+01
1.030000000000000000e+05 5.227999999999999545e+02 7.678541528180987008e+00
1.040000000000000000e+05 5.202000000000000455e+02 7.194442299441980104e+00
1.050000000000000000e+05 5.193999999999999773e+02 7.499333303701069653e+00
1.060000000000000000e+05 5.203999999999999773e+02 6.151422599691878546e+00
1.070000000000000000e+05 5.197999999999999545e+02 5.268775948927796549e+00
1.080000000000000000e+05 5.157999999999999545e+02 1.466151424648900203e+01
1.090000000000000000e+05 5.193999999999999773e+02 6.974238309665077296e+00
1.100000000000000000e+05 5.232000000000000455e+02 3.059411708155670873e+00
1.110000000000000000e+05 5.157999999999999545e+02 7.756287771866126945e+00
1.120000000000000000e+05 5.193999999999999773e+02 5.388877434122991694e+00
1.130000000000000000e+05 5.183999999999999773e+02 7.552483035399681022e+00
1.140000000000000000e+05 5.236000000000000227e+02 6.829348431585549051e+00
1.150000000000000000e+05 5.130000000000000000e+02 1.063954886261630861e+01
1.160000000000000000e+05 5.270000000000000000e+02 4.381780460041328595e+00
1.170000000000000000e+05 5.252000000000000455e+02 5.844655678480983774e+00
1.180000000000000000e+05 5.177999999999999545e+02 9.846826900072937150e+00
1.190000000000000000e+05 5.172000000000000455e+02 8.840814442120137784e+00
1.200000000000000000e+05 5.237999999999999545e+02 8.885943956609224870e+00
1.210000000000000000e+05 5.160000000000000000e+02 8.921883209278185234e+00
1.220000000000000000e+05 5.196000000000000227e+02 6.086049621881175931e+00
1.230000000000000000e+05 5.233999999999999773e+02 3.878143885933063473e+00
1.240000000000000000e+05 5.243999999999999773e+02 8.138795979750321763e+00
1.250000000000000000e+05 5.212000000000000455e+02 6.112282715974449943e+00
1.260000000000000000e+05 5.182000000000000455e+02 6.852736679604725545e+00
1.270000000000000000e+05 5.207999999999999545e+02 7.359347797189640161e+00
1.280000000000000000e+05 5.210000000000000000e+02 5.621387729022078616e+00
1.290000000000000000e+05 5.243999999999999773e+02 7.391887445030531190e+00
1.300000000000000000e+05 5.237999999999999545e+02 9.724196624914574372e+00
1.310000000000000000e+05 5.232000000000000455e+02 5.912698199637793195e+00
1.320000000000000000e+05 5.207999999999999545e+02 5.775811631277460556e+00
1.330000000000000000e+05 5.210000000000000000e+02 5.366563145999495354e+00
1.340000000000000000e+05 5.213999999999999773e+02 5.953150426454886457e+00
1.350000000000000000e+05 5.222000000000000455e+02 7.277362159464100699e+00
1.360000000000000000e+05 5.193999999999999773e+02 7.838367176906168687e+00
1.370000000000000000e+05 5.202000000000000455e+02 5.706137047074842705e+00
1.380000000000000000e+05 5.217999999999999545e+02 6.764613810115105430e+00
1.390000000000000000e+05 5.232000000000000455e+02 5.912698199637793195e+00
1.400000000000000000e+05 5.240000000000000000e+02 7.456540752922899529e+00
1.410000000000000000e+05 5.203999999999999773e+02 6.529931086925802930e+00
1.420000000000000000e+05 5.187999999999999545e+02 9.239047569960877837e+00
1.430000000000000000e+05 5.243999999999999773e+02 8.064738061462380259e+00
1.440000000000000000e+05 5.163999999999999773e+02 9.645724441429994300e+00
1.450000000000000000e+05 5.196000000000000227e+02 7.116178749862878128e+00
1.460000000000000000e+05 5.176000000000000227e+02 7.709734106958552324e+00
1.470000000000000000e+05 5.253999999999999773e+02 9.308061022576076482e+00
1.480000000000000000e+05 5.212000000000000455e+02 6.493073232299170883e+00
1.490000000000000000e+05 5.232000000000000455e+02 6.368673331236263557e+00
1.500000000000000000e+05 5.220000000000000000e+02 5.253570214625479018e+00
1.510000000000000000e+05 5.246000000000000227e+02 8.777243302996675212e+00
1.520000000000000000e+05 5.192000000000000455e+02 5.491812087098392858e+00
1.530000000000000000e+05 5.233999999999999773e+02 5.851495535331117104e+00
1.540000000000000000e+05 5.190000000000000000e+02 6.418722614352485145e+00
1.550000000000000000e+05 5.193999999999999773e+02 5.535341001239218350e+00
1.560000000000000000e+05 5.176000000000000227e+02 8.452218643646174812e+00
1.570000000000000000e+05 5.236000000000000227e+02 6.151422599691879434e+00
1.580000000000000000e+05 5.186000000000000227e+02 8.138795979750319987e+00
1.590000000000000000e+05 5.183999999999999773e+02 8.912911982062876604e+00
1.600000000000000000e+05 5.203999999999999773e+02 6.151422599691879434e+00
1.610000000000000000e+05 5.200000000000000000e+02 5.403702434442518410e+00
1.620000000000000000e+05 5.193999999999999773e+02 5.425863986500214509e+00
1.630000000000000000e+05 5.180000000000000000e+02 6.418722614352485145e+00
1.640000000000000000e+05 5.193999999999999773e+02 6.248199740725323359e+00
1.650000000000000000e+05 5.213999999999999773e+02 5.642694391866353243e+00
1.660000000000000000e+05 5.247999999999999545e+02 7.984985911070851650e+00
1.670000000000000000e+05 5.206000000000000227e+02 5.083306010855533685e+00
1.680000000000000000e+05 5.192000000000000455e+02 6.493073232299170883e+00
1.690000000000000000e+05 5.222000000000000455e+02 6.112282715974449943e+00
1.700000000000000000e+05 5.212000000000000455e+02 7.833262411026455929e+00
1.710000000000000000e+05 5.223999999999999773e+02 5.314132102234569111e+00
1.720000000000000000e+05 5.202000000000000455e+02 8.634813257969161882e+00
1.730000000000000000e+05 5.252000000000000455e+02 7.194442299441980104e+00
1.740000000000000000e+05 5.173999999999999773e+02 1.011137972781162908e+01
1.750000000000000000e+05 5.262000000000000455e+02 8.494704232638120800e+00
1.760000000000000000e+05 5.240000000000000000e+02 7.456540752922899529e+00
1.770000000000000000e+05 5.240000000000000000e+02 6.418722614352485145e+00
1.780000000000000000e+05 5.257999999999999545e+02 1.083328205116067267e+01
1.790000000000000000e+05 5.222000000000000455e+02 7.730459236035075676e+00
1.800000000000000000e+05 5.226000000000000227e+02 5.535341001239218350e+00
1.810000000000000000e+05 5.240000000000000000e+02 6.841052550594827864e+00
1.820000000000000000e+05 5.213999999999999773e+02 9.112628599915613137e+00
1.830000000000000000e+05 5.197999999999999545e+02 1.139122469271851301e+01
1.840000000000000000e+05 5.273999999999999773e+02 1.241933975700801795e+01
1.850000000000000000e+05 5.223999999999999773e+02 5.748043145279965849e+00
1.860000000000000000e+05 5.260000000000000000e+02 8.648699324175861847e+00
1.870000000000000000e+05 5.262000000000000455e+02 9.907572861200668157e+00
1.880000000000000000e+05 5.206000000000000227e+02 5.388877434122991694e+00
1.890000000000000000e+05 5.233999999999999773e+02 7.709734106958552324e+00
1.900000000000000000e+05 5.262000000000000455e+02 1.296765206195786035e+01
1.910000000000000000e+05 5.226000000000000227e+02 7.838367176906168687e+00
1.920000000000000000e+05 5.217999999999999545e+02 9.152048950918040049e+00
1.930000000000000000e+05 5.207999999999999545e+02 6.493073232299170883e+00
1.940000000000000000e+05 5.212000000000000455e+02 6.910861017268398854e+00
1.950000000000000000e+05 5.270000000000000000e+02 1.091787525116494528e+01
1.960000000000000000e+05 5.237999999999999545e+02 8.328265125462804619e+00
1.970000000000000000e+05 5.227999999999999545e+02 8.133879763065101187e+00
1.980000000000000000e+05 5.203999999999999773e+02 5.535341001239218350e+00
1.990000000000000000e+05 5.252000000000000455e+02 8.280096617793780922e+00
2.000000000000000000e+05 5.236000000000000227e+02 6.590902821313632032e+00
2.010000000000000000e+05 5.256000000000000227e+02 8.064738061462380259e+00
2.020000000000000000e+05 5.207999999999999545e+02 7.359347797189640161e+00
2.030000000000000000e+05 5.213999999999999773e+02 9.112628599915613137e+00
2.040000000000000000e+05 5.220000000000000000e+02 8.921883209278185234e+00
2.050000000000000000e+05 5.222000000000000455e+02 9.217374897442329740e+00
2.060000000000000000e+05 5.240000000000000000e+02 1.269645619848310147e+01
2.070000000000000000e+05 5.237999999999999545e+02 1.235151812531560900e+01
2.080000000000000000e+05 5.247999999999999545e+02 6.852736679604725545e+00
2.090000000000000000e+05 5.223999999999999773e+02 5.535341001239218350e+00
2.100000000000000000e+05 5.247999999999999545e+02 9.537295214053091996e+00
2.110000000000000000e+05 5.233999999999999773e+02 9.562426470305535275e+00
2.120000000000000000e+05 5.253999999999999773e+02 1.151694403911037412e+01
2.130000000000000000e+05 5.257999999999999545e+02 9.599999999999999645e+00
2.140000000000000000e+05 5.220000000000000000e+02 7.456540752922899529e+00
2.150000000000000000e+05 5.247999999999999545e+02 6.910861017268398854e+00
2.160000000000000000e+05 5.263999999999999773e+02 1.146472851837321016e+01
2.170000000000000000e+05 5.252000000000000455e+02 7.359347797189640161e+00
2.180000000000000000e+05 5.243999999999999773e+02 9.308061022576076482e+00
2.190000000000000000e+05 5.252000000000000455e+02 7.194442299441980104e+00
2.200000000000000000e+05 5.210000000000000000e+02 6.693280212272604501e+00
2.210000000000000000e+05 5.257999999999999545e+02 9.239047569960877837e+00
2.220000000000000000e+05 5.216000000000000227e+02 5.161395160225575651e+00
2.230000000000000000e+05 5.272000000000000455e+02 1.026450193628507179e+01
2.240000000000000000e+05 5.223999999999999773e+02 5.748043145279965849e+00
2.250000000000000000e+05 5.253999999999999773e+02 8.284926070883191329e+00
2.260000000000000000e+05 5.206000000000000227e+02 6.311893535223799923e+00
2.270000000000000000e+05 5.242000000000000455e+02 6.400000000000000355e+00
2.280000000000000000e+05 5.263999999999999773e+02 1.146472851837321016e+01
2.290000000000000000e+05 5.263999999999999773e+02 8.593020423576334110e+00
2.300000000000000000e+05 5.263999999999999773e+02 9.562426470305535275e+00
2.310000000000000000e+05 5.247999999999999545e+02 7.025667228100118678e+00
2.320000000000000000e+05 5.192000000000000455e+02 7.249827584156743221e+00
2.330000000000000000e+05 5.273999999999999773e+02 1.162067123706716032e+01
2.340000000000000000e+05 5.246000000000000227e+02 7.144228439796700414e+00
2.350000000000000000e+05 5.273999999999999773e+02 1.059433811051922092e+01
2.360000000000000000e+05 5.227999999999999545e+02 6.493073232299170883e+00
2.370000000000000000e+05 5.216000000000000227e+02 5.083306010855533685e+00
2.380000000000000000e+05 5.297999999999999545e+02 1.346699669562593904e+01
2.390000000000000000e+05 5.266000000000000227e+02 8.499411744350311437e+00
2.400000000000000000e+05 5.220000000000000000e+02 6.603029607687671110e+00
2.410000000000000000e+05 5.206000000000000227e+02 7.605261336732617394e+00
2.420000000000000000e+05 5.240000000000000000e+02 6.228964600958974529e+00
2.430000000000000000e+05 5.216000000000000227e+02 7.391887445030531190e+00
2.440000000000000000e+05 5.266000000000000227e+02 1.420704050814243224e+01
2.450000000000000000e+05 5.233999999999999773e+02 6.118823416311341745e+00
2.460000000000000000e+05 5.220000000000000000e+02 1.052615789355261455e+01
2.470000000000000000e+05 5.233999999999999773e+02 7.310266752998826334e+00
2.480000000000000000e+05 5.226000000000000227e+02 6.248199740725323359e+00
2.490000000000000000e+05 5.220000000000000000e+02 5.403702434442518410e+00
2.500000000000000000e+05 5.236000000000000227e+02 1.040384544291196178e+01
2.510000000000000000e+05 5.256000000000000227e+02 7.709734106958553213e+00
2.520000000000000000e+05 5.196000000000000227e+02 7.552483035399681910e+00
2.530000000000000000e+05 5.206000000000000227e+02 5.953150426454886457e+00
2.540000000000000000e+05 5.190000000000000000e+02 5.899152481501049650e+00
2.550000000000000000e+05 5.207999999999999545e+02 5.114684741017769376e+00
2.560000000000000000e+05 5.252000000000000455e+02 8.611620056644394339e+00
2.570000000000000000e+05 5.253999999999999773e+02 8.014985963805550284e+00
2.580000000000000000e+05 5.250000000000000000e+02 7.042726744663603711e+00
2.590000000000000000e+05 5.237999999999999545e+02 6.584831053261731348e+00
2.600000000000000000e+05 5.187999999999999545e+02 7.833262411026455929e+00
2.610000000000000000e+05 5.232000000000000455e+02 5.706137047074842705e+00
2.620000000000000000e+05 5.222000000000000455e+02 6.462197768561405375e+00
2.630000000000000000e+05 5.237999999999999545e+02 7.166589146867567095e+00
2.640000000000000000e+05 5.227999999999999545e+02 1.235151812531560900e+01
2.650000000000000000e+05 5.276000000000000227e+02 1.321514282934543161e+01
2.660000000000000000e+05 5.222000000000000455e+02 5.381449618829484471e+00
2.670000000000000000e+05 5.196000000000000227e+02 1.114629983447421857e+01
2.680000000000000000e+05 5.210000000000000000e+02 5.059644256269407059e+00
2.690000000000000000e+05 5.190000000000000000e+02 8.438009243891594124e+00
2.700000000000000000e+05 5.247999999999999545e+02 8.328265125462804619e+00
2.710000000000000000e+05 5.216000000000000227e+02 9.931767214348107942e+00
2.720000000000000000e+05 5.217999999999999545e+02 6.368673331236263557e+00
2.730000000000000000e+05 5.270000000000000000e+02 8.921883209278185234e+00
2.740000000000000000e+05 5.253999999999999773e+02 8.935323161475469789e+00
2.750000000000000000e+05 5.200000000000000000e+02 5.899152481501049650e+00
2.760000000000000000e+05 5.200000000000000000e+02 6.603029607687671110e+00
2.770000000000000000e+05 5.210000000000000000e+02 5.059644256269407059e+00
2.780000000000000000e+05 5.222000000000000455e+02 8.704022058795578332e+00
2.790000000000000000e+05 5.176000000000000227e+02 6.529931086925802930e+00
2.800000000000000000e+05 5.156000000000000227e+02 8.777243302996675212e+00
2.810000000000000000e+05 5.180000000000000000e+02 6.603029607687671110e+00
2.820000000000000000e+05 5.152000000000000455e+02 9.620810776644555418e+00
2.830000000000000000e+05 5.176000000000000227e+02 6.590902821313632032e+00
2.840000000000000000e+05 5.150000000000000000e+02 9.674709297958258958e+00
2.850000000000000000e+05 5.183999999999999773e+02 6.590902821313632032e+00
2.860000000000000000e+05 5.203999999999999773e+02 5.161395160225575651e+00
2.870000000000000000e+05 5.200000000000000000e+02 5.253570214625479018e+00
2.880000000000000000e+05 5.197999999999999545e+02 7.277362159464100699e+00
2.890000000000000000e+05 5.166000000000000227e+02 1.013114011353115096e+01
2.900000000000000000e+05 5.187999999999999545e+02 1.133843022644669318e+01
2.910000000000000000e+05 5.162000000000000455e+02 8.611620056644394339e+00
2.920000000000000000e+05 5.222000000000000455e+02 8.704022058795578332e+00
2.930000000000000000e+05 5.232000000000000455e+02 5.706137047074842705e+00
2.940000000000000000e+05 5.182000000000000455e+02 7.166589146867567095e+00
2.950000000000000000e+05 5.237999999999999545e+02 8.772684879784524270e+00
2.960000000000000000e+05 5.230000000000000000e+02 6.418722614352485145e+00
2.970000000000000000e+05 5.207999999999999545e+02 5.491812087098392858e+00
2.980000000000000000e+05 5.206000000000000227e+02 5.953150426454886457e+00
2.990000000000000000e+05 5.212000000000000455e+02 5.491812087098392858e+00
3.000000000000000000e+05 5.157999999999999545e+02 8.133879763065101187e+00
