# x average std
0.000000000000000000e+00 5.200000000000000000e+02 0.000000000000000000e+00
1.000000000000000000e+03 5.353999999999999773e+02 4.586937976471886280e+00
2.000000000000000000e+03 5.366000000000000227e+02 3.929376540877700386e+00
3.000000000000000000e+03 5.382000000000000455e+02 1.060942976789987391e+01
4.000000000000000000e+03 5.326000000000000227e+02 6.216108107168021313e+00
5.000000000000000000e+03 5.287999999999999545e+02 3.867815921162743642e+00
6.000000000000000000e+03 5.276000000000000227e+02 1.335065541462290817e+01
7.000000000000000000e+03 5.206000000000000227e+02 8.284926070883191329e+00
8.000000000000000000e+03 5.356000000000000227e+02 1.076289923765896717e+01
9.000000000000000000e+03 5.217999999999999545e+02 6.997142273814360713e+00
1.000000000000000000e+04 5.353999999999999773e+02 8.333066662399861713e+00
1.100000000000000000e+04 5.276000000000000227e+02 1.074430081485063404e+01
1.200000000000000000e+04 5.250000000000000000e+02 6.164414002968976014e+00
1.300000000000000000e+04 5.342000000000000455e+02 4.915282290977803115e+00
1.400000000000000000e+04 5.313999999999999773e+02 6.560487786742689842e+00
1.500000000000000000e+04 5.286000000000000227e+02 9.046546302318912325e+00
1.600000000000000000e+04 5.400000000000000000e+02 6.356099432828281159e+00
1.700000000000000000e+04 5.286000000000000227e+02 4.630334761116090547e+00
1.800000000000000000e+04 5.346000000000000227e+02 6.651315659326355600e+00
1.900000000000000000e+04 5.353999999999999773e+02 8.777243302996675212e+00
2.000000000000000000e+04 5.317999999999999545e+02 8.084553172563094137e+00
2.100000000000000000e+04 5.367999999999999545e+02 5.075431016179808630e+00
2.200000000000000000e+04 5.323999999999999773e+02 9.350935782048766853e+00
2.300000000000000000e+04 5.253999999999999773e+02 9.134549797335388632e+00
2.400000000000000000e+04 5.262000000000000455e+02 7.483314773547883325e-01
2.500000000000000000e+04 5.246000000000000227e+02 5.678027826631355524e+00
2.600000000000000000e+04 5.293999999999999773e+02 7.939773296511683398e+00
2.700000000000000000e+04 5.317999999999999545e+02 6.493073232299170883e+00
2.800000000000000000e+04 5.313999999999999773e+02 4.673328578219169138e+00
2.900000000000000000e+04 5.306000000000000227e+02 1.327554142022087014e+01
3.000000000000000000e+04 5.307999999999999545e+02 7.332121111929344792e+00
3.100000000000000000e+04 5.297999999999999545e+02 6.705221845696083705e+00
3.200000000000000000e+04 5.326000000000000227e+02 9.911609354691092832e+00
3.300000000000000000e+04 5.347999999999999545e+02 9.303762679690406046e+00
3.400000000000000000e+04 5.310000000000000000e+02 1.073312629199899071e+01
3.500000000000000000e+04 5.322000000000000455e+02 8.518215775618742214e+00
3.600000000000000000e+04 5.386000000000000227e+02 1.091054535758868482e+01
3.700000000000000000e+04 5.350000000000000000e+02 9.165151389911679658e+00
3.800000000000000000e+04 5.387999999999999545e+02 8.084553172563094137e+00
3.900000000000000000e+04 5.392000000000000455e+02 6.177378084592200835e+00
4.000000000000000000e+04 5.302000000000000455e+02 5.035871324805668792e+00
4.100000000000000000e+04 5.353999999999999773e+02 4.223742416388574838e+00
4.200000000000000000e+04 5.326000000000000227e+02 7.735631842325485508e+00
4.300000000000000000e+04 5.303999999999999773e+02 7.227724399837060609e+00
4.400000000000000000e+04 5.290000000000000000e+02 1.194989539703172454e+01
4.500000000000000000e+04 5.286000000000000227e+02 5.642694391866353243e+00
4.600000000000000000e+04 5.302000000000000455e+02 6.046486583132390180e+00
4.700000000000000000e+04 5.350000000000000000e+02 8.625543461139130841e+00
4.800000000000000000e+04 5.317999999999999545e+02 7.082372483850309486e+00
4.900000000000000000e+04 5.336000000000000227e+02 1.032666451474046809e+01
5.000000000000000000e+04 5.216000000000000227e+02 9.024411338142781958e+00
5.100000000000000000e+04 5.323999999999999773e+02 8.731551981177229749e+00
5.200000000000000000e+04 5.303999999999999773e+02 1.044222198576528982e+01
5.300000000000000000e+04 5.320000000000000000e+02 6.099180272790762913e+00
5.400000000000000000e+04 5.230000000000000000e+02 1.169615321377075645e+01
5.500000000000000000e+04 5.292000000000000455e+02 4.833218389437829110e+00
5.600000000000000000e+04 5.247999999999999545e+02 1.401998573465750475e+01
5.700000000000000000e+04 5.306000000000000227e+02 1.400856880626996670e+01
5.800000000000000000e+04 5.267999999999999545e+02 5.035871324805668792e+00
5.900000000000000000e+04 5.302000000000000455e+02 8.518215775618742214e+00
6.000000000000000000e+04 5.257999999999999545e+02 1.241611855613500559e+01
6.100000000000000000e+04 5.186000000000000227e+02 8.957678270623475214e+00
6.200000000000000000e+04 5.297999999999999545e+02 7.547184905645282882e+00
6.300000000000000000e+04 5.250000000000000000e+02 5.019960159204453376e+00
6.400000000000000000e+04 5.270000000000000000e+02 7.949842765740716466e+00
6.500000000000000000e+04 5.242000000000000455e+02 1.014692071517265681e+01
6.600000000000000000e+04 5.327999999999999545e+02 1.354104870384860426e+01
6.700000000000000000e+04 5.312000000000000455e+02 9.282241108697833809e+00
6.800000000000000000e+04 5.336000000000000227e+02 7.863841300534999412e+00
6.900000000000000000e+04 5.257999999999999545e+02 6.794115100585211842e+00
7.000000000000000000e+04 5.323999999999999773e+02 8.754427451295715201e+00
7.100000000000000000e+04 5.376000000000000227e+02 5.200000000000000178e+00
7.200000000000000000e+04 5.330000000000000000e+02 6.449806198638840193e+00
7.300000000000000000e+04 5.297999999999999545e+02 8.588364221433556267e+00
7.400000000000000000e+04 5.297999999999999545e+02 5.741080037762929855e+00
7.500000000000000000e+04 5.437999999999999545e+02 8.009993757800314640e+00
7.600000000000000000e+04 5.312000000000000455e+02 1.036146707759089480e+01
7.700000000000000000e+04 5.353999999999999773e+02 6.799999999999999822e+00
7.800000000000000000e+04 5.236000000000000227e+02 6.711184694225006631e+00
7.900000000000000000e+04 5.310000000000000000e+02 4.147288270665543841e+00
8.000000000000000000e+04 5.362000000000000455e+02 1.172006825918688833e+01
8.100000000000000000e+04 5.362000000000000455e+02 1.238386046433017462e+01
8.200000000000000000e+04 5.440000000000000000e+02 1.404279174523356666e+01
8.300000000000000000e+04 5.350000000000000000e+02 9.273618495495703939e+00
8.400000000000000000e+04 5.320000000000000000e+02 1.481890684227416344e+01
8.500000000000000000e+04 5.313999999999999773e+02 5.535341001239218350e+00
8.600000000000000000e+04 5.396000000000000227e+02 5.678027826631355524e+00
8.700000000000000000e+04 5.283999999999999773e+02 7.499333303701069653e+00
8.800000000000000000e+04 5.260000000000000000e+02 7.668115805072325486e+00
8.900000000000000000e+04 5.273999999999999773e+02 8.452218643646174812e+00
9.000000000000000000e+04 5.313999999999999773e+02 5.642694391866353243e+00
9.100000000000000000e+04 5.350000000000000000e+02 9.654014708917737053e+00
9.200000000000000000e+04 5.312000000000000455e+02 8.541662601625048978e+00
9.300000000000000000e+04 5.352000000000000455e+02 9.195651146058120062e+00
9.400000000000000000e+04 5.393999999999999773e+02 6.887670143089024144e+00
9.500000000000000000e+04 5.252000000000000455e+02 1.463420650394137290e+01
9.600000000000000000e+04 5.350000000000000000e+02 1.060188662455885833e+01
9.700000000000000000e+04 5.347999999999999545e+02 7.782030583337488316e+00
9.800000000000000000e+04 5.362000000000000455e+02 1.022545842493137336e+01
9.900000000000000000e+04 5.256000000000000227e+02 1.132431013351365223e+01
1.000000000000000000e+05 5.303999999999999773e+02 4.498888751680797604e+00
1.010000000000000000e+05 5.337999999999999545e+02 7.054076835419359703e+00
1.020000000000000000e+05 5.313999999999999773e+02 9.562426470305537052e+00
1.030000000000000000e+05 5.352000000000000455e+02 5.844655678480983774e+00
1.040000000000000000e+05 5.362000000000000455e+02 9.662297863344930349e+00
1.050000000000000000e+05 5.363999999999999773e+02 7.761443164772901859e+00
1.060000000000000000e+05 5.270000000000000000e+02 1.435270009440732331e+01
1.070000000000000000e+05 5.372000000000000455e+02 1.330263131865271120e+01
1.080000000000000000e+05 5.356000000000000227e+02 8.163332652783420684e+00
1.090000000000000000e+05 5.322000000000000455e+02 8.611620056644394339e+00
1.100000000000000000e+05 5.393999999999999773e+02 9.436100889668358249e+00
1.110000000000000000e+05 5.276000000000000227e+02 7.552483035399681910e+00
1.120000000000000000e+05 5.380000000000000000e+02 9.295160030897800851e+00
1.130000000000000000e+05 5.316000000000000227e+02 8.593020423576334110e+00
1.140000000000000000e+05 5.316000000000000227e+02 4.409081537009720719e+00
1.150000000000000000e+05 5.287999999999999545e+02 8.657944328765346143e+00
1.160000000000000000e+05 5.323999999999999773e+02 9.666436778875656444e+00
1.170000000000000000e+05 5.320000000000000000e+02 9.715966241192894870e+00
1.180000000000000000e+05 5.263999999999999773e+02 8.867919710958144464e+00
1.190000000000000000e+05 5.316000000000000227e+02 1.167218916913189730e+01
1.200000000000000000e+05 5.270000000000000000e+02 1.001998003990027897e+01
1.210000000000000000e+05 5.332000000000000455e+02 5.268775948927796549e+00
1.220000000000000000e+05 5.287999999999999545e+02 7.984985911070851650e+00
1.230000000000000000e+05 5.296000000000000227e+02 6.887670143089025920e+00
1.240000000000000000e+05 5.333999999999999773e+02 6.053098380168622228e+00
1.250000000000000000e+05 5.307999999999999545e+02 1.154816002660163932e+01
1.260000000000000000e+05 5.356000000000000227e+02 1.390827092057096870e+01
1.270000000000000000e+05 5.302000000000000455e+02 9.846826900072937150e+00
1.280000000000000000e+05 5.347999999999999545e+02 3.867815921162743642e+00
1.290000000000000000e+05 5.216000000000000227e+02 1.170640850132951805e+01
1.300000000000000000e+05 5.302000000000000455e+02 6.241794613730894170e+00
1.310000000000000000e+05 5.276000000000000227e+02 9.393614852653900726e+00
1.320000000000000000e+05 5.316000000000000227e+02 9.372299611087985483e+00
1.330000000000000000e+05 5.316000000000000227e+02 7.914543574963751382e+00
1.340000000000000000e+05 5.330000000000000000e+02 1.236122971228995482e+01
1.350000000000000000e+05 5.236000000000000227e+02 1.641462762294655064e+01
1.360000000000000000e+05 5.286000000000000227e+02 6.916646586316232970e+00
1.370000000000000000e+05 5.260000000000000000e+02 1.291510743277035189e+01
1.380000000000000000e+05 5.262000000000000455e+02 7.678541528180987008e+00
1.390000000000000000e+05 5.313999999999999773e+02 8.731551981177229749e+00
1.400000000000000000e+05 5.310000000000000000e+02 1.282185633985968565e+01
1.410000000000000000e+05 5.257999999999999545e+02 9.785703858180054837e+00
1.420000000000000000e+05 5.307999999999999545e+02 1.124988888834018574e+01
1.430000000000000000e+05 5.342000000000000455e+02 1.565119803721108127e+01
1.440000000000000000e+05 5.327999999999999545e+02 1.877658115845373743e+01
1.450000000000000000e+05 5.300000000000000000e+02 1.379855064852827162e+01
1.460000000000000000e+05 5.340000000000000000e+02 1.728583234906551880e+01
1.470000000000000000e+05 5.372000000000000455e+02 9.019977827023744510e+00
1.480000000000000000e+05 5.287999999999999545e+02 8.280096617793780922e+00
1.490000000000000000e+05 5.336000000000000227e+02 1.433317829373513241e+01
1.500000000000000000e+05 5.320000000000000000e+02 8.763560920082657191e+00
1.510000000000000000e+05 5.290000000000000000e+02 1.325141501878195704e+01
1.520000000000000000e+05 5.287999999999999545e+02 9.967948635501690191e+00
1.530000000000000000e+05 5.320000000000000000e+02 1.432480366357598633e+01
1.540000000000000000e+05 5.352000000000000455e+02 7.025667228100118678e+00
1.550000000000000000e+05 5.256000000000000227e+02 8.593020423576334110e+00
1.560000000000000000e+05 5.333999999999999773e+02 1.066958293467931185e+01
1.570000000000000000e+05 5.362000000000000455e+02 1.254432142445337561e+01
1.580000000000000000e+05 5.326000000000000227e+02 1.514727698300918846e+01
1.590000000000000000e+05 5.270000000000000000e+02 1.285301521044770290e+01
1.600000000000000000e+05 5.326000000000000227e+02 1.380724447527456533e+01
1.610000000000000000e+05 5.317999999999999545e+02 1.481080686525889334e+01
1.620000000000000000e+05 5.383999999999999773e+02 1.249959999359979435e+01
1.630000000000000000e+05 5.316000000000000227e+02 1.621850794617063229e+01
1.640000000000000000e+05 5.332000000000000455e+02 1.090687856354878349e+01
1.650000000000000000e+05 5.292000000000000455e+02 1.103449137930697610e+01
1.660000000000000000e+05 5.376000000000000227e+02 1.392264342716569026e+01
1.670000000000000000e+05 5.263999999999999773e+02 8.114185110040317284e+00
1.680000000000000000e+05 5.356000000000000227e+02 1.306292463424634498e+01
1.690000000000000000e+05 5.242000000000000455e+02 4.489988864128729773e+00
1.700000000000000000e+05 5.346000000000000227e+02 1.125344391730815907e+01
1.710000000000000000e+05 5.330000000000000000e+02 6.870225614927067070e+00
1.720000000000000000e+05 5.250000000000000000e+02 1.532318504750236343e+01
1.730000000000000000e+05 5.293999999999999773e+02 1.844559568027012730e+01
1.740000000000000000e+05 5.346000000000000227e+02 9.520504188329523387e+00
1.750000000000000000e+05 5.373999999999999773e+02 1.740804411759115311e+01
1.760000000000000000e+05 5.346000000000000227e+02 2.244994432064364887e+00
1.770000000000000000e+05 5.273999999999999773e+02 1.210950040257648297e+01
1.780000000000000000e+05 5.323999999999999773e+02 3.720215047547654752e+00
1.790000000000000000e+05 5.392000000000000455e+02 6.615134163416491297e+00
1.800000000000000000e+05 5.250000000000000000e+02 1.440833092346229982e+01
1.810000000000000000e+05 5.323999999999999773e+02 8.777243302996675212e+00
1.820000000000000000e+05 5.322000000000000455e+02 1.182201336490531851e+01
1.830000000000000000e+05 5.300000000000000000e+02 1.300769003320727890e+01
1.840000000000000000e+05 5.270000000000000000e+02 1.000000000000000000e+01
1.850000000000000000e+05 5.287999999999999545e+02 7.304792947099869593e+00
1.860000000000000000e+05 5.286000000000000227e+02 6.280127387243032544e+00
1.870000000000000000e+05 5.250000000000000000e+02 7.402702209328698935e+00
1.880000000000000000e+05 5.247999999999999545e+02 1.079629566101262306e+01
1.890000000000000000e+05 5.282000000000000455e+02 1.139122469271851301e+01
1.900000000000000000e+05 5.286000000000000227e+02 7.282856582413248958e+00
1.910000000000000000e+05 5.223999999999999773e+02 8.138795979750321763e+00
1.920000000000000000e+05 5.217999999999999545e+02 1.682141492265142446e+01
1.930000000000000000e+05 5.262000000000000455e+02 9.537295214053091996e+00
1.940000000000000000e+05 5.226000000000000227e+02 1.051855503384376433e+01
1.950000000000000000e+05 5.313999999999999773e+02 1.321514282934543161e+01
1.960000000000000000e+05 5.296000000000000227e+02 1.081850266903881597e+01
1.970000000000000000e+05 5.313999999999999773e+02 1.319999999999999929e+01
1.980000000000000000e+05 5.233999999999999773e+02 1.112834219459484331e+01
1.990000000000000000e+05 5.397999999999999545e+02 1.561281524901899331e+01
2.000000000000000000e+05 5.332000000000000455e+02 3.762977544445356148e+00
2.010000000000000000e+05 5.382000000000000455e+02 1.064706532336493083e+01
2.020000000000000000e+05 5.380000000000000000e+02 9.011104260855047343e+00
2.030000000000000000e+05 5.292000000000000455e+02 9.537295214053091996e+00
2.040000000000000000e+05 5.247999999999999545e+02 1.062826420446913822e+01
2.050000000000000000e+05 5.292000000000000455e+02 6.493073232299170883e+00
2.060000000000000000e+05 5.283999999999999773e+02 8.867919710958144464e+00
2.070000000000000000e+05 5.306000000000000227e+02 5.083306010855533685e+00
2.080000000000000000e+05 5.270000000000000000e+02 1.122497216032182443e+01
2.090000000000000000e+05 5.300000000000000000e+02 1.402854233340014645e+01
2.100000000000000000e+05 5.260000000000000000e+02 6.870225614927067070e+00
2.110000000000000000e+05 5.320000000000000000e+02 5.932958789676530564e+00
2.120000000000000000e+05 5.310000000000000000e+02 1.099090533122726931e+01
2.130000000000000000e+05 5.256000000000000227e+02 1.392264342716569026e+01
2.140000000000000000e+05 5.290000000000000000e+02 8.988882021697692792e+00
2.150000000000000000e+05 5.277999999999999545e+02 1.399142594591416078e+01
2.160000000000000000e+05 5.303999999999999773e+02 5.953150426454886457e+00
2.170000000000000000e+05 5.300000000000000000e+02 9.528903399657275841e+00
2.180000000000000000e+05 5.250000000000000000e+02 1.468332387438212194e+01
2.190000000000000000e+05 5.353999999999999773e+02 6.019966777316963835e+00
2.200000000000000000e+05 5.220000000000000000e+02 1.425482374496436933e+01
2.210000000000000000e+05 5.277999999999999545e+02 1.259206099095775500e+01
2.220000000000000000e+05 5.243999999999999773e+02 6.770524351924302131e+00
2.230000000000000000e+05 5.330000000000000000e+02 5.176871642217913738e+00
2.240000000000000000e+05 5.266000000000000227e+02 1.393700111214747572e+01
2.250000000000000000e+05 5.277999999999999545e+02 1.083328205116067267e+01
2.260000000000000000e+05 5.290000000000000000e+02 5.176871642217913738e+00
2.270000000000000000e+05 5.290000000000000000e+02 8.074651695274539520e+00
2.280000000000000000e+05 5.286000000000000227e+02 1.156892389118365472e+01
2.290000000000000000e+05 5.243999999999999773e+02 8.662563131083086176e+00
2.300000000000000000e+05 5.282000000000000455e+02 1.130309692075583250e+01
2.310000000000000000e+05 5.187999999999999545e+02 1.378985134075055896e+01
2.320000000000000000e+05 5.287999999999999545e+02 7.138627319029898999e+00
2.330000000000000000e+05 5.230000000000000000e+02 7.563068160475615365e+00
2.340000000000000000e+05 5.196000000000000227e+02 5.535341001239218350e+00
2.350000000000000000e+05 5.276000000000000227e+02 1.038460398859773548e+01
2.360000000000000000e+05 5.246000000000000227e+02 1.363231455036157769e+01
2.370000000000000000e+05 5.292000000000000455e+02 1.305986217385160408e+01
2.380000000000000000e+05 5.333999999999999773e+02 1.078146557755484203e+01
2.390000000000000000e+05 5.297999999999999545e+02 1.079629566101262306e+01
2.400000000000000000e+05 5.252000000000000455e+02 1.722091751330340514e+01
2.410000000000000000e+05 5.296000000000000227e+02 3.720215047547654752e+00
2.420000000000000000e+05 5.303999999999999773e+02 1.403709371629326874e+01
2.430000000000000000e+05 5.326000000000000227e+02 1.827128895288999644e+01
2.440000000000000000e+05 5.277999999999999545e+02 9.086253353280437040e+00
2.450000000000000000e+05 5.293999999999999773e+02 1.764766273476462644e+01
2.460000000000000000e+05 5.287999999999999545e+02 1.439999999999999858e+01
2.470000000000000000e+05 5.310000000000000000e+02 9.444575162494075471e+00
2.480000000000000000e+05 5.293999999999999773e+02 8.475848040166836128e+00
2.490000000000000000e+05 5.293999999999999773e+02 1.273734666247252534e+01
2.500000000000000000e+05 5.273999999999999773e+02 1.144727041700334702e+01
2.510000000000000000e+05 5.223999999999999773e+02 1.048045800525912163e+01
2.520000000000000000e+05 5.326000000000000227e+02 1.493452376207557641e+01
2.530000000000000000e+05 5.277999999999999545e+02 1.614187101918485467e+01
2.540000000000000000e+05 5.283999999999999773e+02 1.978484268322596407e+01
2.550000000000000000e+05 5.317999999999999545e+02 8.749857141690943862e+00
2.560000000000000000e+05 5.273999999999999773e+02 8.187795796183488406e+00
2.570000000000000000e+05 5.293999999999999773e+02 8.593020423576334110e+00
2.580000000000000000e+05 5.286000000000000227e+02 6.711184694225006631e+00
2.590000000000000000e+05 5.270000000000000000e+02 6.603029607687671110e+00
2.600000000000000000e+05 5.293999999999999773e+02 1.009158064923429166e+01
2.610000000000000000e+05 5.246000000000000227e+02 6.529931086925802042e+00
2.620000000000000000e+05 5.292000000000000455e+02 1.119642800182272424e+01
2.630000000000000000e+05 5.296000000000000227e+02 1.013114011353115274e+01
2.640000000000000000e+05 5.216000000000000227e+02 1.059433811051922092e+01
2.650000000000000000e+05 5.296000000000000227e+02 1.003194896318756157e+01
2.660000000000000000e+05 5.310000000000000000e+02 6.603029607687671110e+00
2.670000000000000000e+05 5.267999999999999545e+02 1.438610440668355395e+01
2.680000000000000000e+05 5.300000000000000000e+02 1.432480366357598633e+01
2.690000000000000000e+05 5.243999999999999773e+02 4.176122603564220270e+00
2.700000000000000000e+05 5.290000000000000000e+02 1.143678276439663755e+01
2.710000000000000000e+05 5.226000000000000227e+02 7.552483035399681910e+00
2.720000000000000000e+05 5.266000000000000227e+02 9.329523031752479767e+00
2.730000000000000000e+05 5.340000000000000000e+02 9.055385138137417300e+00
2.740000000000000000e+05 5.292000000000000455e+02 7.652450587883596889e+00
2.750000000000000000e+05 5.312000000000000455e+02 1.659397481015323095e+01
2.760000000000000000e+05 5.286000000000000227e+02 1.273734666247252534e+01
2.770000000000000000e+05 5.276000000000000227e+02 1.192644121270046043e+01
2.780000000000000000e+05 5.312000000000000455e+02 1.236769986699224511e+01
2.790000000000000000e+05 5.262000000000000455e+02 1.319696934905889663e+01
2.800000000000000000e+05 5.217999999999999545e+02 1.337759320655251472e+01
2.810000000000000000e+05 5.302000000000000455e+02 1.108873302050328924e+01
2.820000000000000000e+05 5.277999999999999545e+02 6.968500556073738750e+00
2.830000000000000000e+05 5.236000000000000227e+02 1.053755189785559132e+01
2.840000000000000000e+05 5.223999999999999773e+02 7.552483035399681022e+00
2.850000000000000000e+05 5.242000000000000455e+02 7.413501197140255350e+00
2.860000000000000000e+05 5.257999999999999545e+02 1.192308684863110457e+01
2.870000000000000000e+05 5.236000000000000227e+02 1.017054570807289515e+01
2.880000000000000000e+05 5.323999999999999773e+02 1.737354310438719907e+01
2.890000000000000000e+05 5.266000000000000227e+02 8.616263691415205983e+00
2.900000000000000000e+05 5.246000000000000227e+02 1.040384544291196178e+01
2.910000000000000000e+05 5.257999999999999545e+02 1.389100428334826987e+01
2.920000000000000000e+05 5.262000000000000455e+02 8.376156636548769185e+00
2.930000000000000000e+05 5.292000000000000455e+02 1.349666625504239015e+01
2.940000000000000000e+05 5.273999999999999773e+02 1.366162508635045114e+01
2.950000000000000000e+05 5.300000000000000000e+02 1.308434178703689987e+01
2.960000000000000000e+05 5.276000000000000227e+02 1.733897344135459306e+01
2.970000000000000000e+05 5.250000000000000000e+02 1.086278049120021549e+01
2.980000000000000000e+05 5.267999999999999545e+02 1.057166022912200809e+01
2.990000000000000000e+05 5.266000000000000227e+02 6.770524351924302131e+00
3.000000000000000000e+05 5.226000000000000227e+02 1.009158064923428988e+01
