# Time RMSD_average RMSD_std
0.000000000000000000e+00 2.629999999999999892e-05 9.000000000000000228e-06
1.000000000000000000e+03 8.690837999999999341e-02 2.171461066530090689e-02
2.000000000000000000e+03 1.048206599999999822e-01 2.412579515826162105e-02
3.000000000000000000e+03 1.250209200000000076e-01 2.890778992620501170e-02
4.000000000000000000e+03 1.159185799999999933e-01 2.418620640112045111e-02
5.000000000000000000e+03 1.285527000000000197e-01 3.318741601770165001e-02
6.000000000000000000e+03 1.191264799999999929e-01 3.531619908599451657e-02
7.000000000000000000e+03 1.327544599999999908e-01 4.696794115767051470e-02
8.000000000000000000e+03 1.362851199999999818e-01 4.564519873889914814e-02
9.000000000000000000e+03 1.397012400000000043e-01 5.991920683048466284e-02
1.000000000000000000e+04 1.442674399999999968e-01 2.263764525657207399e-02
1.100000000000000000e+04 1.181363799999999992e-01 2.887905924571643537e-02
1.200000000000000000e+04 1.310099600000000086e-01 6.384442395613261489e-02
1.300000000000000000e+04 1.332916000000000101e-01 5.016179195439492838e-02
1.400000000000000000e+04 1.320706999999999853e-01 4.071124021903533424e-02
1.500000000000000000e+04 1.463737999999999984e-01 6.321887856683318374e-02
1.600000000000000000e+04 1.352907999999999888e-01 5.652581241043776183e-02
1.700000000000000000e+04 1.450070400000000037e-01 6.538164959450321057e-02
1.800000000000000000e+04 1.550863400000000170e-01 3.650943764193581575e-02
1.900000000000000000e+04 1.257836400000000021e-01 3.861414296604807894e-02
2.000000000000000000e+04 1.455278799999999984e-01 4.276330206606594742e-02
2.100000000000000000e+04 1.132442800000000166e-01 2.244337869852932807e-02
2.200000000000000000e+04 1.117683000000000010e-01 4.665034019537264015e-02
2.300000000000000000e+04 1.310020600000000035e-01 4.825003499889300024e-02
2.400000000000000000e+04 1.320142799999999839e-01 3.826185011362623345e-02
2.500000000000000000e+04 1.332153599999999771e-01 1.333537188931752104e-02
2.600000000000000000e+04 1.387396800000000041e-01 5.627937125055325340e-02
2.700000000000000000e+04 1.393681600000000187e-01 3.664388404536834259e-02
2.800000000000000000e+04 1.387632400000000099e-01 3.953660217310536740e-02
2.900000000000000000e+04 1.651239200000000074e-01 3.467146637483912303e-02
3.000000000000000000e+04 1.618236799999999698e-01 5.486783795257108021e-02
3.100000000000000000e+04 1.476211399999999840e-01 3.898798595929776900e-02
3.200000000000000000e+04 1.515097799999999828e-01 5.714536597042318283e-02
3.300000000000000000e+04 1.613621600000000045e-01 2.347998877790192021e-02
3.400000000000000000e+04 1.864714599999999778e-01 7.194401631892953508e-02
3.500000000000000000e+04 1.570447000000000093e-01 5.186655191620125060e-02
3.600000000000000000e+04 1.617377800000000254e-01 4.219174181805724483e-02
3.700000000000000000e+04 1.413202800000000203e-01 7.063680310213366065e-02
3.800000000000000000e+04 1.253938400000000342e-01 5.845448906308564618e-02
3.900000000000000000e+04 1.608457200000000253e-01 4.002505522111867581e-02
4.000000000000000000e+04 1.432644599999999824e-01 7.278457295907148072e-02
4.100000000000000000e+04 1.611230200000000057e-01 5.521029553126481637e-02
4.200000000000000000e+04 1.477991000000000166e-01 3.747814121682130351e-02
4.300000000000000000e+04 1.478675400000000195e-01 6.665746824434903850e-02
4.400000000000000000e+04 1.423255400000000281e-01 6.278983269207204232e-02
4.500000000000000000e+04 1.468241000000000129e-01 6.642943605143732111e-02
4.600000000000000000e+04 1.413689800000000329e-01 7.828742821693404630e-02
4.700000000000000000e+04 1.537787600000000143e-01 5.925995204218781343e-02
4.800000000000000000e+04 1.449896399999999752e-01 7.947633522050698285e-02
4.900000000000000000e+04 1.617436200000000046e-01 6.858221477932598120e-02
5.000000000000000000e+04 1.700759599999999983e-01 5.153661130895587777e-02
5.100000000000000000e+04 1.586648199999999842e-01 8.019573228533798115e-02
5.200000000000000000e+04 1.435714800000000013e-01 3.493550509366653151e-02
5.300000000000000000e+04 1.486910400000000243e-01 3.712393347707648034e-02
5.400000000000000000e+04 1.211497800000000125e-01 5.076975245125388281e-02
5.500000000000000000e+04 1.555433799999999811e-01 3.876368039484382605e-02
5.600000000000000000e+04 1.526596200000000236e-01 4.751233360353498275e-02
5.700000000000000000e+04 1.336883400000000166e-01 3.289955000243011823e-02
5.800000000000000000e+04 1.517129600000000078e-01 2.860427147547023319e-02
5.900000000000000000e+04 1.647911000000000237e-01 2.007671633220930660e-02
6.000000000000000000e+04 1.660319800000000234e-01 2.497367957914092135e-02
6.100000000000000000e+04 1.486023200000000100e-01 5.306095301015238686e-02
6.200000000000000000e+04 1.769818400000000014e-01 1.638247919535990374e-02
6.300000000000000000e+04 1.460163600000000117e-01 4.150935157212648496e-02
6.400000000000000000e+04 1.598515399999999864e-01 6.039101799471838228e-02
6.500000000000000000e+04 1.433422000000000029e-01 5.374043994382629585e-02
6.600000000000000000e+04 1.263154599999999905e-01 3.149555711217694870e-02
6.700000000000000000e+04 1.164731799999999956e-01 4.983262399895875550e-02
6.800000000000000000e+04 1.614495800000000092e-01 1.815000520081468463e-02
6.900000000000000000e+04 1.754557399999999989e-01 3.609754229676032100e-02
7.000000000000000000e+04 1.499413199999999891e-01 2.608767993251986592e-02
7.100000000000000000e+04 1.460053600000000007e-01 3.325208671458679960e-02
7.200000000000000000e+04 1.467550599999999927e-01 4.048604177681982413e-02
7.300000000000000000e+04 1.406473399999999818e-01 3.818292190404500019e-02
7.400000000000000000e+04 1.459837400000000007e-01 5.459100223167184796e-02
7.500000000000000000e+04 1.466823599999999839e-01 4.232231034277783577e-02
7.600000000000000000e+04 1.525893399999999622e-01 6.196681272328276313e-02
7.700000000000000000e+04 1.272419199999999806e-01 3.357462972384952365e-02
7.800000000000000000e+04 1.468969999999999998e-01 5.412937396242450266e-02
7.900000000000000000e+04 1.607930799999999771e-01 6.772318938217249118e-02
8.000000000000000000e+04 1.419554399999999883e-01 2.722212242560084067e-02
8.100000000000000000e+04 1.561285000000000034e-01 4.008613138944689541e-02
8.200000000000000000e+04 1.469614800000000054e-01 2.278386731908347423e-02
8.300000000000000000e+04 1.587557599999999958e-01 5.467946741224168072e-02
8.400000000000000000e+04 1.571236799999999878e-01 3.087634335023497698e-02
8.500000000000000000e+04 1.703962600000000216e-01 3.993098485725590091e-02
8.600000000000000000e+04 1.454492199999999902e-01 3.280054129872859991e-02
8.700000000000000000e+04 1.394623199999999730e-01 3.907851749958792670e-02
8.800000000000000000e+04 1.225945199999999985e-01 3.775700221078999441e-02
8.900000000000000000e+04 1.334799400000000191e-01 3.814420609705227588e-02
9.000000000000000000e+04 1.383088199999999990e-01 6.374413453761530735e-02
9.100000000000000000e+04 1.345354200000000167e-01 5.121181842662492906e-02
9.200000000000000000e+04 1.543195400000000050e-01 3.682122204450036934e-02
9.300000000000000000e+04 1.515641799999999928e-01 3.604750362915024042e-02
9.400000000000000000e+04 1.578432800000000025e-01 8.691499091791703158e-02
9.500000000000000000e+04 1.398154800000000197e-01 4.225978298493261037e-02
9.600000000000000000e+04 1.743215199999999798e-01 6.681410287331261688e-02
9.700000000000000000e+04 1.796106000000000091e-01 4.362153223851724521e-02
9.800000000000000000e+04 1.381855999999999918e-01 7.632042142553982500e-02
9.900000000000000000e+04 1.593296200000000051e-01 2.161023935724915024e-02
1.000000000000000000e+05 1.373982400000000048e-01 4.763440383712595760e-02
1.010000000000000000e+05 1.720855200000000196e-01 6.012486357427849343e-02
1.020000000000000000e+05 1.604115200000000019e-01 2.767770656079725569e-02
1.030000000000000000e+05 1.421149800000000019e-01 2.148338146236760185e-02
1.040000000000000000e+05 1.407868999999999926e-01 5.510880074391021760e-02
1.050000000000000000e+05 1.400802200000000053e-01 5.494157360969560699e-02
1.060000000000000000e+05 1.376920600000000050e-01 5.067385063069906187e-02
1.070000000000000000e+05 1.391211200000000148e-01 5.671889498484257441e-02
1.080000000000000000e+05 1.601097800000000071e-01 8.466900064947975590e-02
1.090000000000000000e+05 1.463147600000000159e-01 6.774452081931350844e-02
1.100000000000000000e+05 1.460776200000000191e-01 3.363770138082565475e-02
1.110000000000000000e+05 1.510143999999999931e-01 4.574463246908865022e-02
1.120000000000000000e+05 1.509772600000000020e-01 3.862979103379152179e-02
1.130000000000000000e+05 1.304983999999999866e-01 2.190776150563995481e-02
1.140000000000000000e+05 1.588864200000000282e-01 2.331938495427356151e-02
1.150000000000000000e+05 1.523355799999999705e-01 2.177603391358490584e-02
1.160000000000000000e+05 1.451065599999999955e-01 2.637947527966392341e-02
1.170000000000000000e+05 1.708982600000000240e-01 3.504148554091848777e-02
1.180000000000000000e+05 1.500697199999999898e-01 3.321567118216339765e-02
1.190000000000000000e+05 1.412800799999999746e-01 2.322190087666381811e-02
1.200000000000000000e+05 1.559505000000000197e-01 4.203724102616631514e-02
1.210000000000000000e+05 1.517866800000000072e-01 4.822060054252331335e-02
1.220000000000000000e+05 1.612396200000000002e-01 1.958381556534885548e-02
1.230000000000000000e+05 1.706728399999999923e-01 6.235690814508365598e-02
1.240000000000000000e+05 1.784481400000000051e-01 2.315547479708417178e-02
1.250000000000000000e+05 1.626650399999999830e-01 1.854880778525670737e-02
1.260000000000000000e+05 1.384701799999999983e-01 2.497742578244603953e-02
1.270000000000000000e+05 1.844482199999999961e-01 4.532489546006257530e-02
1.280000000000000000e+05 1.598978600000000028e-01 3.547319588864809858e-02
1.290000000000000000e+05 1.860206199999999976e-01 3.143959948519701314e-02
1.300000000000000000e+05 1.655586799999999859e-01 4.023224935727059276e-02
1.310000000000000000e+05 1.710714800000000257e-01 3.060675264554539241e-02
1.320000000000000000e+05 1.797640399999999861e-01 4.829822589348804762e-02
1.330000000000000000e+05 1.775233399999999739e-01 1.103760805384935116e-02
1.340000000000000000e+05 1.607816999999999996e-01 3.079579024295366410e-02
1.350000000000000000e+05 1.853560800000000064e-01 4.309334411017089195e-02
1.360000000000000000e+05 1.779330400000000145e-01 5.278804331575853021e-02
1.370000000000000000e+05 1.700493200000000038e-01 4.976205383765425205e-02
1.380000000000000000e+05 1.531854400000000060e-01 4.519755088517961317e-02
1.390000000000000000e+05 1.702197000000000016e-01 3.174169902346123812e-02
1.400000000000000000e+05 1.678777800000000042e-01 2.335917123610338139e-02
1.410000000000000000e+05 1.722821599999999898e-01 5.411388610863573229e-02
1.420000000000000000e+05 1.890661599999999831e-01 4.272837793717893656e-02
1.430000000000000000e+05 1.673019999999999785e-01 2.874699036608875657e-02
1.440000000000000000e+05 1.706479800000000047e-01 2.406119268194326435e-02
1.450000000000000000e+05 1.459957199999999955e-01 3.984692407282650062e-02
1.460000000000000000e+05 1.331924399999999953e-01 5.219653967310859677e-02
1.470000000000000000e+05 1.700813399999999975e-01 3.742643303562871032e-02
1.480000000000000000e+05 1.696490399999999732e-01 5.677394318578198734e-02
1.490000000000000000e+05 1.639112600000000308e-01 1.880500356486006913e-02
1.500000000000000000e+05 1.681575999999999904e-01 4.611471032549158827e-02
1.510000000000000000e+05 1.587015799999999810e-01 3.233777429449342933e-02
1.520000000000000000e+05 1.495721200000000028e-01 6.548275474380715888e-02
1.530000000000000000e+05 1.590739600000000142e-01 3.756057272452591189e-02
1.540000000000000000e+05 1.656704999999999983e-01 2.074905661585605549e-02
1.550000000000000000e+05 1.472742200000000112e-01 2.718192949283769824e-02
1.560000000000000000e+05 1.489009599999999989e-01 5.568542942776324306e-02
1.570000000000000000e+05 1.577171799999999846e-01 5.359288371018675057e-02
1.580000000000000000e+05 1.659795199999999915e-01 5.188303091090187835e-02
1.590000000000000000e+05 1.897025400000000028e-01 3.730745697881858447e-02
1.600000000000000000e+05 1.635614999999999708e-01 3.554076248079097999e-02
1.610000000000000000e+05 1.603005399999999914e-01 4.362557381062626832e-02
1.620000000000000000e+05 1.516390999999999989e-01 3.382974865546594517e-02
1.630000000000000000e+05 1.805395999999999945e-01 2.877151883741976141e-02
1.640000000000000000e+05 1.479884399999999989e-01 3.347577874132878772e-02
1.650000000000000000e+05 1.607656399999999874e-01 4.107108580208709142e-02
1.660000000000000000e+05 1.786849799999999933e-01 5.406429569937631213e-02
1.670000000000000000e+05 1.699236399999999869e-01 3.076085324717765801e-02
1.680000000000000000e+05 1.689196199999999926e-01 4.387363363622392987e-02
1.690000000000000000e+05 1.708377199999999985e-01 1.490702124831114368e-02
1.700000000000000000e+05 1.748614800000000136e-01 3.294907547634075284e-02
1.710000000000000000e+05 1.718281200000000009e-01 5.428454629982275292e-02
1.720000000000000000e+05 1.645355400000000079e-01 4.584564237175001167e-02
1.730000000000000000e+05 1.601541400000000004e-01 3.146509517828287306e-02
1.740000000000000000e+05 1.916906200000000060e-01 2.883459522437587658e-02
1.750000000000000000e+05 1.807335800000000048e-01 4.966929967931498630e-02
1.760000000000000000e+05 1.771251800000000209e-01 5.305404607195949446e-02
1.770000000000000000e+05 1.604603800000000136e-01 2.388527363162498696e-02
1.780000000000000000e+05 1.934713999999999878e-01 2.790760456449101895e-02
1.790000000000000000e+05 1.715833600000000181e-01 4.046611621841661455e-02
1.800000000000000000e+05 1.486936400000000158e-01 5.141880485046691762e-02
1.810000000000000000e+05 1.743223799999999990e-01 4.105971994957588467e-02
1.820000000000000000e+05 1.982098999999999944e-01 3.768230481353283118e-02
1.830000000000000000e+05 1.605074800000000079e-01 6.105887209241258468e-02
1.840000000000000000e+05 1.732419799999999899e-01 5.186529204269074711e-02
1.850000000000000000e+05 1.576934799999999970e-01 3.602135327387908509e-02
1.860000000000000000e+05 1.671996999999999789e-01 2.630640155300607158e-02
1.870000000000000000e+05 1.789496600000000104e-01 4.714500408410630949e-02
1.880000000000000000e+05 1.626332199999999950e-01 2.057590011527076976e-02
1.890000000000000000e+05 1.901816199999999957e-01 5.150999404649159868e-02
1.900000000000000000e+05 1.584471600000000036e-01 2.580444068354127013e-02
1.910000000000000000e+05 1.668102199999999813e-01 5.607832029985919398e-02
1.920000000000000000e+05 1.718395399999999851e-01 3.965683482178576635e-02
1.930000000000000000e+05 1.672971799999999898e-01 3.041353412317614885e-02
1.940000000000000000e+05 1.556078600000000145e-01 3.136800127477681194e-02
1.950000000000000000e+05 1.751988400000000223e-01 6.838027728374899972e-02
1.960000000000000000e+05 1.793108999999999953e-01 4.339759273687884139e-02
1.970000000000000000e+05 2.034686400000000062e-01 5.533965148862431127e-02
1.980000000000000000e+05 1.825634600000000385e-01 4.374470947369978047e-02
1.990000000000000000e+05 1.658150800000000036e-01 3.983527185093130307e-02
2.000000000000000000e+05 1.722573800000000155e-01 5.595470552900443789e-02
2.010000000000000000e+05 1.583755399999999813e-01 4.561536919055243083e-02
2.020000000000000000e+05 1.563826200000000000e-01 6.449025766155380701e-02
2.030000000000000000e+05 1.614068599999999853e-01 5.503002457363071614e-02
2.040000000000000000e+05 1.576513799999999799e-01 3.947952540826193957e-02
2.050000000000000000e+05 1.703021800000000252e-01 6.688141232896925581e-02
2.060000000000000000e+05 1.790076399999999679e-01 6.397199664330009694e-02
2.070000000000000000e+05 1.704518399999999934e-01 4.672031134975878491e-02
2.080000000000000000e+05 1.785819800000000013e-01 4.085346585543997433e-02
2.090000000000000000e+05 1.573687600000000242e-01 6.163130929086611809e-02
2.100000000000000000e+05 1.575797000000000170e-01 6.886272169059251547e-02
2.110000000000000000e+05 1.601330600000000215e-01 4.059621913521504338e-02
2.120000000000000000e+05 1.733306199999999908e-01 6.752194779054881968e-02
2.130000000000000000e+05 1.646007599999999849e-01 5.572716371790690376e-02
2.140000000000000000e+05 1.717675999999999925e-01 5.026851520811012608e-02
2.150000000000000000e+05 1.567535399999999968e-01 3.541476821613265269e-02
2.160000000000000000e+05 1.612672800000000128e-01 3.152968733174498633e-02
2.170000000000000000e+05 1.442164199999999841e-01 5.099842382836552307e-02
2.180000000000000000e+05 1.706489999999999951e-01 4.948417031875951277e-02
2.190000000000000000e+05 1.723674800000000173e-01 4.252968028068868783e-02
2.200000000000000000e+05 1.788384000000000085e-01 7.375172039479485631e-02
2.210000000000000000e+05 1.629618399999999967e-01 7.478479556259012839e-02
2.220000000000000000e+05 1.319039000000000184e-01 2.932727347456629691e-02
2.230000000000000000e+05 1.385899999999999910e-01 3.942457016242535695e-02
2.240000000000000000e+05 1.387065399999999893e-01 5.360807956070055141e-02
2.250000000000000000e+05 1.726394800000000118e-01 3.687737232940546672e-02
2.260000000000000000e+05 1.426445399999999863e-01 4.022168528063438386e-02
2.270000000000000000e+05 1.719099199999999938e-01 4.818192625648751171e-02
2.280000000000000000e+05 1.605283599999999811e-01 4.861378851007602808e-02
2.290000000000000000e+05 1.940688000000000135e-01 3.457304332574729494e-02
2.300000000000000000e+05 1.685413600000000012e-01 2.222553423858243671e-02
2.310000000000000000e+05 1.784028400000000070e-01 2.111926527809147164e-02
2.320000000000000000e+05 1.893395199999999834e-01 2.030970349536398087e-02
2.330000000000000000e+05 1.706621600000000072e-01 2.474319956873807444e-02
2.340000000000000000e+05 1.666352400000000178e-01 2.305475591261812313e-02
2.350000000000000000e+05 1.783434600000000092e-01 3.145082809877030455e-02
2.360000000000000000e+05 1.583838000000000190e-01 2.813932752636423562e-02
2.370000000000000000e+05 1.628248800000000052e-01 2.712545055326454416e-02
2.380000000000000000e+05 1.648936000000000013e-01 1.269191278696792970e-02
2.390000000000000000e+05 1.854579199999999983e-01 3.861790638133558856e-02
2.400000000000000000e+05 1.644416999999999962e-01 4.752116821729027857e-02
2.410000000000000000e+05 1.690706200000000048e-01 3.212289456443177121e-02
2.420000000000000000e+05 1.812377399999999805e-01 3.679071173079422052e-02
2.430000000000000000e+05 1.689998800000000190e-01 1.894054048958476733e-02
2.440000000000000000e+05 1.897531400000000146e-01 1.676975767560162991e-02
2.450000000000000000e+05 1.875551599999999985e-01 1.854004899244874466e-02
2.460000000000000000e+05 1.521219600000000283e-01 2.442416972096288219e-02
2.470000000000000000e+05 1.685583400000000287e-01 4.601244847362939705e-02
2.480000000000000000e+05 1.704084399999999944e-01 3.117085428181910062e-02
2.490000000000000000e+05 2.007054199999999677e-01 3.188517922837506152e-02
2.500000000000000000e+05 1.873383599999999816e-01 2.332955460325808125e-02
2.510000000000000000e+05 1.713652599999999915e-01 2.519248488645770695e-02
2.520000000000000000e+05 1.730375999999999859e-01 5.069661263003673313e-02
2.530000000000000000e+05 1.870782199999999895e-01 1.941346909240077370e-02
2.540000000000000000e+05 2.037324599999999764e-01 4.711915878912100591e-02
2.550000000000000000e+05 2.150996399999999809e-01 5.515332592591674216e-02
2.560000000000000000e+05 1.923595199999999783e-01 4.938143085279728811e-02
2.570000000000000000e+05 1.832253600000000038e-01 3.189266630042712769e-02
2.580000000000000000e+05 1.607111000000000234e-01 3.428966550043904826e-02
2.590000000000000000e+05 2.002039800000000036e-01 3.066659811680454151e-02
2.600000000000000000e+05 1.685021999999999909e-01 1.328484521821763666e-02
2.610000000000000000e+05 1.949328399999999961e-01 3.256653785575616689e-02
2.620000000000000000e+05 1.968327200000000166e-01 3.003418863850994616e-02
2.630000000000000000e+05 1.781493599999999788e-01 3.270885818065803058e-02
2.640000000000000000e+05 1.945865199999999573e-01 4.009099015426783458e-02
2.650000000000000000e+05 2.033729799999999810e-01 1.968408858640908338e-02
2.660000000000000000e+05 1.734109600000000029e-01 2.664257822025488040e-02
2.670000000000000000e+05 1.827059400000000111e-01 5.021766902266969201e-02
2.680000000000000000e+05 1.749139000000000110e-01 3.028300019152660102e-02
2.690000000000000000e+05 1.784956400000000110e-01 7.903779373779611095e-02
2.700000000000000000e+05 1.777096800000000087e-01 4.550793795782884926e-02
2.710000000000000000e+05 1.602664199999999928e-01 4.202915768118128947e-02
2.720000000000000000e+05 1.568972800000000001e-01 2.448558775087091369e-02
2.730000000000000000e+05 1.602182400000000118e-01 3.258224446821305492e-02
2.740000000000000000e+05 1.633958799999999933e-01 1.950998003457717414e-02
2.750000000000000000e+05 1.479916000000000009e-01 1.371552396038882952e-02
2.760000000000000000e+05 1.688064200000000403e-01 2.091007501377266375e-02
2.770000000000000000e+05 1.561510799999999977e-01 2.768962138328367323e-02
2.780000000000000000e+05 1.776581799999999711e-01 6.462721108460119102e-02
2.790000000000000000e+05 1.452933200000000036e-01 3.656019857595962930e-02
2.800000000000000000e+05 1.751571199999999995e-01 4.692951847920027314e-02
2.810000000000000000e+05 1.404251199999999866e-01 5.231203019824025302e-02
2.820000000000000000e+05 1.748902000000000234e-01 2.822512749561992620e-02
2.830000000000000000e+05 1.501553800000000050e-01 2.788420631987936077e-02
2.840000000000000000e+05 1.371228999999999920e-01 2.416953502738520068e-02
2.850000000000000000e+05 1.508581799999999806e-01 2.701497758898940491e-02
2.860000000000000000e+05 1.400305000000000022e-01 2.185192208250798587e-02
2.870000000000000000e+05 1.563868600000000164e-01 2.064607928092885430e-02
2.880000000000000000e+05 1.377971800000000191e-01 4.300413718843339173e-02
2.890000000000000000e+05 1.477909000000000028e-01 4.530963639858523462e-02
2.900000000000000000e+05 1.406130800000000014e-01 9.623662111982110925e-03
2.910000000000000000e+05 1.786658999999999886e-01 1.720864134055911238e-02
2.920000000000000000e+05 1.701055999999999957e-01 2.238686176068454756e-02
2.930000000000000000e+05 1.505600400000000061e-01 3.422993435299576809e-02
2.940000000000000000e+05 1.445372200000000218e-01 2.228334967256045268e-02
2.950000000000000000e+05 1.619382000000000044e-01 3.866562401255151105e-02
2.960000000000000000e+05 1.534662400000000038e-01 1.701899869329567480e-02
2.970000000000000000e+05 1.725087000000000148e-01 4.057421716484496677e-02
2.980000000000000000e+05 1.662701199999999935e-01 2.210733638685583383e-02
2.990000000000000000e+05 1.751824000000000159e-01 2.184182004879630171e-02
3.000000000000000000e+05 1.569688399999999984e-01 1.846192591271018923e-02
