# Time RMSD_average RMSD_std
0.000000000000000000e+00 9.390000000000000560e-05 0.000000000000000000e+00
1.000000000000000000e+03 8.221739999999999604e-02 3.368777209510893239e-02
2.000000000000000000e+03 7.761301999999999091e-02 2.350127709860891714e-02
3.000000000000000000e+03 1.101808799999999949e-01 8.955928811329397915e-03
4.000000000000000000e+03 7.886609999999999454e-02 2.073792004604126452e-02
5.000000000000000000e+03 7.719958000000000375e-02 2.274096158260683481e-02
6.000000000000000000e+03 8.786913999999999836e-02 1.761961068907028777e-02
7.000000000000000000e+03 7.388127999999999362e-02 2.524766970089714971e-02
8.000000000000000000e+03 1.014097599999999877e-01 1.779805644744392179e-02
9.000000000000000000e+03 9.383090000000000874e-02 2.028360243605657406e-02
1.000000000000000000e+04 9.557086000000000747e-02 1.481253342093782378e-02
1.100000000000000000e+04 8.922910000000000563e-02 2.289574355743879269e-02
1.200000000000000000e+04 8.747552000000000105e-02 1.094221772245461931e-02
1.300000000000000000e+04 1.190102200000000138e-01 2.165273176127206073e-02
1.400000000000000000e+04 9.162642000000001397e-02 1.024873671520544136e-02
1.500000000000000000e+04 1.015177000000000024e-01 4.271482508511535020e-02
1.600000000000000000e+04 1.026893799999999829e-01 9.911763435716165055e-03
1.700000000000000000e+04 1.021646800000000077e-01 2.082366357127390932e-02
1.800000000000000000e+04 1.051302399999999998e-01 3.295765027774887057e-02
1.900000000000000000e+04 9.474829999999999364e-02 1.438932077493583483e-02
2.000000000000000000e+04 9.903189999999999216e-02 3.814125396926534850e-02
2.100000000000000000e+04 1.150850600000000029e-01 5.954191302790328572e-02
2.200000000000000000e+04 9.871831999999999829e-02 3.125611395777792151e-02
2.300000000000000000e+04 8.420022000000000617e-02 2.278129738705853696e-02
2.400000000000000000e+04 1.136469600000000052e-01 3.033474377255229032e-02
2.500000000000000000e+04 1.148694400000000171e-01 4.571647240943246121e-02
2.600000000000000000e+04 9.843650000000001010e-02 2.726182281235060845e-02
2.700000000000000000e+04 1.215814600000000023e-01 3.369211977193480034e-02
2.800000000000000000e+04 1.217727600000000077e-01 4.241320787611330828e-02
2.900000000000000000e+04 1.132166800000000001e-01 3.852351411413035276e-02
3.000000000000000000e+04 1.124662400000000090e-01 3.775925508320310958e-02
3.100000000000000000e+04 1.311848999999999932e-01 4.017695982729405091e-02
3.200000000000000000e+04 1.227966199999999952e-01 3.038479716742568254e-02
3.300000000000000000e+04 1.177152399999999988e-01 1.403390813089496793e-02
3.400000000000000000e+04 1.383846400000000032e-01 5.022772153962789393e-02
3.500000000000000000e+04 1.334502599999999872e-01 4.116488776088670504e-02
3.600000000000000000e+04 1.208850999999999953e-01 2.155124400465086715e-02
3.700000000000000000e+04 1.444308200000000153e-01 4.850830661193605842e-02
3.800000000000000000e+04 1.348667800000000194e-01 4.775585773445598786e-02
3.900000000000000000e+04 1.200236600000000042e-01 1.066667073938255307e-02
4.000000000000000000e+04 1.119018400000000024e-01 4.665040070479994916e-02
4.100000000000000000e+04 1.286793599999999649e-01 2.504567122020090464e-02
4.200000000000000000e+04 1.250446000000000057e-01 3.082926880365474687e-02
4.300000000000000000e+04 1.301309999999999967e-01 4.834636033291440926e-02
4.400000000000000000e+04 1.346696000000000004e-01 4.334222792307750038e-02
4.500000000000000000e+04 1.382513599999999898e-01 5.235491414068406402e-02
4.600000000000000000e+04 1.352346999999999855e-01 3.709727429448152897e-02
4.700000000000000000e+04 1.440262999999999960e-01 4.979129881772517002e-02
4.800000000000000000e+04 1.347300800000000298e-01 4.024912086540027856e-02
4.900000000000000000e+04 1.207738999999999896e-01 2.435815317810445524e-02
5.000000000000000000e+04 1.357814400000000032e-01 5.483474646333654640e-02
5.100000000000000000e+04 1.456704200000000227e-01 5.102058071733013567e-02
5.200000000000000000e+04 1.433662800000000126e-01 3.839207151803090273e-02
5.300000000000000000e+04 1.269792399999999932e-01 5.195222879621624879e-02
5.400000000000000000e+04 1.385158600000000184e-01 2.430227250679244458e-02
5.500000000000000000e+04 1.410749200000000203e-01 3.728668363453097045e-02
5.600000000000000000e+04 1.439771200000000140e-01 2.570219802253496250e-02
5.700000000000000000e+04 1.493302999999999991e-01 3.434814889923472336e-02
5.800000000000000000e+04 1.619363400000000119e-01 2.892439314555103960e-02
5.900000000000000000e+04 1.491929399999999961e-01 4.349884392374583214e-02
6.000000000000000000e+04 1.345968399999999954e-01 2.433041951085923929e-02
6.100000000000000000e+04 1.516004400000000030e-01 3.390948144036413925e-02
6.200000000000000000e+04 1.463984399999999908e-01 5.366065068135496274e-02
6.300000000000000000e+04 1.493029600000000123e-01 3.457392018354876057e-02
6.400000000000000000e+04 1.496258999999999784e-01 2.632750219948713083e-02
6.500000000000000000e+04 1.331502600000000203e-01 3.214907581760943767e-02
6.600000000000000000e+04 1.403114999999999779e-01 2.484982964802777070e-02
6.700000000000000000e+04 1.405072599999999949e-01 9.985365871834645662e-03
6.800000000000000000e+04 1.771515800000000307e-01 1.620850492036819690e-02
6.900000000000000000e+04 1.443777400000000044e-01 4.536789886554589563e-02
7.000000000000000000e+04 1.454941799999999730e-01 2.937786454270630357e-02
7.100000000000000000e+04 1.293917800000000118e-01 1.639038277093003704e-02
7.200000000000000000e+04 1.681491199999999853e-01 4.674862778860572332e-02
7.300000000000000000e+04 1.413922200000000129e-01 1.601603404784093451e-02
7.400000000000000000e+04 1.487922600000000095e-01 1.951680264188783431e-02
7.500000000000000000e+04 1.547166400000000164e-01 3.264747823024620466e-02
7.600000000000000000e+04 1.498755799999999805e-01 5.146223841153433481e-02
7.700000000000000000e+04 1.592657199999999995e-01 2.662687927049657566e-02
7.800000000000000000e+04 1.632252799999999726e-01 3.120256237647158620e-02
7.900000000000000000e+04 1.418706000000000134e-01 1.621479107716161314e-02
8.000000000000000000e+04 1.713646000000000058e-01 2.958981319136705715e-02
8.100000000000000000e+04 1.745825799999999872e-01 2.610937204449007357e-02
8.200000000000000000e+04 1.595631000000000133e-01 2.248575177867085870e-02
8.300000000000000000e+04 1.817831199999999925e-01 4.021646809278010132e-02
8.400000000000000000e+04 1.489342600000000127e-01 4.930328309865784214e-02
8.500000000000000000e+04 1.442496000000000056e-01 4.533115708141586403e-02
8.600000000000000000e+04 1.687855799999999906e-01 3.955442241339898746e-02
8.700000000000000000e+04 1.393833600000000117e-01 4.222917614837400080e-02
8.800000000000000000e+04 1.611847799999999997e-01 1.848824126934739062e-02
8.900000000000000000e+04 1.572598600000000291e-01 2.994570343302023138e-02
9.000000000000000000e+04 1.619214200000000103e-01 5.125440982644906968e-02
9.100000000000000000e+04 1.737658799999999837e-01 3.325159806826733649e-02
9.200000000000000000e+04 1.630390199999999790e-01 2.986818233862917685e-02
9.300000000000000000e+04 1.795424999999999938e-01 3.046422248612296393e-02
9.400000000000000000e+04 2.095723599999999853e-01 4.405863782908409076e-02
9.500000000000000000e+04 1.600491200000000169e-01 3.737596841209067655e-02
9.600000000000000000e+04 1.613946799999999571e-01 5.544970341364865996e-02
9.700000000000000000e+04 1.732210200000000033e-01 2.828872279092147293e-02
9.800000000000000000e+04 1.408631800000000045e-01 3.293095642445873633e-02
9.900000000000000000e+04 1.780812599999999912e-01 4.513896682010345301e-02
1.000000000000000000e+05 1.859596400000000094e-01 2.847343515437503539e-02
1.010000000000000000e+05 1.548660400000000104e-01 3.239552859112504457e-02
1.020000000000000000e+05 1.572187999999999919e-01 3.173387560339896440e-02
1.030000000000000000e+05 1.837328799999999873e-01 5.112427083573514719e-02
1.040000000000000000e+05 1.667426800000000042e-01 2.380876224950805725e-02
1.050000000000000000e+05 1.634371800000000152e-01 4.416625931194082672e-02
1.060000000000000000e+05 1.624251200000000062e-01 3.131037259512572946e-02
1.070000000000000000e+05 1.523355000000000126e-01 4.990974502547573799e-02
1.080000000000000000e+05 1.598305600000000104e-01 5.699102257873953775e-02
1.090000000000000000e+05 2.120558800000000022e-01 2.478651482571924553e-02
1.100000000000000000e+05 1.657092400000000076e-01 7.590321555582740798e-02
1.110000000000000000e+05 1.528346200000000044e-01 5.251877003473710837e-02
1.120000000000000000e+05 1.620577200000000162e-01 3.466295532832709692e-02
1.130000000000000000e+05 1.631686799999999826e-01 2.794362855188280842e-02
1.140000000000000000e+05 1.836351599999999917e-01 2.707861895256846035e-02
1.150000000000000000e+05 1.421084200000000131e-01 2.378248344184433552e-02
1.160000000000000000e+05 1.545461399999999985e-01 2.666550917830746992e-02
1.170000000000000000e+05 1.629507400000000106e-01 9.493117959153359736e-03
1.180000000000000000e+05 1.691133400000000009e-01 3.582670320990196527e-02
1.190000000000000000e+05 1.676183199999999873e-01 2.007539322816866492e-02
1.200000000000000000e+05 1.703689599999999860e-01 1.830009803422922091e-02
1.210000000000000000e+05 1.741565000000000196e-01 3.069110082633074929e-02
1.220000000000000000e+05 1.750968200000000141e-01 2.759584179643012961e-02
1.230000000000000000e+05 1.861860399999999971e-01 1.136721155844299704e-02
1.240000000000000000e+05 1.726942000000000199e-01 1.577594156112401350e-02
1.250000000000000000e+05 1.729227000000000125e-01 1.971289638008580369e-02
1.260000000000000000e+05 1.607064600000000232e-01 2.427500054068794724e-02
1.270000000000000000e+05 1.652384400000000142e-01 2.291242170208989543e-02
1.280000000000000000e+05 1.686119600000000052e-01 2.953518519458444430e-02
1.290000000000000000e+05 1.626725400000000321e-01 2.187249599900295202e-02
1.300000000000000000e+05 1.763074800000000164e-01 1.953826329768334341e-02
1.310000000000000000e+05 1.593491800000000069e-01 2.627572868983085383e-02
1.320000000000000000e+05 1.682730000000000059e-01 1.919764518663682334e-02
1.330000000000000000e+05 1.661664399999999986e-01 2.035883136838654781e-02
1.340000000000000000e+05 1.691802600000000267e-01 2.804800094556473417e-02
1.350000000000000000e+05 1.642302800000000063e-01 2.242903584565328692e-02
1.360000000000000000e+05 1.775098200000000126e-01 2.357813946005069689e-02
1.370000000000000000e+05 1.820067000000000212e-01 3.173913763245624076e-02
1.380000000000000000e+05 1.760324600000000017e-01 2.140217622248727705e-02
1.390000000000000000e+05 1.780506800000000167e-01 3.377705177148532245e-02
1.400000000000000000e+05 1.727953600000000089e-01 1.891344163938440959e-02
1.410000000000000000e+05 1.734994800000000115e-01 2.132268559383643930e-02
1.420000000000000000e+05 1.779458800000000007e-01 1.900197751155389275e-02
1.430000000000000000e+05 1.704897800000000074e-01 1.838931661496968212e-02
1.440000000000000000e+05 1.793897400000000197e-01 4.447140326621591699e-02
1.450000000000000000e+05 1.632070600000000149e-01 3.501589545704065359e-02
1.460000000000000000e+05 1.740072000000000008e-01 3.096321580378885371e-02
1.470000000000000000e+05 1.983484799999999937e-01 3.657976369406450157e-02
1.480000000000000000e+05 1.654244800000000126e-01 2.541041141157694694e-02
1.490000000000000000e+05 1.717372000000000065e-01 2.263135084116721721e-02
1.500000000000000000e+05 1.846985400000000221e-01 3.779604086338143876e-02
1.510000000000000000e+05 1.831676400000000204e-01 4.239614733834196070e-02
1.520000000000000000e+05 1.959805800000000153e-01 4.830314636598324191e-02
1.530000000000000000e+05 1.850761599999999896e-01 3.362869249367866908e-02
1.540000000000000000e+05 1.912777200000000122e-01 4.930979418401174735e-02
1.550000000000000000e+05 1.835261800000000110e-01 4.506892517490959649e-02
1.560000000000000000e+05 1.840401600000000082e-01 4.173510409602926990e-02
1.570000000000000000e+05 1.713953200000000177e-01 3.750805397721401063e-02
1.580000000000000000e+05 1.898962600000000112e-01 4.676822280440427054e-02
1.590000000000000000e+05 1.854599200000000003e-01 5.542988589681201173e-02
1.600000000000000000e+05 2.009176599999999979e-01 4.420019838455931799e-02
1.610000000000000000e+05 1.956178199999999978e-01 3.887096066378600834e-02
1.620000000000000000e+05 1.770624800000000221e-01 4.656413818888523182e-02
1.630000000000000000e+05 1.915101800000000298e-01 4.115798549906930087e-02
1.640000000000000000e+05 1.835837600000000125e-01 3.269506437984791292e-02
1.650000000000000000e+05 1.733965799999999946e-01 2.308487098403627993e-02
1.660000000000000000e+05 1.732918999999999987e-01 2.143212733304839662e-02
1.670000000000000000e+05 1.746064800000000083e-01 2.327173098000232324e-02
1.680000000000000000e+05 1.781775600000000126e-01 1.952839116769223074e-02
1.690000000000000000e+05 1.670402400000000065e-01 3.355846845763972575e-02
1.700000000000000000e+05 1.884895000000000320e-01 3.250228888118496251e-02
1.710000000000000000e+05 1.822101200000000032e-01 3.373303456977447962e-02
1.720000000000000000e+05 1.884006600000000253e-01 2.846777151212226409e-02
1.730000000000000000e+05 1.842361200000000310e-01 2.536883338653159528e-02
1.740000000000000000e+05 1.827057400000000054e-01 3.949932469967556287e-02
1.750000000000000000e+05 1.824593000000000187e-01 3.499971018125721395e-02
1.760000000000000000e+05 1.837063800000000025e-01 2.415756495141014801e-02
1.770000000000000000e+05 1.776448600000000155e-01 3.752366613861710803e-02
1.780000000000000000e+05 1.907625200000000187e-01 3.671410317975369597e-02
1.790000000000000000e+05 1.898932799999999976e-01 3.388216949638260533e-02
1.800000000000000000e+05 1.772901400000000127e-01 3.795816657893792689e-02
1.810000000000000000e+05 1.801062400000000285e-01 2.370517511073056555e-02
1.820000000000000000e+05 1.904020800000000013e-01 4.357686501846594340e-02
1.830000000000000000e+05 1.869891600000000154e-01 3.411865434178786016e-02
1.840000000000000000e+05 1.938413800000000076e-01 3.360392724354699379e-02
1.850000000000000000e+05 1.860357600000000222e-01 2.397881711249326767e-02
1.860000000000000000e+05 1.968969800000000270e-01 5.510390072549855439e-02
1.870000000000000000e+05 1.878165200000000146e-01 4.333223348674287295e-02
1.880000000000000000e+05 1.921020999999999979e-01 3.046137650225281060e-02
1.890000000000000000e+05 1.830560200000000137e-01 2.922352476669437885e-02
1.900000000000000000e+05 1.946121400000000168e-01 4.166071906314627871e-02
1.910000000000000000e+05 1.921496000000000037e-01 3.193718744629839290e-02
1.920000000000000000e+05 1.729544600000000043e-01 2.268241141524419274e-02
1.930000000000000000e+05 1.883230000000000182e-01 2.649512116439552839e-02
1.940000000000000000e+05 2.038238400000000061e-01 6.391055564288576629e-02
1.950000000000000000e+05 1.898362200000000277e-01 4.676578555728108655e-02
1.960000000000000000e+05 1.834351000000000176e-01 4.534281167572210003e-02
1.970000000000000000e+05 1.781747600000000153e-01 4.643316773874467396e-02
1.980000000000000000e+05 1.848460600000000065e-01 5.523789798624130498e-02
1.990000000000000000e+05 1.922194799999999981e-01 6.316742799365508698e-02
2.000000000000000000e+05 1.878381000000000078e-01 5.118352952358794922e-02
2.010000000000000000e+05 1.775427400000000044e-01 3.820872383854765492e-02
2.020000000000000000e+05 1.729257800000000012e-01 5.623871673604936838e-02
2.030000000000000000e+05 1.822720800000000030e-01 5.154409131135788413e-02
2.040000000000000000e+05 1.881888800000000028e-01 5.734109492227715960e-02
2.050000000000000000e+05 1.827161399999999991e-01 5.331790315811753278e-02
2.060000000000000000e+05 1.990314800000000106e-01 6.395496902544475781e-02
2.070000000000000000e+05 1.885905000000000220e-01 4.878752683229595905e-02
2.080000000000000000e+05 1.764327200000000151e-01 2.929361654814236632e-02
2.090000000000000000e+05 1.777893800000000246e-01 4.487009979999598969e-02
2.100000000000000000e+05 1.800655400000000239e-01 4.180763458367861563e-02
2.110000000000000000e+05 1.963359800000000210e-01 5.033574592702089873e-02
2.120000000000000000e+05 1.866229800000000216e-01 4.243339473911556664e-02
2.130000000000000000e+05 1.977197400000000049e-01 5.452873719500937744e-02
2.140000000000000000e+05 1.915260799999999874e-01 4.984075177319860495e-02
2.150000000000000000e+05 1.818546400000000118e-01 3.870670525129205064e-02
2.160000000000000000e+05 1.813361600000000240e-01 3.734236296415105461e-02
2.170000000000000000e+05 1.834483000000000086e-01 3.323647820783662971e-02
2.180000000000000000e+05 1.875020200000000192e-01 3.956177299815568510e-02
2.190000000000000000e+05 1.768660000000000232e-01 2.224923333645453805e-02
2.200000000000000000e+05 1.791484799999999988e-01 3.734243275103538151e-02
2.210000000000000000e+05 1.834838400000000092e-01 3.344079676117781008e-02
2.220000000000000000e+05 1.902528800000000131e-01 5.061018490503269712e-02
2.230000000000000000e+05 1.879869200000000018e-01 3.323332146297747897e-02
2.240000000000000000e+05 1.958961800000000308e-01 6.109012107204896125e-02
2.250000000000000000e+05 1.803841800000000051e-01 3.294916307060923727e-02
2.260000000000000000e+05 1.829237400000000291e-01 2.954352993347951484e-02
2.270000000000000000e+05 1.949604400000000126e-01 5.998599720013329806e-02
2.280000000000000000e+05 1.821038000000000101e-01 2.542642880705035108e-02
2.290000000000000000e+05 1.828745400000000021e-01 2.963237427318977935e-02
2.300000000000000000e+05 1.833361000000000018e-01 4.543140191008856327e-02
2.310000000000000000e+05 1.895508800000000327e-01 3.771138344730408376e-02
2.320000000000000000e+05 1.793804400000000299e-01 3.828391686317376280e-02
2.330000000000000000e+05 2.032196000000000002e-01 6.161666543265709867e-02
2.340000000000000000e+05 1.980909200000000037e-01 6.210338229141468963e-02
2.350000000000000000e+05 1.815088800000000113e-01 3.841662570619132355e-02
2.360000000000000000e+05 1.839289800000000197e-01 4.267191993390501842e-02
2.370000000000000000e+05 1.918734599999999957e-01 5.646506016660569199e-02
2.380000000000000000e+05 1.869807400000000064e-01 2.944024231032074321e-02
2.390000000000000000e+05 1.825812600000000230e-01 3.271857367310501002e-02
2.400000000000000000e+05 1.788598800000000266e-01 3.103782207419843522e-02
2.410000000000000000e+05 1.805979600000000018e-01 3.067697161974108216e-02
2.420000000000000000e+05 1.920223799999999925e-01 3.163873388916819268e-02
2.430000000000000000e+05 1.833968400000000054e-01 3.620065582945149185e-02
2.440000000000000000e+05 1.946398400000000084e-01 4.951769436852244965e-02
2.450000000000000000e+05 2.046718799999999727e-01 5.305729442315729877e-02
2.460000000000000000e+05 1.985836200000000162e-01 6.094879353888475043e-02
2.470000000000000000e+05 1.891160000000000063e-01 5.432315216200178654e-02
2.480000000000000000e+05 1.966046200000000077e-01 4.926215649040956157e-02
2.490000000000000000e+05 1.906520000000000159e-01 6.408141237582080929e-02
2.500000000000000000e+05 1.987624200000000230e-01 4.726112170549489483e-02
2.510000000000000000e+05 1.889491799999999944e-01 5.312557113719907492e-02
2.520000000000000000e+05 2.057214800000000121e-01 8.870448891264520741e-02
2.530000000000000000e+05 1.914744800000000025e-01 5.010465699259500361e-02
2.540000000000000000e+05 1.857303200000000321e-01 5.117993341513450006e-02
2.550000000000000000e+05 1.885635800000000084e-01 5.001113597219722373e-02
2.560000000000000000e+05 1.969577800000000267e-01 7.267414986365922092e-02
2.570000000000000000e+05 1.977470400000000128e-01 6.153178698622688292e-02
2.580000000000000000e+05 1.843813800000000114e-01 5.446849662222742749e-02
2.590000000000000000e+05 1.889822400000000235e-01 4.137261130828461669e-02
2.600000000000000000e+05 1.929527200000000220e-01 3.304315348524713980e-02
2.610000000000000000e+05 1.749992800000000071e-01 3.373344503097185781e-02
2.620000000000000000e+05 1.918436000000000308e-01 4.860688112928045201e-02
2.630000000000000000e+05 1.932669800000000326e-01 3.482888528238594489e-02
2.640000000000000000e+05 1.844144200000000233e-01 4.874693347932359394e-02
2.650000000000000000e+05 2.080538200000000004e-01 5.131795684028739313e-02
2.660000000000000000e+05 1.919558000000000098e-01 3.972442707241980592e-02
2.670000000000000000e+05 1.950212200000000229e-01 4.946142639315612155e-02
2.680000000000000000e+05 1.912728200000000101e-01 4.440174828717445565e-02
2.690000000000000000e+05 1.899571600000000138e-01 3.635061324801000526e-02
2.700000000000000000e+05 1.929108400000000001e-01 4.596769871793017492e-02
2.710000000000000000e+05 1.953091400000000200e-01 5.101874569703179069e-02
2.720000000000000000e+05 1.905888200000000199e-01 4.206031712859045757e-02
2.730000000000000000e+05 1.965110400000000257e-01 5.806373419715959300e-02
2.740000000000000000e+05 2.059059200000000200e-01 5.970056676482727448e-02
2.750000000000000000e+05 1.949590200000000384e-01 4.208141392346032711e-02
2.760000000000000000e+05 2.038106599999999768e-01 6.867733511651714917e-02
2.770000000000000000e+05 1.895965599999999973e-01 3.599962272611199193e-02
2.780000000000000000e+05 1.848252400000000295e-01 3.039337612392542173e-02
2.790000000000000000e+05 2.053263399999999961e-01 6.047745685640559116e-02
2.800000000000000000e+05 1.829481400000000091e-01 6.167621177389544240e-02
2.810000000000000000e+05 1.908547000000000160e-01 3.167211532872409724e-02
2.820000000000000000e+05 1.860725400000000085e-01 5.314325620835064906e-02
2.830000000000000000e+05 2.020683200000000235e-01 3.986069053021535497e-02
2.840000000000000000e+05 1.810906600000000144e-01 2.880238236317266345e-02
2.850000000000000000e+05 1.766871000000000136e-01 4.439987873654611256e-02
2.860000000000000000e+05 1.721052200000000032e-01 2.201338905951557776e-02
2.870000000000000000e+05 1.819292800000000265e-01 4.151563381192199115e-02
2.880000000000000000e+05 1.845739600000000091e-01 4.565726160358721253e-02
2.890000000000000000e+05 1.868041000000000007e-01 4.308744305177553136e-02
2.900000000000000000e+05 1.838796400000000109e-01 3.088663891514258075e-02
2.910000000000000000e+05 1.700625600000000293e-01 2.860745810760543725e-02
2.920000000000000000e+05 1.851768000000000025e-01 3.108893282105385653e-02
2.930000000000000000e+05 1.774026999999999965e-01 1.858235756872630637e-02
2.940000000000000000e+05 1.792702000000000184e-01 2.475501150094663178e-02
2.950000000000000000e+05 1.613060800000000183e-01 2.394286580486137267e-02
2.960000000000000000e+05 1.667772399999999933e-01 3.281203227327438715e-02
2.970000000000000000e+05 1.824901400000000229e-01 2.176575647981020614e-02
2.980000000000000000e+05 1.876862200000000147e-01 3.046904928660557413e-02
2.990000000000000000e+05 1.811987800000000037e-01 4.472899254583765499e-02
3.000000000000000000e+05 1.765447200000000161e-01 1.869381520293810980e-02
