# Time RMSD_average RMSD_std
0.000000000000000000e+00 2.710000000000000142e-05 0.000000000000000000e+00
1.000000000000000000e+03 9.773234000000000088e-02 5.878924091673917718e-02
2.000000000000000000e+03 1.135759400000000002e-01 5.574943070699825420e-02
3.000000000000000000e+03 1.112372799999999939e-01 1.858946021587501787e-02
4.000000000000000000e+03 1.575581200000000237e-01 5.535309290633722012e-02
5.000000000000000000e+03 1.352225800000000089e-01 3.620025929550228783e-02
6.000000000000000000e+03 1.380718799999999802e-01 6.529277466367620908e-02
7.000000000000000000e+03 1.895999800000000013e-01 7.578669436713544871e-02
8.000000000000000000e+03 1.884582199999999819e-01 4.601171117154414375e-02
9.000000000000000000e+03 1.934425000000000172e-01 5.420739076428601061e-02
1.000000000000000000e+04 1.726108199999999981e-01 5.627840122950900775e-02
1.100000000000000000e+04 1.744519400000000275e-01 4.500657852246046919e-02
1.200000000000000000e+04 1.769796400000000214e-01 8.070065907886007917e-02
1.300000000000000000e+04 1.909455399999999969e-01 1.133844653657739843e-01
1.400000000000000000e+04 1.709390400000000143e-01 5.687604967652377247e-02
1.500000000000000000e+04 2.022794199999999876e-01 2.454993025533066739e-02
1.600000000000000000e+04 1.764238800000000051e-01 4.404518030388342165e-02
1.700000000000000000e+04 2.242248399999999808e-01 6.259023412825996668e-02
1.800000000000000000e+04 2.063419400000000015e-01 4.456067024390902853e-02
1.900000000000000000e+04 2.155247600000000097e-01 9.270550983339878592e-02
2.000000000000000000e+04 1.893206199999999950e-01 5.423144561862241336e-02
2.100000000000000000e+04 1.523438399999999804e-01 6.781433530753214201e-02
2.200000000000000000e+04 1.767626800000000054e-01 4.495148222430046109e-02
2.300000000000000000e+04 2.209796600000000222e-01 5.790695308256513241e-02
2.400000000000000000e+04 1.934762000000000148e-01 7.245434524369122331e-02
2.500000000000000000e+04 1.448678600000000150e-01 3.582494711681233346e-02
2.600000000000000000e+04 1.866570000000000173e-01 6.888454134297476716e-02
2.700000000000000000e+04 1.910806000000000171e-01 5.131182488405571646e-02
2.800000000000000000e+04 2.341155799999999620e-01 4.717111967373256720e-02
2.900000000000000000e+04 2.396361399999999975e-01 4.095132665936966621e-02
3.000000000000000000e+04 1.737436200000000153e-01 4.834370657727435350e-02
3.100000000000000000e+04 1.789249199999999873e-01 7.962187475776741352e-02
3.200000000000000000e+04 2.057033399999999845e-01 5.671884245019815501e-02
3.300000000000000000e+04 2.331393199999999832e-01 6.609210367505032047e-02
3.400000000000000000e+04 2.380862399999999768e-01 3.670856188153384658e-02
3.500000000000000000e+04 2.083369600000000155e-01 4.650578179356196218e-02
3.600000000000000000e+04 2.036019200000000196e-01 4.997610778435630785e-02
3.700000000000000000e+04 2.202892399999999695e-01 3.588617354768267043e-02
3.800000000000000000e+04 1.778747800000000101e-01 2.680807077209398925e-02
3.900000000000000000e+04 1.790350199999999892e-01 4.351929921234486132e-02
4.000000000000000000e+04 1.581298999999999899e-01 4.897056371637966560e-02
4.100000000000000000e+04 1.493588600000000099e-01 2.392665596957502250e-02
4.200000000000000000e+04 1.643460800000000055e-01 1.301024113925640900e-02
4.300000000000000000e+04 2.142631200000000291e-01 2.846904446780045006e-02
4.400000000000000000e+04 1.893445400000000056e-01 5.887741256089978198e-02
4.500000000000000000e+04 1.879694999999999838e-01 3.776097225708045790e-02
4.600000000000000000e+04 1.801063199999999864e-01 4.745007992433310229e-02
4.700000000000000000e+04 1.644834799999999875e-01 2.851898738618886819e-02
4.800000000000000000e+04 1.821365800000000201e-01 5.993451828151787064e-02
4.900000000000000000e+04 1.969214200000000137e-01 5.722069746018131758e-02
5.000000000000000000e+04 1.643255200000000027e-01 5.714759137361434538e-02
5.100000000000000000e+04 1.891606200000000015e-01 4.634822139462958790e-02
5.200000000000000000e+04 1.863325399999999910e-01 5.095534154263318960e-02
5.300000000000000000e+04 1.750996400000000008e-01 5.516128442785210584e-02
5.400000000000000000e+04 1.814745799999999964e-01 4.455443350017594673e-02
5.500000000000000000e+04 1.863089399999999785e-01 3.938474902038097136e-02
5.600000000000000000e+04 2.092205599999999721e-01 2.982756793099967940e-02
5.700000000000000000e+04 2.206161400000000161e-01 5.888381407927308769e-02
5.800000000000000000e+04 2.031872200000000017e-01 2.628152952934055889e-02
5.900000000000000000e+04 2.020454599999999823e-01 4.092392701364813701e-02
6.000000000000000000e+04 1.944033400000000078e-01 2.666036267792319323e-02
6.100000000000000000e+04 1.904682999999999793e-01 3.442565930041138061e-02
6.200000000000000000e+04 2.071435600000000044e-01 4.365060052693891385e-02
6.300000000000000000e+04 1.956991599999999831e-01 3.245390915046136859e-02
6.400000000000000000e+04 2.207081399999999971e-01 7.403209168733786150e-02
6.500000000000000000e+04 1.859004799999999791e-01 2.583223149001262833e-02
6.600000000000000000e+04 1.878773400000000315e-01 2.544980533784885549e-02
6.700000000000000000e+04 1.903256799999999971e-01 3.826111996125570319e-02
6.800000000000000000e+04 1.920160200000000095e-01 6.552321979855385559e-02
6.900000000000000000e+04 1.797398400000000118e-01 2.882639574449778752e-02
7.000000000000000000e+04 1.874632199999999860e-01 3.687737237360601272e-02
7.100000000000000000e+04 1.989863800000000182e-01 3.299948944558991903e-02
7.200000000000000000e+04 1.688613800000000054e-01 6.906683236403418635e-02
7.300000000000000000e+04 1.512056399999999745e-01 3.149772091987609879e-02
7.400000000000000000e+04 1.693391599999999886e-01 3.653209104973872273e-02
7.500000000000000000e+04 1.763690200000000430e-01 4.925487262293549301e-02
7.600000000000000000e+04 1.778742600000000063e-01 4.726960270726209695e-02
7.700000000000000000e+04 1.989343199999999701e-01 6.170796511107460441e-02
7.800000000000000000e+04 1.637126999999999888e-01 3.032049523230119850e-02
7.900000000000000000e+04 1.489840000000000053e-01 2.831467320072757546e-02
8.000000000000000000e+04 1.535874600000000090e-01 2.342244402624115568e-02
8.100000000000000000e+04 1.752836000000000116e-01 4.513353105091601203e-02
8.200000000000000000e+04 1.923473200000000161e-01 4.081901247994126208e-02
8.300000000000000000e+04 1.798406399999999961e-01 4.846203555252709405e-02
8.400000000000000000e+04 1.898879400000000051e-01 4.250855074987149040e-02
8.500000000000000000e+04 1.713549200000000217e-01 4.930321097382604073e-02
8.600000000000000000e+04 1.927986200000000039e-01 3.653138178352415000e-02
8.700000000000000000e+04 2.021596600000000188e-01 4.669529334061838649e-02
8.800000000000000000e+04 1.677516199999999902e-01 3.600212789085668191e-02
8.900000000000000000e+04 1.732915399999999939e-01 3.167142550878315060e-02
9.000000000000000000e+04 1.914530999999999872e-01 4.683493540228277074e-02
9.100000000000000000e+04 1.913931599999999789e-01 5.111136243750893926e-02
9.200000000000000000e+04 1.925528800000000096e-01 2.937660057048126563e-02
9.300000000000000000e+04 2.120953399999999933e-01 5.853561539854518908e-02
9.400000000000000000e+04 2.173347399999999985e-01 6.763968844199684527e-02
9.500000000000000000e+04 1.950874000000000219e-01 4.917405110445954852e-02
9.600000000000000000e+04 1.864770800000000173e-01 4.860353528781213850e-02
9.700000000000000000e+04 1.875956599999999974e-01 4.504943773258886230e-02
9.800000000000000000e+04 2.163889000000000229e-01 3.933745919507258132e-02
9.900000000000000000e+04 2.068935600000000041e-01 4.146342081843224642e-02
1.000000000000000000e+05 2.000768400000000058e-01 4.280946262828347337e-02
1.010000000000000000e+05 2.057174400000000014e-01 5.233991584680280224e-02
1.020000000000000000e+05 1.790200200000000019e-01 5.623635379621975960e-02
1.030000000000000000e+05 1.823482200000000053e-01 5.350961280493065492e-02
1.040000000000000000e+05 2.251393399999999934e-01 4.394448295891532213e-02
1.050000000000000000e+05 1.945134199999999924e-01 5.216039422003633519e-02
1.060000000000000000e+05 1.586961400000000411e-01 3.687100094375524856e-02
1.070000000000000000e+05 1.970060999999999896e-01 2.578737755158519440e-02
1.080000000000000000e+05 1.755960200000000193e-01 2.010246948605071485e-02
1.090000000000000000e+05 1.702310600000000174e-01 2.106920488510185749e-02
1.100000000000000000e+05 1.849397399999999636e-01 3.285925394165850610e-02
1.110000000000000000e+05 1.715156599999999865e-01 2.650135229610746032e-02
1.120000000000000000e+05 1.692724600000000135e-01 4.735166898970299271e-02
1.130000000000000000e+05 1.356472400000000023e-01 1.781694789716802355e-02
1.140000000000000000e+05 1.552442399999999778e-01 3.610929904817317126e-02
1.150000000000000000e+05 2.116545400000000021e-01 5.140970441294522714e-02
1.160000000000000000e+05 1.842242600000000008e-01 3.274307365618566584e-02
1.170000000000000000e+05 1.994499600000000095e-01 6.850665822997353827e-02
1.180000000000000000e+05 1.731440000000000201e-01 4.367437728568090288e-02
1.190000000000000000e+05 1.837764399999999854e-01 4.830181040439788381e-02
1.200000000000000000e+05 1.652905199999999963e-01 2.155908781394983570e-02
1.210000000000000000e+05 1.727391600000000027e-01 4.025927515634626641e-02
1.220000000000000000e+05 1.738909200000000044e-01 4.768123446318897618e-02
1.230000000000000000e+05 1.549242399999999908e-01 3.943906634541948647e-02
1.240000000000000000e+05 1.696991999999999945e-01 3.783666824724397221e-02
1.250000000000000000e+05 1.481762199999999974e-01 2.767990528563275474e-02
1.260000000000000000e+05 1.422052799999999895e-01 4.782922850686178312e-02
1.270000000000000000e+05 1.498680399999999802e-01 2.897124734011981978e-02
1.280000000000000000e+05 1.419569400000000037e-01 6.666370560014198143e-02
1.290000000000000000e+05 1.536832599999999882e-01 3.139903305565952540e-02
1.300000000000000000e+05 1.481939399999999962e-01 2.811408539693938113e-02
1.310000000000000000e+05 1.569421000000000010e-01 2.860231990688866938e-02
1.320000000000000000e+05 1.714492799999999817e-01 2.747251521869813196e-02
1.330000000000000000e+05 1.533792400000000000e-01 3.143009639683595063e-02
1.340000000000000000e+05 1.566532599999999886e-01 4.330140428205995345e-02
1.350000000000000000e+05 1.505840199999999851e-01 3.687026253431890943e-02
1.360000000000000000e+05 1.580597800000000108e-01 3.314168361374539296e-02
1.370000000000000000e+05 1.728525200000000095e-01 2.978451206149934638e-02
1.380000000000000000e+05 1.819213799999999936e-01 7.811091149380859633e-02
1.390000000000000000e+05 1.975737799999999766e-01 1.261408390907782229e-01
1.400000000000000000e+05 2.055116800000000021e-01 1.392553765494661255e-01
1.410000000000000000e+05 2.029968999999999801e-01 1.242902186974502027e-01
1.420000000000000000e+05 2.017554599999999976e-01 9.417544210541514693e-02
1.430000000000000000e+05 1.702253999999999989e-01 1.831669388923667235e-02
1.440000000000000000e+05 1.696571199999999946e-01 3.212815601944189053e-02
1.450000000000000000e+05 1.244565400000000183e-01 3.834337640023893073e-02
1.460000000000000000e+05 1.453923000000000021e-01 4.180648180155799309e-02
1.470000000000000000e+05 1.204890799999999984e-01 2.711159786212535144e-02
1.480000000000000000e+05 1.450151799999999935e-01 4.845156083547361159e-02
1.490000000000000000e+05 1.536624400000000112e-01 3.709321538753953401e-02
1.500000000000000000e+05 1.605615400000000026e-01 5.693368909082213714e-02
1.510000000000000000e+05 1.390383000000000036e-01 6.835686479208946675e-02
1.520000000000000000e+05 1.531968799999999797e-01 2.198857333729498792e-02
1.530000000000000000e+05 1.631151799999999985e-01 3.458544297749559931e-02
1.540000000000000000e+05 1.658849400000000085e-01 3.550753151727672335e-02
1.550000000000000000e+05 1.594461799999999929e-01 5.548878207808854296e-02
1.560000000000000000e+05 1.621442399999999950e-01 7.290574401673988181e-02
1.570000000000000000e+05 1.894760600000000017e-01 5.044687920450977026e-02
1.580000000000000000e+05 1.897884999999999711e-01 5.590402340307894929e-02
1.590000000000000000e+05 1.767448800000000209e-01 5.733172746859805519e-02
1.600000000000000000e+05 1.618656599999999945e-01 3.959688420159343525e-02
1.610000000000000000e+05 1.919815000000000271e-01 6.317096434612978761e-02
1.620000000000000000e+05 1.848475200000000152e-01 4.268818236980347763e-02
1.630000000000000000e+05 1.833616399999999924e-01 5.213556463032120725e-02
1.640000000000000000e+05 1.919142600000000032e-01 6.950867793706336228e-02
1.650000000000000000e+05 1.633062600000000086e-01 6.684691275326333504e-02
1.660000000000000000e+05 1.766263200000000033e-01 3.324833436299630407e-02
1.670000000000000000e+05 2.050259799999999966e-01 7.462142126361304140e-02
1.680000000000000000e+05 1.930118600000000073e-01 7.366485324920153677e-02
1.690000000000000000e+05 1.790684800000000021e-01 6.889152065731746211e-02
1.700000000000000000e+05 1.722406800000000071e-01 6.259795917291233192e-02
1.710000000000000000e+05 1.778071199999999852e-01 6.137610196300837678e-02
1.720000000000000000e+05 2.311469799999999741e-01 7.320610629463639163e-02
1.730000000000000000e+05 2.034937000000000273e-01 8.530099863708513752e-02
1.740000000000000000e+05 2.176375399999999904e-01 8.502255405252420739e-02
1.750000000000000000e+05 2.098114800000000224e-01 7.296375279905495392e-02
1.760000000000000000e+05 2.164960999999999969e-01 8.097181866212466161e-02
1.770000000000000000e+05 2.142258399999999730e-01 6.878158257049919733e-02
1.780000000000000000e+05 2.270119399999999954e-01 6.086053576815109167e-02
1.790000000000000000e+05 1.938206799999999952e-01 5.121530955905274907e-02
1.800000000000000000e+05 2.339242599999999950e-01 5.546406831380475133e-02
1.810000000000000000e+05 1.948925599999999925e-01 4.937220470396678357e-02
1.820000000000000000e+05 1.817792399999999531e-01 3.031491699896933859e-02
1.830000000000000000e+05 1.967088199999999787e-01 6.426172061385844458e-02
1.840000000000000000e+05 1.718396999999999841e-01 4.299256299003351156e-02
1.850000000000000000e+05 1.728556600000000221e-01 5.230800376533594614e-02
1.860000000000000000e+05 1.771483399999999875e-01 3.914193857644764074e-02
1.870000000000000000e+05 1.550853799999999949e-01 2.471199033792300520e-02
1.880000000000000000e+05 1.872018799999999872e-01 3.926233807843848567e-02
1.890000000000000000e+05 1.973372200000000076e-01 7.223227581269747732e-02
1.900000000000000000e+05 1.860784600000000011e-01 6.922905481644538173e-02
1.910000000000000000e+05 1.898684999999999956e-01 7.676767542383967913e-02
1.920000000000000000e+05 1.653693999999999997e-01 3.715466781565945203e-02
1.930000000000000000e+05 2.101891000000000176e-01 7.627108804633640771e-02
1.940000000000000000e+05 2.093042800000000647e-01 1.074546206411878813e-01
1.950000000000000000e+05 1.893393000000000159e-01 8.052149438980875373e-02
1.960000000000000000e+05 1.980338000000000098e-01 5.391129006020909525e-02
1.970000000000000000e+05 2.357096399999999703e-01 8.534632787227813822e-02
1.980000000000000000e+05 2.016853799999999697e-01 3.830929305332583801e-02
1.990000000000000000e+05 1.843279600000000129e-01 3.960310463241991513e-02
2.000000000000000000e+05 1.770023799999999592e-01 2.940407328132618042e-02
2.010000000000000000e+05 1.833039199999999813e-01 8.726331411161050711e-02
2.020000000000000000e+05 1.676167599999999758e-01 4.058044384531051679e-02
2.030000000000000000e+05 1.897203999999999835e-01 4.147675842835358423e-02
2.040000000000000000e+05 1.991665599999999647e-01 3.267561966865203255e-02
2.050000000000000000e+05 1.524832599999999816e-01 3.825249385823622367e-02
2.060000000000000000e+05 1.649284799999999884e-01 4.384081370113469822e-02
2.070000000000000000e+05 1.779995200000000222e-01 3.146215606562271366e-02
2.080000000000000000e+05 1.673926199999999920e-01 4.295172695626568032e-02
2.090000000000000000e+05 1.371841599999999717e-01 2.767850307770274021e-02
2.100000000000000000e+05 1.877168999999999921e-01 2.660964384038238748e-02
2.110000000000000000e+05 1.809531000000000334e-01 4.310753282552830246e-02
2.120000000000000000e+05 1.738818799999999887e-01 8.895425626312435108e-02
2.130000000000000000e+05 2.237537599999999960e-01 7.261950945619503883e-02
2.140000000000000000e+05 2.118576000000000070e-01 4.057620267891021149e-02
2.150000000000000000e+05 2.586412799999999734e-01 9.805977980386046400e-02
2.160000000000000000e+05 2.462995599999999730e-01 1.152845093716341196e-01
2.170000000000000000e+05 2.287346199999999996e-01 4.548763091260744212e-02
2.180000000000000000e+05 2.349855799999999717e-01 7.861632730277852421e-02
2.190000000000000000e+05 2.176334999999999797e-01 9.032235242870947922e-02
2.200000000000000000e+05 2.088512399999999936e-01 8.742467935727531170e-02
2.210000000000000000e+05 2.204639600000000144e-01 6.786272947162087787e-02
2.220000000000000000e+05 2.189492200000000000e-01 8.256047514592924907e-02
2.230000000000000000e+05 1.971153800000000067e-01 2.853039028484538261e-02
2.240000000000000000e+05 1.997957000000000205e-01 8.444322182820832023e-02
2.250000000000000000e+05 1.666418000000000066e-01 4.416809398957578098e-02
2.260000000000000000e+05 1.734238600000000130e-01 5.324281733472038119e-02
2.270000000000000000e+05 1.933669399999999872e-01 3.896726402633882841e-02
2.280000000000000000e+05 1.644866799999999685e-01 5.429227433653521090e-02
2.290000000000000000e+05 1.826321200000000089e-01 5.116282006478533456e-02
2.300000000000000000e+05 2.118169000000000024e-01 4.112202797114947878e-02
2.310000000000000000e+05 2.044783799999999874e-01 2.561849030637051647e-02
2.320000000000000000e+05 2.267090599999999900e-01 3.019538068914514456e-02
2.330000000000000000e+05 2.043305800000000116e-01 5.905600401579503417e-02
2.340000000000000000e+05 2.091089199999999759e-01 7.461014505801205621e-02
2.350000000000000000e+05 1.873603799999999653e-01 2.560697981577678486e-02
2.360000000000000000e+05 1.971997000000000055e-01 3.825628353998856285e-02
2.370000000000000000e+05 1.874320199999999770e-01 6.586330155087581628e-02
2.380000000000000000e+05 1.874357799999999963e-01 5.015520406862681441e-02
2.390000000000000000e+05 1.925718200000000047e-01 3.895681492075037805e-02
2.400000000000000000e+05 1.998284200000000066e-01 4.572855103715402214e-02
2.410000000000000000e+05 2.245338199999999951e-01 6.803723113679449597e-02
2.420000000000000000e+05 1.975683400000000089e-01 4.825100181217380213e-02
2.430000000000000000e+05 2.220402800000000065e-01 4.798644795862264806e-02
2.440000000000000000e+05 2.035635199999999700e-01 5.227455091745504545e-02
2.450000000000000000e+05 2.207287599999999961e-01 6.080161798414907004e-02
2.460000000000000000e+05 1.815316600000000113e-01 4.128459106643057874e-02
2.470000000000000000e+05 1.958903399999999961e-01 4.600346707084586317e-02
2.480000000000000000e+05 2.158383999999999858e-01 5.458049990415991815e-02
2.490000000000000000e+05 2.347809200000000041e-01 9.365416331970298491e-02
2.500000000000000000e+05 2.843331599999999737e-01 1.469326032062128751e-01
2.510000000000000000e+05 2.542311000000000432e-01 1.587020412202187480e-01
2.520000000000000000e+05 2.554205199999999842e-01 1.238150813477647272e-01
2.530000000000000000e+05 2.699172599999999922e-01 1.591421379649978207e-01
2.540000000000000000e+05 2.249588600000000105e-01 1.391741027959382815e-01
2.550000000000000000e+05 2.526765799999999840e-01 1.222816229206563909e-01
2.560000000000000000e+05 2.824187599999999909e-01 1.221401705450684133e-01
2.570000000000000000e+05 2.588540000000000285e-01 1.456291729064750351e-01
2.580000000000000000e+05 2.385471799999999976e-01 1.218704323342688356e-01
2.590000000000000000e+05 2.623695000000000332e-01 1.268128124853478700e-01
2.600000000000000000e+05 2.601553400000000127e-01 1.436748584227122427e-01
2.610000000000000000e+05 2.342459200000000519e-01 1.269279406768801244e-01
2.620000000000000000e+05 2.510866799999999510e-01 1.218376166618897471e-01
2.630000000000000000e+05 2.553113599999999872e-01 1.348189796638529503e-01
2.640000000000000000e+05 2.221406599999999898e-01 1.214296586486613011e-01
2.650000000000000000e+05 2.341390000000000138e-01 1.402514649992933349e-01
2.660000000000000000e+05 2.388901999999999970e-01 1.260027186606542948e-01
2.670000000000000000e+05 2.255033399999999966e-01 1.335105462451951774e-01
2.680000000000000000e+05 2.351259400000000055e-01 1.379920549238194682e-01
2.690000000000000000e+05 2.469936999999999827e-01 1.149838461162784320e-01
2.700000000000000000e+05 2.309159000000000073e-01 1.438015395751658931e-01
2.710000000000000000e+05 2.468587000000000420e-01 1.714786366481492741e-01
2.720000000000000000e+05 2.709730200000000089e-01 1.378646992236286783e-01
2.730000000000000000e+05 2.580999999999999406e-01 1.443035401602330570e-01
2.740000000000000000e+05 2.604166199999999876e-01 1.848067751917488732e-01
2.750000000000000000e+05 2.793215000000000003e-01 1.864621243148431029e-01
2.760000000000000000e+05 2.800614200000000054e-01 1.838517860912468882e-01
2.770000000000000000e+05 2.743675399999999653e-01 1.794398041720130510e-01
2.780000000000000000e+05 2.843010799999999838e-01 1.708189801521060591e-01
2.790000000000000000e+05 2.704304599999999836e-01 1.935504517007242964e-01
2.800000000000000000e+05 2.786960600000000232e-01 1.859443440086586685e-01
2.810000000000000000e+05 2.467930199999999741e-01 1.652969904882650998e-01
2.820000000000000000e+05 2.711069600000000079e-01 1.726042195086620878e-01
2.830000000000000000e+05 2.710386399999999973e-01 1.706045769830997205e-01
2.840000000000000000e+05 2.912985000000000158e-01 1.899673746845704780e-01
2.850000000000000000e+05 2.917924199999999968e-01 1.988027027500521571e-01
2.860000000000000000e+05 2.562106400000000450e-01 1.824863722520407849e-01
2.870000000000000000e+05 2.808966600000000202e-01 1.719968685981300149e-01
2.880000000000000000e+05 2.658633199999999586e-01 1.874032625044121381e-01
2.890000000000000000e+05 2.664437800000000189e-01 1.760914919187568373e-01
2.900000000000000000e+05 2.700175800000000348e-01 1.583357217849895027e-01
2.910000000000000000e+05 2.552533799999999742e-01 1.708976923188069152e-01
2.920000000000000000e+05 2.550400600000000129e-01 1.606741430558457917e-01
2.930000000000000000e+05 2.759809999999999763e-01 1.461739255099485935e-01
2.940000000000000000e+05 2.708615200000000223e-01 1.706021599177384163e-01
2.950000000000000000e+05 2.623596599999999945e-01 1.681458469868536143e-01
2.960000000000000000e+05 2.729928199999999694e-01 1.601278960065284640e-01
2.970000000000000000e+05 2.801078000000000179e-01 1.613502606940565298e-01
2.980000000000000000e+05 2.575655600000000267e-01 1.392379799694408171e-01
2.990000000000000000e+05 2.825770400000000016e-01 1.580694596409388530e-01
3.000000000000000000e+05 2.824927200000000305e-01 1.462574222869991725e-01
