# Time RMSD_average RMSD_std
0.000000000000000000e+00 5.399999999999999798e-05 0.000000000000000000e+00
1.000000000000000000e+03 5.021880000000000788e-02 1.339938161782102365e-02
2.000000000000000000e+03 5.345493999999999246e-02 1.489248735807420336e-02
3.000000000000000000e+03 5.595368000000000563e-02 1.441730229805839730e-02
4.000000000000000000e+03 5.925776000000000654e-02 8.304497365548378987e-03
5.000000000000000000e+03 6.771911999999999376e-02 2.796893453861980933e-02
6.000000000000000000e+03 5.871028000000000358e-02 1.538995170354994814e-02
7.000000000000000000e+03 6.016761999999999805e-02 1.278235797236174955e-02
8.000000000000000000e+03 7.046985999999999528e-02 1.840844822418228818e-02
9.000000000000000000e+03 7.275866000000000278e-02 7.270665634066802475e-03
1.000000000000000000e+04 5.865518000000000814e-02 2.118301335045606748e-02
1.100000000000000000e+04 8.087351999999999042e-02 2.518672772476805710e-02
1.200000000000000000e+04 6.186064000000000146e-02 1.465954901224454654e-02
1.300000000000000000e+04 7.562156000000000433e-02 1.899245057949078969e-02
1.400000000000000000e+04 6.635785999999999074e-02 1.170124892558054887e-02
1.500000000000000000e+04 6.483321999999999696e-02 1.616095850887564259e-02
1.600000000000000000e+04 6.234750000000000014e-02 1.689482547918148836e-02
1.700000000000000000e+04 7.716406000000000653e-02 3.033050932685437198e-02
1.800000000000000000e+04 8.057689999999999297e-02 1.559159771158812394e-02
1.900000000000000000e+04 7.227317999999999243e-02 1.276901401148890398e-02
2.000000000000000000e+04 7.651083999999999663e-02 1.662656638931803502e-02
2.100000000000000000e+04 7.457892000000000687e-02 2.542038248031685405e-02
2.200000000000000000e+04 8.178549999999998321e-02 2.555668063016008559e-02
2.300000000000000000e+04 7.159013999999999656e-02 2.557000767310013689e-02
2.400000000000000000e+04 7.340739999999999765e-02 2.288199774766180514e-02
2.500000000000000000e+04 8.884124000000001575e-02 2.170401377539186993e-02
2.600000000000000000e+04 8.292982000000000131e-02 2.870911907491415990e-02
2.700000000000000000e+04 7.816392000000001172e-02 2.217200568919285020e-02
2.800000000000000000e+04 8.342943999999999360e-02 1.679029020983258472e-02
2.900000000000000000e+04 8.604338000000000264e-02 1.811262062291374084e-02
3.000000000000000000e+04 6.842348000000000874e-02 2.059784979063591925e-02
3.100000000000000000e+04 6.381348000000000575e-02 1.872327176594945283e-02
3.200000000000000000e+04 6.855128000000000610e-02 2.403519582915021949e-02
3.300000000000000000e+04 7.314314000000000926e-02 2.268737925081696152e-02
3.400000000000000000e+04 6.248158000000000184e-02 1.172239231460882325e-02
3.500000000000000000e+04 7.704629999999998424e-02 2.856489912770567019e-02
3.600000000000000000e+04 8.223089999999999566e-02 3.243465442307039148e-02
3.700000000000000000e+04 7.897627999999999593e-02 2.796207502882430695e-02
3.800000000000000000e+04 7.296023999999999565e-02 2.818660426405423039e-02
3.900000000000000000e+04 8.461446000000000245e-02 2.088652801588622085e-02
4.000000000000000000e+04 7.964148000000000061e-02 2.428640250876197906e-02
4.100000000000000000e+04 7.053849999999999010e-02 2.589581152008949699e-02
4.200000000000000000e+04 8.336102000000000789e-02 1.387184228938607988e-02
4.300000000000000000e+04 8.348034000000000010e-02 1.705362434365199908e-02
4.400000000000000000e+04 8.763698000000000321e-02 2.607383017566847899e-02
4.500000000000000000e+04 8.131994000000000722e-02 2.593937305754323921e-02
4.600000000000000000e+04 7.353734000000000659e-02 2.667840007651132994e-02
4.700000000000000000e+04 1.021273800000000176e-01 1.611632062766188422e-02
4.800000000000000000e+04 8.541157999999998696e-02 1.824356761704245058e-02
4.900000000000000000e+04 8.955358000000000762e-02 1.976986469608732477e-02
5.000000000000000000e+04 7.931307999999999414e-02 2.032946273548811786e-02
5.100000000000000000e+04 8.817260000000000375e-02 1.075302823059625518e-02
5.200000000000000000e+04 7.670674000000000936e-02 1.069516127575456318e-02
5.300000000000000000e+04 8.523061999999999305e-02 1.496612122460592824e-02
5.400000000000000000e+04 7.039766000000000079e-02 1.504854799568383465e-02
5.500000000000000000e+04 8.834652000000001171e-02 2.215395043150543766e-02
5.600000000000000000e+04 9.581955999999999807e-02 1.394151162487052703e-02
5.700000000000000000e+04 8.482792000000001498e-02 1.397085381347897871e-02
5.800000000000000000e+04 7.322874000000000050e-02 1.526729006491983967e-02
5.900000000000000000e+04 8.860039999999999583e-02 1.588668193223493480e-02
6.000000000000000000e+04 8.122411999999999688e-02 2.017641168219959022e-02
6.100000000000000000e+04 8.314069999999999794e-02 2.218421581512404830e-02
6.200000000000000000e+04 8.750468000000000135e-02 1.107707179491042131e-02
6.300000000000000000e+04 7.682831999999999162e-02 1.593618392607213524e-02
6.400000000000000000e+04 8.145509999999998862e-02 1.365292600858878172e-02
6.500000000000000000e+04 7.761872000000000216e-02 2.307515580769932406e-02
6.600000000000000000e+04 7.568597999999999992e-02 2.313631694729306396e-02
6.700000000000000000e+04 6.843722000000000694e-02 2.098276041148066165e-02
6.800000000000000000e+04 7.094549999999999468e-02 1.182058952421578650e-02
6.900000000000000000e+04 7.937923999999998981e-02 7.361242867777149229e-03
7.000000000000000000e+04 9.351311999999999125e-02 1.097908868775546339e-02
7.100000000000000000e+04 1.005965000000000054e-01 1.843576253513806024e-02
7.200000000000000000e+04 7.681256000000000195e-02 2.402436826570887932e-02
7.300000000000000000e+04 6.824948000000000126e-02 1.623321706149461960e-02
7.400000000000000000e+04 8.078624000000000915e-02 1.940853885470000817e-02
7.500000000000000000e+04 9.831552000000000346e-02 1.935832106670410183e-02
7.600000000000000000e+04 8.104036000000000572e-02 2.179414556054904903e-02
7.700000000000000000e+04 8.643544000000000227e-02 2.473510926505885152e-02
7.800000000000000000e+04 9.455605999999999733e-02 2.275711887235289110e-02
7.900000000000000000e+04 7.402390000000000359e-02 2.001651081132773194e-02
8.000000000000000000e+04 9.504806000000000366e-02 1.308187318553425196e-02
8.100000000000000000e+04 9.155215999999999354e-02 9.240503708261797039e-03
8.200000000000000000e+04 7.987400000000000055e-02 2.092805914288279473e-02
8.300000000000000000e+04 9.474400000000000877e-02 1.568913154664719131e-02
8.400000000000000000e+04 8.726636000000000115e-02 1.497432616495313236e-02
8.500000000000000000e+04 8.156008000000000702e-02 1.564288471470655362e-02
8.600000000000000000e+04 9.796702000000000188e-02 1.826942946853021138e-02
8.700000000000000000e+04 8.477302000000000448e-02 1.793768110290736711e-02
8.800000000000000000e+04 7.014476000000000044e-02 7.673267576880137518e-03
8.900000000000000000e+04 6.816732000000000347e-02 1.898952574156605871e-02
9.000000000000000000e+04 7.787151999999999963e-02 1.034243607887426301e-02
9.100000000000000000e+04 9.052800000000001124e-02 1.367749123194747334e-02
9.200000000000000000e+04 9.066480000000000372e-02 2.432164937219513309e-02
9.300000000000000000e+04 8.706563999999999970e-02 2.077209960592332413e-02
9.400000000000000000e+04 9.321690000000000531e-02 1.879022566453101076e-02
9.500000000000000000e+04 1.077594200000000085e-01 2.304311682402360867e-02
9.600000000000000000e+04 8.443456000000000572e-02 1.874935398701512920e-02
9.700000000000000000e+04 7.511395999999999351e-02 1.226628926653859988e-02
9.800000000000000000e+04 9.753414000000000528e-02 1.956687147804676841e-02
9.900000000000000000e+04 8.112322000000000977e-02 1.849531972152955103e-02
1.000000000000000000e+05 7.234591999999999412e-02 1.716822588823900542e-02
1.010000000000000000e+05 8.849419999999999509e-02 2.897961912365309631e-02
1.020000000000000000e+05 8.043627999999999889e-02 2.776985530444118014e-02
1.030000000000000000e+05 7.891862000000000876e-02 2.724975744885814802e-02
1.040000000000000000e+05 9.508853999999999917e-02 2.405850699745102836e-02
1.050000000000000000e+05 9.755047999999999497e-02 1.986388081925584068e-02
1.060000000000000000e+05 8.458483999999999448e-02 2.541880100402849757e-02
1.070000000000000000e+05 9.626741999999999244e-02 3.576249652669119539e-02
1.080000000000000000e+05 1.024055400000000171e-01 2.617265783351779493e-02
1.090000000000000000e+05 8.956448000000000187e-02 2.732914646544234646e-02
1.100000000000000000e+05 9.478257999999999128e-02 2.121977652412013540e-02
1.110000000000000000e+05 8.022666000000000519e-02 1.860476267525065786e-02
1.120000000000000000e+05 8.613575999999999178e-02 2.408672656652207159e-02
1.130000000000000000e+05 8.267663999999999569e-02 1.613862151543309434e-02
1.140000000000000000e+05 8.450678000000000356e-02 1.577948736789633669e-02
1.150000000000000000e+05 7.481178000000000827e-02 1.766800615524004303e-02
1.160000000000000000e+05 9.349482000000000625e-02 1.274949535289926668e-02
1.170000000000000000e+05 8.922240000000000726e-02 1.761064989749100418e-02
1.180000000000000000e+05 8.428439999999999543e-02 1.490483300020500196e-02
1.190000000000000000e+05 9.927371999999999586e-02 2.809376671693562463e-02
1.200000000000000000e+05 8.955219999999999847e-02 1.224249649785533016e-02
1.210000000000000000e+05 9.722527999999999726e-02 1.547516385016972987e-02
1.220000000000000000e+05 9.803287999999998892e-02 1.750203154955446566e-02
1.230000000000000000e+05 1.044023200000000068e-01 1.511187617927039518e-02
1.240000000000000000e+05 1.009544399999999786e-01 1.804924727600572612e-02
1.250000000000000000e+05 9.638383999999999840e-02 9.671780106805570945e-03
1.260000000000000000e+05 8.674124000000001111e-02 1.718887062835717378e-02
1.270000000000000000e+05 9.612945999999999991e-02 2.541880093486709180e-02
1.280000000000000000e+05 9.260725999999999680e-02 2.348870002521211836e-02
1.290000000000000000e+05 1.089296199999999909e-01 2.023239962687569532e-02
1.300000000000000000e+05 9.264453999999999745e-02 1.312873320051862434e-02
1.310000000000000000e+05 9.673458000000000057e-02 1.477597396362080595e-02
1.320000000000000000e+05 1.058390200000000059e-01 1.913886748273261468e-02
1.330000000000000000e+05 1.024255199999999782e-01 1.328674298590891943e-02
1.340000000000000000e+05 1.056612799999999963e-01 1.194470886633910642e-02
1.350000000000000000e+05 1.064859999999999973e-01 1.468819192548899248e-02
1.360000000000000000e+05 1.064100000000000046e-01 8.169195396120721916e-03
1.370000000000000000e+05 9.604862000000000122e-02 1.280326797632542167e-02
1.380000000000000000e+05 1.020549799999999896e-01 2.365004216075735147e-02
1.390000000000000000e+05 9.952719999999999623e-02 1.807896528986103341e-02
1.400000000000000000e+05 1.115531000000000023e-01 5.007525210720360949e-03
1.410000000000000000e+05 1.000353599999999898e-01 1.721318766952827095e-02
1.420000000000000000e+05 1.188461400000000029e-01 1.719131336478978839e-02
1.430000000000000000e+05 1.183826799999999901e-01 2.027062092826956152e-02
1.440000000000000000e+05 1.026777400000000035e-01 3.363759921050252233e-02
1.450000000000000000e+05 8.840602000000000182e-02 1.045021849157231654e-02
1.460000000000000000e+05 1.082656199999999930e-01 9.071815616600682405e-03
1.470000000000000000e+05 1.079473600000000061e-01 1.245676729919925965e-02
1.480000000000000000e+05 1.006571000000000132e-01 1.152247587127002912e-02
1.490000000000000000e+05 1.131585199999999986e-01 2.782357508340004698e-02
1.500000000000000000e+05 1.056988999999999984e-01 2.143324814581308579e-02
1.510000000000000000e+05 1.054011399999999765e-01 1.280453956526356012e-02
1.520000000000000000e+05 9.325328000000000783e-02 1.652548322445065651e-02
1.530000000000000000e+05 8.718523999999999718e-02 1.950859685098853963e-02
1.540000000000000000e+05 1.022648800000000024e-01 1.832196884337488479e-02
1.550000000000000000e+05 9.853974000000000066e-02 2.593791119620853999e-02
1.560000000000000000e+05 1.025311799999999857e-01 1.162944756510815580e-02
1.570000000000000000e+05 1.051930200000000121e-01 1.735496830356079642e-02
1.580000000000000000e+05 9.485824000000001033e-02 2.684919486141809988e-02
1.590000000000000000e+05 9.889997999999999845e-02 2.963415406461942375e-02
1.600000000000000000e+05 1.097099400000000058e-01 2.136129065141897931e-02
1.610000000000000000e+05 1.122019000000000072e-01 4.144380719349997216e-02
1.620000000000000000e+05 9.004418000000000144e-02 1.678866696738011074e-02
1.630000000000000000e+05 9.494161999999999046e-02 2.191395168785402123e-02
1.640000000000000000e+05 1.039738600000000152e-01 2.163126166848341678e-02
1.650000000000000000e+05 9.692246000000000195e-02 7.359193038533501895e-03
1.660000000000000000e+05 1.057852999999999988e-01 2.249129940265790634e-02
1.670000000000000000e+05 1.155341999999999897e-01 2.404466537592070755e-02
1.680000000000000000e+05 1.134220999999999979e-01 2.137895979630440382e-02
1.690000000000000000e+05 1.125636599999999959e-01 1.047232970672715147e-02
1.700000000000000000e+05 1.110713400000000045e-01 1.821866762226042116e-02
1.710000000000000000e+05 1.032633399999999951e-01 3.306597441604284399e-02
1.720000000000000000e+05 1.064197800000000055e-01 2.895038895637845611e-02
1.730000000000000000e+05 1.042977800000000066e-01 2.251477944208204324e-02
1.740000000000000000e+05 1.126419400000000098e-01 2.390933904955133346e-02
1.750000000000000000e+05 9.889316000000000773e-02 1.599919398414807736e-02
1.760000000000000000e+05 1.017699600000000065e-01 1.435651645861209767e-02
1.770000000000000000e+05 9.474755999999999456e-02 1.931681283541360900e-02
1.780000000000000000e+05 1.150327599999999978e-01 1.432902215625336990e-02
1.790000000000000000e+05 1.024800400000000222e-01 2.190029183573588556e-02
1.800000000000000000e+05 9.432158000000000209e-02 7.310883950494635047e-03
1.810000000000000000e+05 1.023274199999999884e-01 1.373713108598735057e-02
1.820000000000000000e+05 1.010561000000000098e-01 1.523596230764568717e-02
1.830000000000000000e+05 1.091375799999999979e-01 1.960938815194395585e-02
1.840000000000000000e+05 1.169791599999999987e-01 2.443059827696407102e-02
1.850000000000000000e+05 1.161294400000000004e-01 6.620454249853254848e-03
1.860000000000000000e+05 9.971700000000001396e-02 1.166557065470866933e-02
1.870000000000000000e+05 8.931774000000000657e-02 1.572283401408282669e-02
1.880000000000000000e+05 1.011358400000000046e-01 2.108024013227553436e-02
1.890000000000000000e+05 8.738081999999999794e-02 1.671662819750442328e-02
1.900000000000000000e+05 9.163125999999999216e-02 6.978865558985929488e-03
1.910000000000000000e+05 8.458631999999999262e-02 6.859396927252426127e-03
1.920000000000000000e+05 1.068606799999999996e-01 1.578680795745612472e-02
1.930000000000000000e+05 9.681652000000000313e-02 1.214944014568572657e-02
1.940000000000000000e+05 1.003014399999999917e-01 2.617597863527551180e-02
1.950000000000000000e+05 1.046287800000000046e-01 9.837791419907218615e-03
1.960000000000000000e+05 9.397552000000000683e-02 1.845691147471862498e-02
1.970000000000000000e+05 1.139912999999999899e-01 2.391199877626292575e-02
1.980000000000000000e+05 7.733588000000000962e-02 1.725601342041666389e-02
1.990000000000000000e+05 8.685290000000001065e-02 1.870163258531190240e-02
2.000000000000000000e+05 1.037394199999999989e-01 3.051875175687236361e-02
2.010000000000000000e+05 9.703577999999998815e-02 2.449095486234867045e-02
2.020000000000000000e+05 8.376577999999999802e-02 2.561032151984039482e-02
2.030000000000000000e+05 9.579325999999999119e-02 2.417953249941776420e-02
2.040000000000000000e+05 8.512087999999998211e-02 2.738436563452949224e-02
2.050000000000000000e+05 9.979582000000000730e-02 3.166530871375802803e-02
2.060000000000000000e+05 8.188503999999999228e-02 1.886102177312777226e-02
2.070000000000000000e+05 8.502775999999999390e-02 1.744806288636076980e-02
2.080000000000000000e+05 9.664029999999999843e-02 1.944848864719312884e-02
2.090000000000000000e+05 9.349730000000000540e-02 1.844611116902421938e-02
2.100000000000000000e+05 9.210063999999999751e-02 3.478110212035265270e-02
2.110000000000000000e+05 1.011547000000000002e-01 3.533880891909063626e-02
2.120000000000000000e+05 9.620964000000001293e-02 2.355868905364643176e-02
2.130000000000000000e+05 1.020044200000000123e-01 2.704329660669349891e-02
2.140000000000000000e+05 9.859966000000000563e-02 2.135369815105570696e-02
2.150000000000000000e+05 1.017832600000000004e-01 1.104836155465596659e-02
2.160000000000000000e+05 9.078295999999999588e-02 1.797490020952550657e-02
2.170000000000000000e+05 9.085178000000000698e-02 2.105268948760704098e-02
2.180000000000000000e+05 9.531498000000000748e-02 2.588972304567200081e-02
2.190000000000000000e+05 1.067883000000000165e-01 2.183690308189327467e-02
2.200000000000000000e+05 7.897509999999999253e-02 2.109363651530954051e-02
2.210000000000000000e+05 9.463314000000000448e-02 2.776520342634643951e-02
2.220000000000000000e+05 9.307432000000000205e-02 2.761725434494892092e-02
2.230000000000000000e+05 8.888807999999999432e-02 3.573532661837023477e-02
2.240000000000000000e+05 8.516896000000000189e-02 2.657860883956118109e-02
2.250000000000000000e+05 8.161221999999998533e-02 1.797889880825852965e-02
2.260000000000000000e+05 8.371190000000000575e-02 2.895313964398334508e-02
2.270000000000000000e+05 7.954658000000000562e-02 1.940335177492795785e-02
2.280000000000000000e+05 1.152295000000000125e-01 2.508546470903020784e-02
2.290000000000000000e+05 8.404365999999999226e-02 2.322418538632517460e-02
2.300000000000000000e+05 8.938363999999998644e-02 2.392262122649606304e-02
2.310000000000000000e+05 9.142427999999999666e-02 3.258774573740257779e-02
2.320000000000000000e+05 9.320868000000000209e-02 3.442563162955183942e-02
2.330000000000000000e+05 8.523060000000000358e-02 1.706800991539435958e-02
2.340000000000000000e+05 9.218406000000001210e-02 2.586761134040791235e-02
2.350000000000000000e+05 9.567064000000000124e-02 1.719838571326972113e-02
2.360000000000000000e+05 8.369077999999999240e-02 3.280438164107959964e-02
2.370000000000000000e+05 9.417265999999999138e-02 2.313781716883422587e-02
2.380000000000000000e+05 1.014044799999999913e-01 3.228369457645144380e-02
2.390000000000000000e+05 9.516015999999999364e-02 1.890084493556835887e-02
2.400000000000000000e+05 1.048029199999999939e-01 2.974819438906502883e-02
2.410000000000000000e+05 9.164019999999999111e-02 1.693772897705001987e-02
2.420000000000000000e+05 8.833915999999999991e-02 1.690150648641711856e-02
2.430000000000000000e+05 1.073277200000000153e-01 3.383003688797279335e-02
2.440000000000000000e+05 1.015482999999999941e-01 1.876279791481004142e-02
2.450000000000000000e+05 9.858910000000001284e-02 2.822562792662016221e-02
2.460000000000000000e+05 9.155586000000000280e-02 2.597797693598175375e-02
2.470000000000000000e+05 8.447159999999999391e-02 2.401294285763408767e-02
2.480000000000000000e+05 7.830581999999999820e-02 2.626211039938717434e-02
2.490000000000000000e+05 9.611534000000002131e-02 2.406078925909123020e-02
2.500000000000000000e+05 9.770175999999999861e-02 4.364346449770457881e-02
2.510000000000000000e+05 7.894525999999998933e-02 2.026748547773995698e-02
2.520000000000000000e+05 9.540785999999999711e-02 1.996087377331964147e-02
2.530000000000000000e+05 9.407530000000000059e-02 2.270277746215207046e-02
2.540000000000000000e+05 7.840154000000000567e-02 1.585918104601873740e-02
2.550000000000000000e+05 8.452872000000001551e-02 2.386595303870348017e-02
2.560000000000000000e+05 7.490673999999999944e-02 6.411044074283067835e-03
2.570000000000000000e+05 9.301842000000000443e-02 1.587057054316573512e-02
2.580000000000000000e+05 7.495414000000000243e-02 9.400292453663342332e-03
2.590000000000000000e+05 9.757272000000000167e-02 2.639834598594389264e-02
2.600000000000000000e+05 1.031335599999999991e-01 2.541863953917282079e-02
2.610000000000000000e+05 9.673563999999999774e-02 2.803097302275467384e-02
2.620000000000000000e+05 9.442052000000000778e-02 2.712953564905967729e-02
2.630000000000000000e+05 8.210193999999999825e-02 2.141531041760543971e-02
2.640000000000000000e+05 6.668381999999999088e-02 2.793953725446432501e-02
2.650000000000000000e+05 7.906044000000000960e-02 1.293393558892265080e-02
2.660000000000000000e+05 7.948479999999999435e-02 2.542634462308729706e-02
2.670000000000000000e+05 7.892639999999999378e-02 7.965489860893676735e-03
2.680000000000000000e+05 9.374990000000001100e-02 3.383264047927680984e-02
2.690000000000000000e+05 9.671048000000001532e-02 3.270497686997500542e-02
2.700000000000000000e+05 1.051102800000000004e-01 2.904889971048129141e-02
2.710000000000000000e+05 9.193014000000000741e-02 4.022464096857050059e-02
2.720000000000000000e+05 1.058879600000000032e-01 2.542391628987162797e-02
2.730000000000000000e+05 9.037847999999999715e-02 2.862108186148105277e-02
2.740000000000000000e+05 7.522131999999999430e-02 1.189589184574237589e-02
2.750000000000000000e+05 1.136139599999999861e-01 3.922524183678667564e-02
2.760000000000000000e+05 9.471451999999999649e-02 1.916028040623622697e-02
2.770000000000000000e+05 9.135192000000000312e-02 2.617682239076393400e-02
2.780000000000000000e+05 9.528190000000000270e-02 2.981690798181461585e-02
2.790000000000000000e+05 9.013306000000001483e-02 3.651509915553290825e-02
2.800000000000000000e+05 9.904315999999999121e-02 3.226045070742812604e-02
2.810000000000000000e+05 8.029796000000000156e-02 3.049134503360584683e-02
2.820000000000000000e+05 8.406327999999999023e-02 2.492877572295919969e-02
2.830000000000000000e+05 9.121939999999999216e-02 3.168693064637217310e-02
2.840000000000000000e+05 7.822548000000000001e-02 2.827202418047919039e-02
2.850000000000000000e+05 8.531089999999999507e-02 1.559702674550505173e-02
2.860000000000000000e+05 8.308486000000001037e-02 2.526260656880837882e-02
2.870000000000000000e+05 8.346280000000000365e-02 2.397133484209838794e-02
2.880000000000000000e+05 8.283224000000000142e-02 2.279582997818679901e-02
2.890000000000000000e+05 9.484422000000000685e-02 1.787858706088375771e-02
2.900000000000000000e+05 7.494895999999999503e-02 2.326578195261014628e-02
2.910000000000000000e+05 8.036398000000000152e-02 1.609689966340102640e-02
2.920000000000000000e+05 7.240693999999998909e-02 1.380980260041395416e-02
2.930000000000000000e+05 9.555906000000000122e-02 2.889780968174577441e-02
2.940000000000000000e+05 8.408956000000000763e-02 3.105972633843382888e-02
2.950000000000000000e+05 8.103211999999999915e-02 1.119444045736990231e-02
2.960000000000000000e+05 8.606872000000000134e-02 1.486753911007467240e-02
2.970000000000000000e+05 8.028238000000000041e-02 1.768793416387566889e-02
2.980000000000000000e+05 8.243310000000000914e-02 1.537763010492839214e-02
2.990000000000000000e+05 7.782488000000001294e-02 1.797243279552325837e-02
3.000000000000000000e+05 7.735596000000000139e-02 1.246652545990261166e-02
