# Time RMSD_average RMSD_std
0.000000000000000000e+00 3.889999999999999686e-05 0.000000000000000000e+00
1.000000000000000000e+03 1.036898599999999948e-01 1.918015432843020798e-02
2.000000000000000000e+03 1.310754999999999837e-01 5.264690767841925800e-02
3.000000000000000000e+03 1.260158400000000178e-01 4.068426396377843035e-02
4.000000000000000000e+03 1.675453599999999765e-01 2.304835142378733673e-02
5.000000000000000000e+03 1.602535800000000066e-01 3.021062660173734135e-02
6.000000000000000000e+03 1.796007800000000154e-01 3.934305993134748491e-02
7.000000000000000000e+03 1.654290999999999956e-01 6.413102916850781099e-02
8.000000000000000000e+03 1.667934400000000150e-01 3.636739018948706437e-02
9.000000000000000000e+03 1.634828399999999904e-01 5.181211450981710459e-02
1.000000000000000000e+04 1.542497199999999791e-01 5.246321771627813352e-02
1.100000000000000000e+04 1.082809399999999922e-01 4.621456760761047389e-02
1.200000000000000000e+04 1.241849399999999937e-01 4.616296696372969993e-02
1.300000000000000000e+04 1.550687399999999827e-01 2.230043777207972241e-02
1.400000000000000000e+04 1.268540599999999907e-01 2.241190040042120163e-02
1.500000000000000000e+04 1.202590600000000010e-01 2.690748669992053255e-02
1.600000000000000000e+04 1.581433399999999934e-01 1.651830924103311199e-02
1.700000000000000000e+04 1.615653599999999912e-01 4.508637398512325978e-02
1.800000000000000000e+04 1.498465600000000175e-01 7.883840488707519190e-02
1.900000000000000000e+04 1.620967199999999997e-01 1.330610569466513654e-02
2.000000000000000000e+04 1.449558200000000130e-01 4.982968884463959136e-02
2.100000000000000000e+04 1.386960000000000137e-01 3.949074503480530518e-02
2.200000000000000000e+04 1.216597199999999990e-01 3.622373128419544702e-02
2.300000000000000000e+04 1.548930799999999885e-01 4.149734537540443469e-02
2.400000000000000000e+04 1.144314199999999920e-01 3.251384286905501658e-02
2.500000000000000000e+04 1.254193399999999903e-01 6.130421175415601276e-02
2.600000000000000000e+04 1.386598800000000131e-01 5.913397161244625388e-02
2.700000000000000000e+04 1.474112399999999989e-01 5.745616878698404234e-02
2.800000000000000000e+04 1.439655999999999991e-01 4.676151266625150349e-02
2.900000000000000000e+04 1.702615399999999890e-01 4.881129005197874793e-02
3.000000000000000000e+04 1.154383200000000109e-01 2.650048150780660861e-02
3.100000000000000000e+04 1.354231600000000146e-01 7.087216007772303983e-02
3.200000000000000000e+04 1.778659400000000002e-01 6.506520338677503068e-02
3.300000000000000000e+04 1.633657199999999921e-01 5.661263483383899286e-02
3.400000000000000000e+04 1.425272200000000100e-01 4.205411503581545779e-02
3.500000000000000000e+04 1.632327799999999940e-01 2.709003984813606811e-02
3.600000000000000000e+04 1.581304000000000043e-01 4.736732658958071190e-02
3.700000000000000000e+04 1.827652000000000165e-01 2.236049334384194662e-02
3.800000000000000000e+04 1.639876400000000456e-01 1.734774715801449402e-02
3.900000000000000000e+04 1.830693599999999865e-01 2.121414405622814442e-02
4.000000000000000000e+04 1.803901199999999871e-01 2.009607441680091172e-02
4.100000000000000000e+04 1.974186800000000130e-01 1.988410136278730492e-02
4.200000000000000000e+04 1.722043199999999941e-01 4.831245543627025324e-02
4.300000000000000000e+04 1.477388799999999891e-01 3.662600732438085066e-02
4.400000000000000000e+04 2.031786999999999899e-01 5.739787857438635038e-02
4.500000000000000000e+04 1.860139999999999849e-01 4.942888861764949820e-02
4.600000000000000000e+04 1.871142599999999767e-01 4.401618147702501121e-02
4.700000000000000000e+04 1.648145599999999988e-01 2.738816091194149621e-02
4.800000000000000000e+04 1.576837999999999851e-01 3.117156935151004296e-02
4.900000000000000000e+04 1.718915200000000199e-01 6.915315290823405292e-02
5.000000000000000000e+04 1.426991599999999916e-01 2.623905178146497194e-02
5.100000000000000000e+04 1.582846800000000109e-01 2.305308219873428849e-02
5.200000000000000000e+04 1.513506800000000152e-01 1.226156623313677703e-02
5.300000000000000000e+04 1.570147000000000070e-01 5.076033244008553574e-02
5.400000000000000000e+04 1.389265000000000083e-01 2.379507654730280211e-02
5.500000000000000000e+04 1.741374200000000150e-01 3.881572942343863852e-02
5.600000000000000000e+04 1.599121199999999909e-01 3.136480992567307335e-02
5.700000000000000000e+04 1.526341400000000292e-01 2.929746263379134560e-02
5.800000000000000000e+04 1.633512800000000154e-01 2.163048938192568826e-02
5.900000000000000000e+04 1.903726199999999924e-01 1.877145052758576876e-02
6.000000000000000000e+04 1.756019600000000014e-01 4.642315770882458198e-02
6.100000000000000000e+04 2.006941999999999893e-01 3.038727382309904836e-03
6.200000000000000000e+04 1.643616200000000138e-01 1.871360227218693204e-02
6.300000000000000000e+04 1.605548400000000042e-01 3.406029507145232754e-02
6.400000000000000000e+04 1.493472799999999989e-01 2.396397700661557703e-02
6.500000000000000000e+04 1.444010800000000150e-01 4.559031150928451875e-02
6.600000000000000000e+04 1.195796800000000076e-01 6.503897912736331111e-02
6.700000000000000000e+04 1.467868200000000123e-01 5.652177863738544472e-02
6.800000000000000000e+04 1.210196199999999944e-01 8.295248521314836643e-02
6.900000000000000000e+04 1.507834600000000080e-01 6.827347170500705498e-02
7.000000000000000000e+04 1.318829599999999935e-01 4.235597960839059678e-02
7.100000000000000000e+04 1.726883800000000024e-01 5.380807568669967317e-02
7.200000000000000000e+04 1.540886400000000267e-01 5.233037150063431231e-02
7.300000000000000000e+04 1.505499600000000104e-01 4.191231362531063626e-02
7.400000000000000000e+04 1.124558999999999837e-01 3.169431894564071761e-02
7.500000000000000000e+04 1.658189800000000047e-01 7.186514952290573577e-02
7.600000000000000000e+04 1.374074000000000129e-01 4.068794366074549723e-02
7.700000000000000000e+04 1.316385200000000089e-01 4.885205568306823926e-02
7.800000000000000000e+04 1.226665399999999906e-01 3.788479953250907528e-02
7.900000000000000000e+04 1.424099000000000059e-01 3.403248065116618037e-02
8.000000000000000000e+04 1.231931000000000137e-01 3.475485226468384703e-02
8.100000000000000000e+04 1.469860799999999634e-01 4.578240250613329482e-02
8.200000000000000000e+04 1.433994599999999786e-01 2.046019043788205316e-02
8.300000000000000000e+04 1.539967999999999893e-01 3.674963372470534118e-02
8.400000000000000000e+04 1.549218400000000051e-01 1.444935448697968333e-02
8.500000000000000000e+04 1.749807600000000130e-01 2.906917029256941148e-02
8.600000000000000000e+04 1.461435199999999990e-01 3.143803222476877074e-02
8.700000000000000000e+04 1.494233400000000156e-01 3.646376639435921357e-02
8.800000000000000000e+04 1.665979799999999789e-01 6.211329106622510282e-02
8.900000000000000000e+04 1.618439200000000022e-01 3.514205248680844773e-02
9.000000000000000000e+04 1.708475199999999750e-01 5.211969678884940255e-02
9.100000000000000000e+04 1.399611799999999906e-01 3.586655058716408523e-02
9.200000000000000000e+04 1.726460800000000073e-01 3.698727296243398133e-02
9.300000000000000000e+04 1.407203800000000060e-01 4.111681369339798692e-02
9.400000000000000000e+04 1.314335399999999876e-01 4.241558131156993039e-02
9.500000000000000000e+04 1.389209399999999928e-01 5.555060566779088105e-02
9.600000000000000000e+04 1.350632999999999972e-01 4.340432812930065248e-02
9.700000000000000000e+04 1.799594999999999945e-01 2.744862480839431462e-02
9.800000000000000000e+04 1.434333600000000097e-01 3.728212089769571830e-02
9.900000000000000000e+04 1.240670399999999896e-01 3.240345634574188366e-02
1.000000000000000000e+05 1.196321800000000046e-01 5.378337028247300727e-02
1.010000000000000000e+05 1.445227199999999934e-01 4.803469111812420228e-02
1.020000000000000000e+05 1.518415800000000038e-01 3.535829291961929688e-02
1.030000000000000000e+05 1.586413799999999985e-01 2.789461067599976335e-02
1.040000000000000000e+05 1.729795000000000083e-01 4.009359791183624705e-02
1.050000000000000000e+05 1.427018999999999926e-01 2.830341621946015282e-02
1.060000000000000000e+05 1.735599999999999921e-01 3.934126154342282300e-02
1.070000000000000000e+05 1.517696400000000112e-01 1.735092653728901452e-02
1.080000000000000000e+05 1.769976199999999944e-01 3.257406280821598804e-02
1.090000000000000000e+05 1.466242400000000168e-01 1.481161718673554804e-02
1.100000000000000000e+05 1.583079800000000148e-01 1.767391865460515507e-02
1.110000000000000000e+05 1.631034800000000229e-01 2.569220977770499126e-02
1.120000000000000000e+05 1.689700199999999986e-01 4.075706823575022536e-02
1.130000000000000000e+05 1.585763199999999928e-01 2.893966576637677784e-02
1.140000000000000000e+05 1.699913999999999870e-01 9.807825597348265520e-03
1.150000000000000000e+05 1.764155999999999780e-01 3.304167847074358094e-02
1.160000000000000000e+05 1.708172600000000263e-01 2.074809289612903479e-02
1.170000000000000000e+05 1.560418600000000044e-01 3.568189098949773458e-02
1.180000000000000000e+05 1.769084200000000107e-01 4.239763499698538662e-02
1.190000000000000000e+05 1.844498600000000210e-01 3.999116272016105950e-02
1.200000000000000000e+05 1.574771999999999839e-01 1.706611908993957427e-02
1.210000000000000000e+05 1.438783800000000002e-01 3.895372845325078409e-02
1.220000000000000000e+05 1.493118800000000079e-01 2.828489706096877151e-02
1.230000000000000000e+05 1.956250599999999895e-01 4.057908547262246979e-02
1.240000000000000000e+05 1.609510800000000241e-01 3.593985859334452443e-02
1.250000000000000000e+05 1.792801400000000045e-01 3.308705948388886847e-02
1.260000000000000000e+05 2.084981200000000090e-01 4.241153166818666803e-02
1.270000000000000000e+05 1.644145199999999807e-01 3.172823773740986869e-02
1.280000000000000000e+05 1.796683400000000375e-01 3.068331263867054778e-02
1.290000000000000000e+05 1.570442400000000016e-01 1.740018651033372818e-02
1.300000000000000000e+05 1.335961800000000088e-01 2.437317938664547434e-02
1.310000000000000000e+05 1.803394399999999620e-01 5.045894113611976151e-02
1.320000000000000000e+05 1.493894600000000017e-01 4.544803893941299494e-02
1.330000000000000000e+05 1.706646199999999891e-01 2.327344031202950581e-02
1.340000000000000000e+05 1.430219399999999863e-01 3.452383139592707373e-02
1.350000000000000000e+05 1.246543200000000129e-01 4.737467204506645019e-02
1.360000000000000000e+05 1.701924800000000071e-01 3.351636165883164348e-02
1.370000000000000000e+05 1.514716399999999907e-01 2.071165025212622079e-02
1.380000000000000000e+05 1.502700400000000214e-01 2.022135021927072215e-02
1.390000000000000000e+05 1.429940799999999956e-01 2.150531293038071209e-02
1.400000000000000000e+05 1.661621400000000137e-01 2.605688373667120611e-02
1.410000000000000000e+05 1.467776199999999975e-01 4.607327790393907219e-02
1.420000000000000000e+05 1.472801800000000105e-01 2.623288698831297699e-02
1.430000000000000000e+05 1.783107800000000021e-01 4.541512908784472308e-02
1.440000000000000000e+05 1.555429600000000079e-01 3.025950956698406774e-02
1.450000000000000000e+05 1.503120800000000146e-01 3.617292485279010456e-02
1.460000000000000000e+05 1.692729400000000106e-01 2.905768567533208863e-02
1.470000000000000000e+05 1.870868599999999937e-01 3.422230532916215040e-02
1.480000000000000000e+05 1.383902800000000044e-01 1.447300276948774653e-02
1.490000000000000000e+05 1.304146199999999811e-01 1.896356063859316182e-02
1.500000000000000000e+05 1.396493199999999935e-01 2.375751278668707459e-02
1.510000000000000000e+05 1.529099800000000009e-01 4.160232650332911647e-02
1.520000000000000000e+05 1.359845399999999871e-01 2.928831183865673177e-02
1.530000000000000000e+05 1.163355199999999978e-01 3.962914401484846083e-02
1.540000000000000000e+05 1.494293999999999900e-01 2.177523100800540096e-02
1.550000000000000000e+05 1.264166800000000035e-01 4.345591056951401271e-02
1.560000000000000000e+05 1.366477399999999620e-01 4.598053748775018240e-02
1.570000000000000000e+05 1.142471600000000143e-01 2.650082846468011788e-02
1.580000000000000000e+05 1.366192599999999924e-01 3.838664004153528181e-02
1.590000000000000000e+05 1.468718800000000102e-01 4.650605940719552966e-02
1.600000000000000000e+05 1.160555600000000159e-01 3.998603215767225494e-02
1.610000000000000000e+05 1.637276399999999799e-01 2.399805242194457885e-02
1.620000000000000000e+05 1.626484599999999947e-01 3.265983318356663334e-02
1.630000000000000000e+05 1.785683400000000198e-01 2.993477142231755483e-02
1.640000000000000000e+05 1.661377799999999849e-01 4.170234909399708756e-02
1.650000000000000000e+05 1.604530799999999979e-01 3.705957855267110607e-02
1.660000000000000000e+05 1.556970000000000298e-01 1.085264796240990696e-02
1.670000000000000000e+05 1.555350199999999961e-01 1.814500696890470124e-02
1.680000000000000000e+05 1.576369000000000242e-01 2.255895583017972911e-02
1.690000000000000000e+05 1.454817600000000155e-01 1.830754100611002577e-02
1.700000000000000000e+05 1.280106599999999983e-01 2.294262500330770949e-02
1.710000000000000000e+05 1.658200400000000019e-01 5.626063714728442300e-02
1.720000000000000000e+05 1.543078200000000122e-01 3.823906626848516677e-02
1.730000000000000000e+05 1.578959400000000124e-01 4.539686803296456158e-02
1.740000000000000000e+05 1.409833000000000058e-01 4.691348744614921157e-02
1.750000000000000000e+05 1.482400799999999963e-01 2.750064076260042359e-02
1.760000000000000000e+05 1.533450199999999986e-01 5.033398759086746277e-02
1.770000000000000000e+05 1.606825800000000193e-01 5.224205483621026380e-02
1.780000000000000000e+05 1.773068600000000106e-01 4.829028108978451056e-02
1.790000000000000000e+05 1.505314799999999953e-01 3.785273923379389727e-02
1.800000000000000000e+05 1.556854000000000016e-01 4.233371259301503542e-02
1.810000000000000000e+05 1.749118600000000023e-01 2.958322852067367045e-02
1.820000000000000000e+05 1.661185800000000157e-01 2.749982412223031525e-02
1.830000000000000000e+05 1.661952200000000046e-01 2.582041848718955035e-02
1.840000000000000000e+05 1.785235000000000016e-01 3.487035111575448321e-02
1.850000000000000000e+05 1.669452399999999948e-01 2.597606713531515690e-02
1.860000000000000000e+05 1.488433399999999907e-01 1.861270221194118168e-02
1.870000000000000000e+05 1.526620200000000094e-01 4.849421515221789825e-02
1.880000000000000000e+05 1.352023800000000109e-01 3.058148434928559603e-02
1.890000000000000000e+05 1.750054199999999949e-01 3.123017400255080622e-02
1.900000000000000000e+05 1.728884599999999938e-01 2.419889229345838916e-02
1.910000000000000000e+05 1.601580999999999977e-01 5.308422650976465235e-02
1.920000000000000000e+05 1.673508400000000007e-01 6.410922037749638980e-02
1.930000000000000000e+05 1.185303000000000051e-01 3.049386970674597408e-02
1.940000000000000000e+05 1.455953999999999859e-01 5.554366621316961933e-02
1.950000000000000000e+05 1.389054000000000122e-01 4.239523462810413507e-02
1.960000000000000000e+05 1.374142999999999892e-01 3.825751515448957973e-02
1.970000000000000000e+05 1.280656000000000017e-01 4.808601948146675603e-02
1.980000000000000000e+05 1.358450999999999964e-01 1.741433354555953217e-02
1.990000000000000000e+05 1.309775800000000101e-01 1.450882659657905770e-02
2.000000000000000000e+05 1.606699799999999900e-01 7.212970696059702036e-02
2.010000000000000000e+05 1.838403000000000120e-01 2.944943322585342679e-02
2.020000000000000000e+05 1.478935200000000005e-01 1.498096554864204386e-02
2.030000000000000000e+05 1.343515200000000021e-01 5.173331319497717629e-02
2.040000000000000000e+05 1.383341600000000116e-01 2.732988295442188159e-02
2.050000000000000000e+05 1.000836000000000087e-01 4.699052370450876315e-02
2.060000000000000000e+05 1.165978399999999943e-01 3.341583197291966151e-02
2.070000000000000000e+05 1.173602199999999873e-01 3.830193754135161749e-02
2.080000000000000000e+05 1.529614199999999868e-01 4.277746547673903083e-02
2.090000000000000000e+05 1.444604800000000022e-01 2.448110073925599192e-02
2.100000000000000000e+05 1.271255400000000091e-01 3.761724216726154701e-02
2.110000000000000000e+05 1.391381599999999830e-01 5.480285203325097054e-02
2.120000000000000000e+05 1.224717800000000023e-01 5.457386837776483091e-02
2.130000000000000000e+05 1.263445400000000052e-01 4.442491393939215771e-02
2.140000000000000000e+05 1.549010000000000109e-01 4.088446240752102723e-02
2.150000000000000000e+05 1.530579999999999996e-01 3.677369217671785928e-02
2.160000000000000000e+05 1.342897799999999975e-01 4.701087883885601837e-02
2.170000000000000000e+05 1.399990799999999980e-01 4.987613891866130023e-02
2.180000000000000000e+05 1.445957600000000176e-01 4.498374087159048157e-02
2.190000000000000000e+05 1.244444200000000000e-01 2.650603708987068000e-02
2.200000000000000000e+05 1.362169199999999913e-01 3.705054269871900507e-02
2.210000000000000000e+05 1.559643799999999858e-01 3.655765222617010646e-02
2.220000000000000000e+05 1.306927600000000189e-01 4.288267991852188349e-02
2.230000000000000000e+05 1.256707599999999925e-01 4.170455123665042091e-02
2.240000000000000000e+05 1.540460800000000019e-01 2.804537575718321976e-02
2.250000000000000000e+05 1.109898800000000130e-01 2.524684015011779969e-02
2.260000000000000000e+05 1.070837000000000039e-01 3.436920751236489935e-02
2.270000000000000000e+05 1.617405199999999987e-01 1.986244317926674427e-02
2.280000000000000000e+05 1.600110599999999828e-01 3.301464717882655192e-02
2.290000000000000000e+05 1.605111599999999861e-01 3.775916353419921795e-02
2.300000000000000000e+05 1.531760400000000133e-01 3.241817435338393422e-02
2.310000000000000000e+05 1.591643799999999942e-01 5.006366888015299776e-02
2.320000000000000000e+05 1.507440600000000130e-01 1.920658822244076039e-02
2.330000000000000000e+05 1.367704799999999998e-01 3.072837367075582915e-02
2.340000000000000000e+05 1.501992000000000049e-01 5.001930183791053475e-02
2.350000000000000000e+05 1.587500000000000022e-01 3.901781707369083446e-02
2.360000000000000000e+05 1.217347599999999835e-01 3.296801812299914036e-02
2.370000000000000000e+05 1.113502799999999959e-01 3.272087111660689634e-02
2.380000000000000000e+05 1.545510400000000006e-01 2.952478642704126771e-02
2.390000000000000000e+05 1.542522000000000060e-01 2.978000289570167589e-02
2.400000000000000000e+05 1.461649399999999932e-01 4.438917835498197573e-02
2.410000000000000000e+05 1.851764600000000149e-01 4.331896548568997529e-02
2.420000000000000000e+05 1.744812599999999991e-01 3.052900176105337662e-02
2.430000000000000000e+05 2.018054400000000026e-01 2.085529822779813233e-02
2.440000000000000000e+05 1.468183599999999811e-01 1.753271686084047903e-02
2.450000000000000000e+05 1.604069599999999873e-01 4.207449914946582298e-02
2.460000000000000000e+05 1.612149400000000010e-01 5.879963379986646865e-02
2.470000000000000000e+05 1.645110200000000078e-01 6.576647847806357805e-02
2.480000000000000000e+05 2.039048800000000106e-01 3.452426721507061841e-02
2.490000000000000000e+05 1.818928200000000106e-01 5.545500975599589044e-02
2.500000000000000000e+05 1.609931800000000135e-01 5.335235647771895129e-02
2.510000000000000000e+05 1.995049799999999984e-01 5.073523434499537660e-02
2.520000000000000000e+05 1.435361800000000132e-01 2.217937546437229873e-02
2.530000000000000000e+05 1.794067200000000195e-01 4.709976906819819675e-02
2.540000000000000000e+05 1.629136200000000090e-01 5.738743316759863794e-02
2.550000000000000000e+05 1.922199000000000269e-01 5.219023232107709853e-02
2.560000000000000000e+05 1.746506999999999921e-01 4.408748663478107704e-02
2.570000000000000000e+05 1.935907400000000111e-01 3.946693777001707149e-02
2.580000000000000000e+05 1.847900400000000165e-01 2.255631762611973873e-02
2.590000000000000000e+05 1.383068400000000142e-01 3.189126614291756812e-02
2.600000000000000000e+05 1.549302600000000141e-01 3.283543250853260265e-02
2.610000000000000000e+05 1.630578400000000094e-01 4.422247139781312203e-02
2.620000000000000000e+05 1.811235200000000101e-01 3.579533098170206706e-02
2.630000000000000000e+05 1.646669599999999734e-01 3.373536106399929735e-02
2.640000000000000000e+05 1.509358999999999840e-01 3.297210932512507214e-02
2.650000000000000000e+05 1.387499799999999950e-01 6.657016917900690500e-02
2.660000000000000000e+05 1.483030200000000076e-01 2.541271779573370249e-02
2.670000000000000000e+05 1.351375200000000110e-01 1.801600158674504862e-02
2.680000000000000000e+05 1.546760199999999974e-01 3.851480647550497433e-02
2.690000000000000000e+05 1.459827199999999825e-01 4.385690376327996270e-02
2.700000000000000000e+05 1.819351199999999780e-01 3.010069935263298344e-02
2.710000000000000000e+05 1.341771200000000108e-01 2.040306105881173684e-02
2.720000000000000000e+05 1.478356399999999904e-01 2.713626163645980333e-02
2.730000000000000000e+05 1.176574999999999982e-01 2.901783935050988861e-02
2.740000000000000000e+05 1.373790599999999973e-01 3.621831383091156376e-02
2.750000000000000000e+05 1.502043399999999918e-01 3.779320931392834287e-02
2.760000000000000000e+05 1.645109800000000011e-01 5.375268492878844395e-02
2.770000000000000000e+05 1.631878200000000112e-01 5.023394340042994927e-02
2.780000000000000000e+05 1.464455799999999919e-01 2.506650626428821166e-02
2.790000000000000000e+05 1.424093200000000059e-01 3.408959347351622760e-02
2.800000000000000000e+05 1.812296200000000079e-01 3.011128281388224248e-02
2.810000000000000000e+05 1.544335600000000253e-01 4.739500836466220557e-02
2.820000000000000000e+05 1.476403000000000021e-01 1.873269462773575339e-02
2.830000000000000000e+05 1.348929799999999957e-01 3.412243035819107623e-02
2.840000000000000000e+05 1.564126599999999812e-01 3.036330324194651958e-02
2.850000000000000000e+05 1.394987200000000205e-01 3.562711918196025118e-02
2.860000000000000000e+05 1.522267800000000060e-01 3.069562985627758214e-02
2.870000000000000000e+05 1.585207599999999828e-01 3.272869454473245621e-02
2.880000000000000000e+05 1.612522200000000017e-01 5.039547629291343117e-02
2.890000000000000000e+05 1.320551199999999981e-01 1.797502037922628013e-02
2.900000000000000000e+05 1.780703399999999936e-01 2.603074850369078985e-02
2.910000000000000000e+05 1.579680600000000212e-01 2.314874681796834713e-02
2.920000000000000000e+05 1.461014800000000058e-01 2.238596692210546510e-02
2.930000000000000000e+05 1.462934600000000140e-01 2.234768950935196730e-02
2.940000000000000000e+05 1.537459400000000254e-01 3.202829620298899838e-02
2.950000000000000000e+05 1.463652599999999970e-01 4.082955918858786892e-02
2.960000000000000000e+05 1.675870399999999927e-01 4.012526208450730575e-02
2.970000000000000000e+05 1.593215799999999904e-01 2.516128171348987891e-02
2.980000000000000000e+05 1.541648800000000041e-01 2.772087175435866344e-02
2.990000000000000000e+05 1.421833399999999914e-01 6.353449164038695030e-02
3.000000000000000000e+05 1.140475600000000062e-01 3.106083771662316445e-02
