# Time RMSD_average RMSD_std
0.000000000000000000e+00 5.450000000000000336e-05 0.000000000000000000e+00
1.000000000000000000e+03 6.390885999999999789e-02 1.447503032654508942e-02
2.000000000000000000e+03 6.218510000000000704e-02 1.999884738548699664e-02
3.000000000000000000e+03 6.511972000000000593e-02 1.899623928585866123e-02
4.000000000000000000e+03 6.463874000000000009e-02 7.837029552987534800e-03
5.000000000000000000e+03 6.431990000000001317e-02 1.956084237736197343e-02
6.000000000000000000e+03 7.264864000000000044e-02 2.387292431359007427e-02
7.000000000000000000e+03 5.243717999999999296e-02 1.838818181304503058e-02
8.000000000000000000e+03 8.850734000000000379e-02 3.908631168394378214e-02
9.000000000000000000e+03 9.172031999999999408e-02 2.112821900893683755e-02
1.000000000000000000e+04 8.107128000000000945e-02 3.163774422624975741e-02
1.100000000000000000e+04 7.870497999999999383e-02 2.804668564899603228e-02
1.200000000000000000e+04 8.565137999999998530e-02 3.273244323135075795e-02
1.300000000000000000e+04 7.694596000000000768e-02 2.891606096947507351e-02
1.400000000000000000e+04 6.684194000000001634e-02 3.527870738927944838e-02
1.500000000000000000e+04 8.831880000000000286e-02 2.468010609045268727e-02
1.600000000000000000e+04 7.008230000000000015e-02 1.870734120296093858e-02
1.700000000000000000e+04 8.597981999999999847e-02 1.056086753110747206e-02
1.800000000000000000e+04 8.007451999999999626e-02 2.089485229968376587e-02
1.900000000000000000e+04 6.182785999999999837e-02 1.860805954134928109e-02
2.000000000000000000e+04 5.760159999999999586e-02 1.760204113811804361e-02
2.100000000000000000e+04 7.458778000000000630e-02 3.476617822513138056e-02
2.200000000000000000e+04 6.111136000000000346e-02 2.213662328022049722e-02
2.300000000000000000e+04 9.832770000000000399e-02 2.421247377886034946e-02
2.400000000000000000e+04 7.868299999999998906e-02 3.869407732917274495e-02
2.500000000000000000e+04 8.552692000000000627e-02 3.216510737488062488e-02
2.600000000000000000e+04 7.211742000000000152e-02 2.800313219433854528e-02
2.700000000000000000e+04 7.076659999999999895e-02 3.213294940088756019e-02
2.800000000000000000e+04 7.068801999999999031e-02 1.310139593530399577e-02
2.900000000000000000e+04 6.425220000000000931e-02 1.390742229185552327e-02
3.000000000000000000e+04 7.213078000000000545e-02 3.063205855141962544e-02
3.100000000000000000e+04 9.143467999999999041e-02 2.917705550389894723e-02
3.200000000000000000e+04 9.120226000000000721e-02 3.174439886711354769e-02
3.300000000000000000e+04 9.257672000000000123e-02 2.861619368744907493e-02
3.400000000000000000e+04 8.355608000000000479e-02 3.579990275894056467e-02
3.500000000000000000e+04 1.008976400000000107e-01 3.414232136909264859e-02
3.600000000000000000e+04 7.847265999999999964e-02 3.496586432168379693e-02
3.700000000000000000e+04 8.765881999999999841e-02 3.735872275800659892e-02
3.800000000000000000e+04 7.535256000000001286e-02 2.002795113980459368e-02
3.900000000000000000e+04 8.154294000000000819e-02 2.857479673471711307e-02
4.000000000000000000e+04 7.905786000000000757e-02 3.429732891562256580e-02
4.100000000000000000e+04 7.093098000000000458e-02 2.727953138676689204e-02
4.200000000000000000e+04 8.941258000000000539e-02 2.668039793446867064e-02
4.300000000000000000e+04 7.070600000000000496e-02 1.994749656964502418e-02
4.400000000000000000e+04 6.920271999999999535e-02 1.716093880676695591e-02
4.500000000000000000e+04 7.290159999999998308e-02 2.603614696893532393e-02
4.600000000000000000e+04 6.492408000000000901e-02 2.591467244611823928e-02
4.700000000000000000e+04 8.339382000000000739e-02 3.012931705089911746e-02
4.800000000000000000e+04 8.048298000000000951e-02 2.098133166921489767e-02
4.900000000000000000e+04 7.886370000000000879e-02 3.319334066634450214e-02
5.000000000000000000e+04 6.665278000000000869e-02 1.050395116961231994e-02
5.100000000000000000e+04 6.877056000000000835e-02 1.768588887385647013e-02
5.200000000000000000e+04 8.396072000000000257e-02 3.633615391443623804e-02
5.300000000000000000e+04 7.387014000000000080e-02 1.685105554220269267e-02
5.400000000000000000e+04 7.485342000000000384e-02 2.822925338583363516e-02
5.500000000000000000e+04 7.258649999999999824e-02 2.291700902430332532e-02
5.600000000000000000e+04 7.310579999999999856e-02 2.079555508246894516e-02
5.700000000000000000e+04 7.286699999999998734e-02 2.889744299172506206e-02
5.800000000000000000e+04 8.046137999999999901e-02 2.034887543304543175e-02
5.900000000000000000e+04 7.062672000000000394e-02 1.738014166333520100e-02
6.000000000000000000e+04 6.851199999999998957e-02 2.422335212153759951e-02
6.100000000000000000e+04 6.633095999999999437e-02 2.321256283425851899e-02
6.200000000000000000e+04 7.768934000000000950e-02 2.023980229612927853e-02
6.300000000000000000e+04 8.634316000000000213e-02 1.955632885012931199e-02
6.400000000000000000e+04 6.926991999999999872e-02 2.059171160893625077e-02
6.500000000000000000e+04 8.950294000000000305e-02 9.344826340301889619e-03
6.600000000000000000e+04 8.317923999999998763e-02 1.166281556273612678e-02
6.700000000000000000e+04 9.066405999999999077e-02 2.902148520228418557e-02
6.800000000000000000e+04 7.560160000000001879e-02 2.368183312929976470e-02
6.900000000000000000e+04 7.761345999999999523e-02 8.988431085701218543e-03
7.000000000000000000e+04 8.797699999999999965e-02 1.304830058298781133e-02
7.100000000000000000e+04 7.366426000000000918e-02 1.499377718316502114e-02
7.200000000000000000e+04 6.575823999999999558e-02 2.199999067523438628e-02
7.300000000000000000e+04 7.272162000000000071e-02 2.511621565892441579e-02
7.400000000000000000e+04 8.836457999999999813e-02 2.863553728417890173e-02
7.500000000000000000e+04 8.383682000000000634e-02 2.532123539232633558e-02
7.600000000000000000e+04 8.669928000000000357e-02 2.450531558102445745e-02
7.700000000000000000e+04 7.225445999999999258e-02 1.740319179008264355e-02
7.800000000000000000e+04 8.029548000000000241e-02 2.887387357258461296e-02
7.900000000000000000e+04 6.928405999999999454e-02 1.213534486079402563e-02
8.000000000000000000e+04 6.309074000000000626e-02 1.841376145241379117e-02
8.100000000000000000e+04 6.269990000000000285e-02 1.227726536570746332e-02
8.200000000000000000e+04 7.254358000000001028e-02 1.636831817449795404e-02
8.300000000000000000e+04 5.729449999999999127e-02 1.879377328425561183e-02
8.400000000000000000e+04 6.838516000000001427e-02 2.826539294823972662e-02
8.500000000000000000e+04 9.514722000000000457e-02 2.133951090970924447e-02
8.600000000000000000e+04 5.675603999999999372e-02 1.106747525329964364e-02
8.700000000000000000e+04 6.325440000000000229e-02 1.493861949110425469e-02
8.800000000000000000e+04 5.577022000000000229e-02 1.521530836958620396e-02
8.900000000000000000e+04 7.512720000000000509e-02 2.910624350458162340e-02
9.000000000000000000e+04 5.166288000000000130e-02 1.324212057178154531e-02
9.100000000000000000e+04 7.110779999999999879e-02 1.998724682341217543e-02
9.200000000000000000e+04 7.284422000000000119e-02 1.876114629071475720e-02
9.300000000000000000e+04 7.139789999999998638e-02 2.425360477314661076e-02
9.400000000000000000e+04 6.732664000000000704e-02 2.848229469643202838e-02
9.500000000000000000e+04 6.890933999999999948e-02 2.866897504345769856e-02
9.600000000000000000e+04 7.043831999999999871e-02 2.036583635006429180e-02
9.700000000000000000e+04 9.816784000000000621e-02 3.977266548656752804e-02
9.800000000000000000e+04 6.462132000000000986e-02 1.198083887253309152e-02
9.900000000000000000e+04 7.265859999999998986e-02 2.238009478442841774e-02
1.000000000000000000e+05 8.187389999999999946e-02 2.707121510830276523e-02
1.010000000000000000e+05 8.272038000000001001e-02 2.609636177120481376e-02
1.020000000000000000e+05 8.898476000000000996e-02 2.101653396101269347e-02
1.030000000000000000e+05 8.468602000000000074e-02 2.514003978886270724e-02
1.040000000000000000e+05 5.666358000000000505e-02 1.030578279635273493e-02
1.050000000000000000e+05 7.336481999999999726e-02 3.808348659570969658e-02
1.060000000000000000e+05 7.165517999999999887e-02 1.260326679514482337e-02
1.070000000000000000e+05 7.102652000000000965e-02 3.845169875375598761e-02
1.080000000000000000e+05 7.090948000000001084e-02 2.246412254208029341e-02
1.090000000000000000e+05 8.972157999999999523e-02 1.818116553990970288e-02
1.100000000000000000e+05 7.230758000000001018e-02 2.529300586813674687e-02
1.110000000000000000e+05 6.642665999999999848e-02 2.357796981027840758e-02
1.120000000000000000e+05 7.511297999999999586e-02 2.023424700110186894e-02
1.130000000000000000e+05 6.960882000000000180e-02 2.795825232509356953e-02
1.140000000000000000e+05 7.418914000000000064e-02 1.421428135708590994e-02
1.150000000000000000e+05 7.074590000000000045e-02 2.783153160736936624e-02
1.160000000000000000e+05 7.375560000000000449e-02 1.993160884103438446e-02
1.170000000000000000e+05 7.201537999999998996e-02 2.031953988134574396e-02
1.180000000000000000e+05 6.437687999999999744e-02 2.424911798638457877e-02
1.190000000000000000e+05 6.543206000000000022e-02 3.128472275757609999e-02
1.200000000000000000e+05 6.480495999999999479e-02 2.525095278120016024e-02
1.210000000000000000e+05 7.632477999999999485e-02 2.781138143971996490e-02
1.220000000000000000e+05 8.344922000000000450e-02 3.420461914878749482e-02
1.230000000000000000e+05 6.529460000000000819e-02 2.338040250132576367e-02
1.240000000000000000e+05 7.273701999999999945e-02 1.847216099338678044e-02
1.250000000000000000e+05 8.007733999999999686e-02 2.584320283336413379e-02
1.260000000000000000e+05 6.643219999999999681e-02 3.140018379315637209e-02
1.270000000000000000e+05 9.338954000000000699e-02 1.956170958823384709e-02
1.280000000000000000e+05 9.240329999999999377e-02 1.481941957311419360e-02
1.290000000000000000e+05 7.649000000000001631e-02 2.350927999833257037e-02
1.300000000000000000e+05 7.779853999999999936e-02 2.621564907917406373e-02
1.310000000000000000e+05 9.680716000000000321e-02 2.096872829807282582e-02
1.320000000000000000e+05 6.791442000000000312e-02 2.088080474142699205e-02
1.330000000000000000e+05 8.757753999999999539e-02 2.741979945321263226e-02
1.340000000000000000e+05 6.670499999999998653e-02 2.284636383296037229e-02
1.350000000000000000e+05 7.245216000000000156e-02 2.775106541598718404e-02
1.360000000000000000e+05 6.889970000000000816e-02 1.834675939134756267e-02
1.370000000000000000e+05 7.962136000000000213e-02 1.370729817485561407e-02
1.380000000000000000e+05 6.650107999999999020e-02 2.421795307266078404e-02
1.390000000000000000e+05 6.106202000000000851e-02 2.607417652056532101e-02
1.400000000000000000e+05 7.829797999999998925e-02 3.521532186463158937e-02
1.410000000000000000e+05 7.139310000000001488e-02 2.554529571604133992e-02
1.420000000000000000e+05 5.568801999999999086e-02 2.372467634893256003e-02
1.430000000000000000e+05 6.189666000000000612e-02 2.191890848181998405e-02
1.440000000000000000e+05 6.940739999999999410e-02 2.862057544026674547e-02
1.450000000000000000e+05 7.934415999999999691e-02 1.416344074052629590e-02
1.460000000000000000e+05 6.016707999999999779e-02 2.422820494022617788e-02
1.470000000000000000e+05 7.074959999999999583e-02 2.249522686696002124e-02
1.480000000000000000e+05 7.098043999999999187e-02 3.310141109092481354e-02
1.490000000000000000e+05 6.901631999999999212e-02 3.085978447127588065e-02
1.500000000000000000e+05 7.114457999999999893e-02 6.893786443573663748e-03
1.510000000000000000e+05 6.654602000000001127e-02 3.398493330612258057e-02
1.520000000000000000e+05 7.911606000000000194e-02 2.911708401812241470e-02
1.530000000000000000e+05 8.245172000000000612e-02 2.031060193922376231e-02
1.540000000000000000e+05 6.668682000000000776e-02 3.128081162952138505e-02
1.550000000000000000e+05 6.419804000000001176e-02 3.178486785604747733e-02
1.560000000000000000e+05 7.214160000000000017e-02 1.974947317849263390e-02
1.570000000000000000e+05 6.535581999999999503e-02 3.446379843403219595e-02
1.580000000000000000e+05 6.488459999999998673e-02 1.082966883796545113e-02
1.590000000000000000e+05 7.789767999999999692e-02 2.633648202789431320e-02
1.600000000000000000e+05 5.821305999999999703e-02 2.446917515435287349e-02
1.610000000000000000e+05 6.696914000000001033e-02 3.024366554507571664e-02
1.620000000000000000e+05 7.332294000000000311e-02 1.011779972713435123e-02
1.630000000000000000e+05 6.590556000000000192e-02 3.278545925355324381e-02
1.640000000000000000e+05 6.728309999999999846e-02 2.674337169558094543e-02
1.650000000000000000e+05 8.315896000000000399e-02 4.050351545041985107e-02
1.660000000000000000e+05 7.668252000000000401e-02 3.013377058725973806e-02
1.670000000000000000e+05 8.470451999999999149e-02 1.482593922143214497e-02
1.680000000000000000e+05 6.977479999999999793e-02 1.688464408863864924e-02
1.690000000000000000e+05 7.302896000000000387e-02 2.859200913749154749e-02
1.700000000000000000e+05 6.681422000000000749e-02 2.709011385501360406e-02
1.710000000000000000e+05 7.030164000000001245e-02 2.776347909629483385e-02
1.720000000000000000e+05 7.368169999999998887e-02 2.323331135098912273e-02
1.730000000000000000e+05 7.810111999999999610e-02 2.233494307307721735e-02
1.740000000000000000e+05 6.474315999999999405e-02 1.982808198435744018e-02
1.750000000000000000e+05 7.988611999999999103e-02 2.112539301328143077e-02
1.760000000000000000e+05 7.594299999999999662e-02 1.580429366457103066e-02
1.770000000000000000e+05 5.842904000000000153e-02 2.252445572968190396e-02
1.780000000000000000e+05 7.514444000000000679e-02 2.892645264532794566e-02
1.790000000000000000e+05 6.209504000000001106e-02 1.938114430828066434e-02
1.800000000000000000e+05 5.440738000000000518e-02 1.741844440647901185e-02
1.810000000000000000e+05 6.661309999999999454e-02 2.643737709312328835e-02
1.820000000000000000e+05 7.041660000000000974e-02 2.049356753393610439e-02
1.830000000000000000e+05 7.794915999999998957e-02 2.083568443930748637e-02
1.840000000000000000e+05 7.361445999999999268e-02 3.272252269306875905e-02
1.850000000000000000e+05 7.634404000000000190e-02 3.159979702343671676e-02
1.860000000000000000e+05 7.268426000000000053e-02 2.455751238449041529e-02
1.870000000000000000e+05 8.055287999999999338e-02 3.755234031446774701e-02
1.880000000000000000e+05 8.328356000000000647e-02 1.275391883580885913e-02
1.890000000000000000e+05 7.154789999999999761e-02 2.305644690050919626e-02
1.900000000000000000e+05 8.456534000000000273e-02 2.093365088593960449e-02
1.910000000000000000e+05 6.980334000000000538e-02 1.893325957405116167e-02
1.920000000000000000e+05 6.654248000000000107e-02 1.740556396850156257e-02
1.930000000000000000e+05 7.524248000000000047e-02 7.403194062132912624e-03
1.940000000000000000e+05 7.731800000000001172e-02 3.067738994732113755e-02
1.950000000000000000e+05 9.677887999999998381e-02 2.228076039397219876e-02
1.960000000000000000e+05 8.488851999999999509e-02 3.022344731677047147e-02
1.970000000000000000e+05 7.365780000000000938e-02 1.698353089472268498e-02
1.980000000000000000e+05 7.331625999999999421e-02 1.258484821642279552e-02
1.990000000000000000e+05 9.192432000000000381e-02 2.864165047921645238e-02
2.000000000000000000e+05 6.559331999999999663e-02 9.144885927424137653e-03
2.010000000000000000e+05 8.734901999999999944e-02 2.914086036474557856e-02
2.020000000000000000e+05 6.456204000000000109e-02 1.575736741268667432e-02
2.030000000000000000e+05 9.233190000000000841e-02 2.152117592307632374e-02
2.040000000000000000e+05 8.323326000000000335e-02 2.226399635344921205e-02
2.050000000000000000e+05 9.914506000000000707e-02 3.586942898985708700e-02
2.060000000000000000e+05 7.310289999999999844e-02 1.689761599776725895e-02
2.070000000000000000e+05 8.825745999999999591e-02 1.273846867509591772e-02
2.080000000000000000e+05 9.158600000000000074e-02 3.313364908095695754e-02
2.090000000000000000e+05 7.741119999999999945e-02 1.851818588080376971e-02
2.100000000000000000e+05 9.436084000000000138e-02 2.524254250115071097e-02
2.110000000000000000e+05 9.540798000000000334e-02 3.466949301829491681e-02
2.120000000000000000e+05 1.187885600000000014e-01 4.802026520129184378e-02
2.130000000000000000e+05 8.536655999999999411e-02 4.561735981663118771e-03
2.140000000000000000e+05 8.080885999999999625e-02 2.632244226659828656e-02
2.150000000000000000e+05 7.385690000000000310e-02 2.451488239482294343e-02
2.160000000000000000e+05 7.601204000000001682e-02 2.956836454879437776e-02
2.170000000000000000e+05 8.563824000000000436e-02 2.813133743301942172e-02
2.180000000000000000e+05 7.068409999999999971e-02 1.243227086143155156e-02
2.190000000000000000e+05 7.345264000000001348e-02 2.836532785649409708e-02
2.200000000000000000e+05 8.052371999999999308e-02 3.487614644862015167e-02
2.210000000000000000e+05 6.756090000000000706e-02 2.239657355829234933e-02
2.220000000000000000e+05 6.868606000000000711e-02 2.236474700117128608e-02
2.230000000000000000e+05 8.050263999999998643e-02 3.011015011258496091e-02
2.240000000000000000e+05 9.256623999999999408e-02 3.143802994149601238e-02
2.250000000000000000e+05 8.383805999999999203e-02 2.716036535031147309e-02
2.260000000000000000e+05 7.794518000000000280e-02 3.248704039024792600e-02
2.270000000000000000e+05 7.406695999999998725e-02 1.683771064611813348e-02
2.280000000000000000e+05 8.418575999999999837e-02 3.428194119647252208e-02
2.290000000000000000e+05 8.243380000000000152e-02 3.777914769165657133e-02
2.300000000000000000e+05 8.747395999999998950e-02 4.388298459961902098e-02
2.310000000000000000e+05 7.810527999999999915e-02 2.915476393822456422e-02
2.320000000000000000e+05 8.767859999999999543e-02 2.995340968023507341e-02
2.330000000000000000e+05 9.097188000000000496e-02 3.308135761599877850e-02
2.340000000000000000e+05 6.202612000000000403e-02 2.393883414633218853e-02
2.350000000000000000e+05 7.906390000000000640e-02 1.341971075619739252e-02
2.360000000000000000e+05 7.382632000000000083e-02 3.468773658112619257e-02
2.370000000000000000e+05 9.020490000000000452e-02 2.404638966556102431e-02
2.380000000000000000e+05 7.807353999999999683e-02 3.583882299928947690e-02
2.390000000000000000e+05 7.421925999999999524e-02 2.454788202135573319e-02
2.400000000000000000e+05 6.634987999999999997e-02 4.074609350744682473e-02
2.410000000000000000e+05 6.969902000000000042e-02 2.336240147719407731e-02
2.420000000000000000e+05 6.611375999999999364e-02 4.637479150170272651e-02
2.430000000000000000e+05 6.622903999999998903e-02 3.124533957207698345e-02
2.440000000000000000e+05 7.643579999999999819e-02 3.201674515587116937e-02
2.450000000000000000e+05 7.093135999999999886e-02 3.004954352289564840e-02
2.460000000000000000e+05 7.674938000000000593e-02 2.654780410432470983e-02
2.470000000000000000e+05 6.554360000000000741e-02 2.079997368536797009e-02
2.480000000000000000e+05 7.597488000000000852e-02 2.666492405655039935e-02
2.490000000000000000e+05 7.596738000000000102e-02 3.564555379731951940e-02
2.500000000000000000e+05 6.489497999999999100e-02 1.641114143384304891e-02
2.510000000000000000e+05 8.552366000000000135e-02 2.874547424375531457e-02
2.520000000000000000e+05 8.734117999999999049e-02 1.437080880151148272e-02
2.530000000000000000e+05 8.241057999999999717e-02 2.532330397253881177e-02
2.540000000000000000e+05 8.727290000000000048e-02 3.357600237771018320e-02
2.550000000000000000e+05 8.665944000000000424e-02 4.161841495403687669e-02
2.560000000000000000e+05 7.576681999999998474e-02 3.329615114636525625e-02
2.570000000000000000e+05 8.093922000000000616e-02 3.485549444224827348e-02
2.580000000000000000e+05 7.134283999999999071e-02 4.304687417449030301e-02
2.590000000000000000e+05 7.138919999999999988e-02 1.801493965329887051e-02
2.600000000000000000e+05 8.047030000000000849e-02 3.412260779682585454e-02
2.610000000000000000e+05 7.868276000000000436e-02 3.922935607595923885e-02
2.620000000000000000e+05 8.237540000000000140e-02 4.209330078618211263e-02
2.630000000000000000e+05 8.726436000000001303e-02 3.676674854308441265e-02
2.640000000000000000e+05 8.413501999999999093e-02 3.178428643385911023e-02
2.650000000000000000e+05 6.669193999999999123e-02 2.407409394113099385e-02
2.660000000000000000e+05 8.125430000000000152e-02 3.821327253884440611e-02
2.670000000000000000e+05 8.268491999999999509e-02 4.787712806284018935e-02
2.680000000000000000e+05 1.062730799999999920e-01 3.875876051188427429e-02
2.690000000000000000e+05 8.854945999999999651e-02 5.287646781590464584e-02
2.700000000000000000e+05 1.034164199999999950e-01 4.941646819761202208e-02
2.710000000000000000e+05 8.992221999999999715e-02 2.983236534982769764e-02
2.720000000000000000e+05 7.832200000000000273e-02 4.813415988576096038e-02
2.730000000000000000e+05 7.519059999999999633e-02 2.375678840777936326e-02
2.740000000000000000e+05 9.586165999999998744e-02 3.893884412139630297e-02
2.750000000000000000e+05 1.060285200000000011e-01 5.046503248850236351e-02
2.760000000000000000e+05 8.637327999999999673e-02 5.202975406466572861e-02
2.770000000000000000e+05 9.082353999999999428e-02 4.527132691267619219e-02
2.780000000000000000e+05 1.088454799999999806e-01 4.603796076402168203e-02
2.790000000000000000e+05 9.730620000000000935e-02 4.994350295880336382e-02
2.800000000000000000e+05 7.360563999999999996e-02 4.429738344302516784e-02
2.810000000000000000e+05 8.791209999999997915e-02 4.835441421934506129e-02
2.820000000000000000e+05 8.765764000000000888e-02 4.681569297441190436e-02
2.830000000000000000e+05 9.814259999999999651e-02 4.709668792082942479e-02
2.840000000000000000e+05 8.598079999999999612e-02 5.616588072241011226e-02
2.850000000000000000e+05 9.032974000000000558e-02 4.241731648143715061e-02
2.860000000000000000e+05 9.310690000000002020e-02 2.524498892073435280e-02
2.870000000000000000e+05 9.614594000000001306e-02 2.547703281205251219e-02
2.880000000000000000e+05 8.868790000000001394e-02 5.624327132150120506e-02
2.890000000000000000e+05 1.033763599999999866e-01 3.608096423748123616e-02
2.900000000000000000e+05 1.169049000000000060e-01 5.477126143290841215e-02
2.910000000000000000e+05 9.804615999999999332e-02 4.621287611030502201e-02
2.920000000000000000e+05 1.176843199999999950e-01 4.455340641793396200e-02
2.930000000000000000e+05 8.811108000000000828e-02 7.334219837832514632e-02
2.940000000000000000e+05 1.078886400000000079e-01 5.837077914524013006e-02
2.950000000000000000e+05 9.923319999999999363e-02 3.543359744163721708e-02
2.960000000000000000e+05 9.725019999999999498e-02 4.983625472015328073e-02
2.970000000000000000e+05 9.698379999999999501e-02 4.507007253839293015e-02
2.980000000000000000e+05 9.077749999999999708e-02 4.940991739224019630e-02
2.990000000000000000e+05 9.567069999999999741e-02 4.571923715995270671e-02
3.000000000000000000e+05 9.853112000000001369e-02 4.967400650446469196e-02
