# Time RMSD_average RMSD_std
0.000000000000000000e+00 9.399999999999999448e-05 0.000000000000000000e+00
1.000000000000000000e+03 1.217511599999999972e-01 2.428063185591346901e-02
2.000000000000000000e+03 1.603451800000000038e-01 3.220176641039432242e-02
3.000000000000000000e+03 1.598954000000000208e-01 2.839074586008617784e-02
4.000000000000000000e+03 1.666593600000000064e-01 4.144899506142941253e-02
5.000000000000000000e+03 2.074642200000000047e-01 4.016735598863336448e-02
6.000000000000000000e+03 2.270443000000000322e-01 8.034498808625215038e-02
7.000000000000000000e+03 2.051374999999999726e-01 8.304561018339258471e-02
8.000000000000000000e+03 2.528962200000000049e-01 7.861585761779617265e-02
9.000000000000000000e+03 2.657541600000000170e-01 4.704070837011705558e-02
1.000000000000000000e+04 2.796346799999999688e-01 6.701593050269168128e-02
1.100000000000000000e+04 3.138291400000000619e-01 5.547731745066988157e-02
1.200000000000000000e+04 2.874807600000000019e-01 4.976479668627613318e-02
1.300000000000000000e+04 2.933798999999999713e-01 6.313004577482894675e-02
1.400000000000000000e+04 3.189327199999999474e-01 6.011834184840431083e-02
1.500000000000000000e+04 3.149148000000000502e-01 7.884173140787816003e-02
1.600000000000000000e+04 2.793459400000000148e-01 8.580268784234210133e-02
1.700000000000000000e+04 2.819708400000000004e-01 6.411027384404469065e-02
1.800000000000000000e+04 2.808226600000000017e-01 1.069763882764715596e-01
1.900000000000000000e+04 2.889224799999999815e-01 9.446297771221061346e-02
2.000000000000000000e+04 3.028604200000000191e-01 9.799144166041032222e-02
2.100000000000000000e+04 3.253739599999999621e-01 1.028319476403437571e-01
2.200000000000000000e+04 2.799540399999999596e-01 4.780012564446248224e-02
2.300000000000000000e+04 3.053451200000000254e-01 6.086755928779796071e-02
2.400000000000000000e+04 3.039851799999999660e-01 4.384843272270515929e-02
2.500000000000000000e+04 3.180159599999999864e-01 6.280515954074475382e-02
2.600000000000000000e+04 3.468980400000000186e-01 5.837795710069340616e-02
2.700000000000000000e+04 2.988093399999999789e-01 3.985935696147644564e-02
2.800000000000000000e+04 3.507610600000000689e-01 6.041827581527298152e-02
2.900000000000000000e+04 2.926797200000000321e-01 3.756418196263030390e-02
3.000000000000000000e+04 3.956574199999999819e-01 5.919480639810895811e-02
3.100000000000000000e+04 4.105574800000000302e-01 5.276474159373473194e-02
3.200000000000000000e+04 3.676031000000000160e-01 5.760367357511152198e-02
3.300000000000000000e+04 3.519341999999999748e-01 9.268424256782811788e-02
3.400000000000000000e+04 3.741150400000000098e-01 5.968535197133716802e-02
3.500000000000000000e+04 3.803640199999999694e-01 3.310698294700983174e-02
3.600000000000000000e+04 3.726085200000000541e-01 4.973823600488461172e-02
3.700000000000000000e+04 3.567276199999999120e-01 4.699029676575367659e-02
3.800000000000000000e+04 3.403440799999999933e-01 5.126074587273971028e-02
3.900000000000000000e+04 3.757164399999999849e-01 5.913017468723055087e-02
4.000000000000000000e+04 3.625597399999999637e-01 6.641242978222074156e-02
4.100000000000000000e+04 3.628301000000000442e-01 7.002193984882165712e-02
4.200000000000000000e+04 3.590639400000000259e-01 1.035634669312610473e-01
4.300000000000000000e+04 3.760915999999999704e-01 6.440100991375834194e-02
4.400000000000000000e+04 3.748702400000000212e-01 6.518343113336702577e-02
4.500000000000000000e+04 4.186534000000000089e-01 6.190771037681814387e-02
4.600000000000000000e+04 4.136139600000000027e-01 9.112956926705186034e-02
4.700000000000000000e+04 3.895963399999999854e-01 8.718215892914329967e-02
4.800000000000000000e+04 4.185641199999999840e-01 7.692315972130629731e-02
4.900000000000000000e+04 3.685851199999999883e-01 4.231676524326500460e-02
5.000000000000000000e+04 3.343881400000000004e-01 4.176242454612041216e-02
5.100000000000000000e+04 3.335690600000000283e-01 5.346305476721659178e-02
5.200000000000000000e+04 3.368640199999999862e-01 5.629043682685007377e-02
5.300000000000000000e+04 4.023040400000000294e-01 6.121099650652977314e-02
5.400000000000000000e+04 3.936464400000000419e-01 3.217337845614599845e-02
5.500000000000000000e+04 4.019661199999999823e-01 6.331699866419443490e-02
5.600000000000000000e+04 3.827522600000000108e-01 8.107094961078475936e-02
5.700000000000000000e+04 3.489199399999999840e-01 4.086667735505788296e-02
5.800000000000000000e+04 3.698877600000000099e-01 4.579695616569293137e-02
5.900000000000000000e+04 4.028775399999999784e-01 2.427296105386401656e-02
6.000000000000000000e+04 3.735404599999999631e-01 5.496067310070356510e-02
6.100000000000000000e+04 4.190456799999999760e-01 5.506273857611514860e-02
6.200000000000000000e+04 4.274896000000000251e-01 5.307544323760281235e-02
6.300000000000000000e+04 3.668323199999999895e-01 3.972526274276357711e-02
6.400000000000000000e+04 4.179169400000000145e-01 4.547520144054779251e-02
6.500000000000000000e+04 4.359426200000000584e-01 1.563859803887803282e-02
6.600000000000000000e+04 4.185655000000000348e-01 5.906557176924641384e-02
6.700000000000000000e+04 3.988272599999999612e-01 9.279663485236090692e-02
6.800000000000000000e+04 4.391251200000000354e-01 4.922437175259426756e-02
6.900000000000000000e+04 3.826474599999999948e-01 7.650962606356405404e-02
7.000000000000000000e+04 4.480541600000000346e-01 5.361908391487495151e-02
7.100000000000000000e+04 4.467709599999999948e-01 3.352063425328345725e-02
7.200000000000000000e+04 4.269217200000000045e-01 5.060832107744338282e-02
7.300000000000000000e+04 4.026570399999999661e-01 9.346116178786993689e-02
7.400000000000000000e+04 4.021675200000000006e-01 5.363687792339894012e-02
7.500000000000000000e+04 4.150372199999999845e-01 8.100517439784693519e-02
7.600000000000000000e+04 4.224327000000000498e-01 7.887484538340472362e-02
7.700000000000000000e+04 4.281182199999999938e-01 8.682952241788273462e-02
7.800000000000000000e+04 4.335041400000000378e-01 9.158691669701739257e-02
7.900000000000000000e+04 4.170408800000000582e-01 9.651422877247479992e-02
8.000000000000000000e+04 4.525054599999999705e-01 9.545398486803156890e-02
8.100000000000000000e+04 3.933403999999999789e-01 9.756657999567269757e-02
8.200000000000000000e+04 3.868374399999999769e-01 1.256023248832377481e-01
8.300000000000000000e+04 4.189158400000000393e-01 8.842153750125814060e-02
8.400000000000000000e+04 4.329078400000000437e-01 1.044213265303520211e-01
8.500000000000000000e+04 4.143797000000000175e-01 5.292479898754458290e-02
8.600000000000000000e+04 4.253227599999999664e-01 9.573653068612000827e-02
8.700000000000000000e+04 4.358646800000000043e-01 7.736922543578680922e-02
8.800000000000000000e+04 4.294532799999999928e-01 8.682339893022850141e-02
8.900000000000000000e+04 3.924072999999999589e-01 9.518055539264308473e-02
9.000000000000000000e+04 4.264489200000000091e-01 9.172274778163592990e-02
9.100000000000000000e+04 3.963155799999999451e-01 9.181872481265246355e-02
9.200000000000000000e+04 4.016519200000000511e-01 8.317414440027381950e-02
9.300000000000000000e+04 3.625014400000000081e-01 1.043498619442613240e-01
9.400000000000000000e+04 4.017480599999999624e-01 8.474003109764829955e-02
9.500000000000000000e+04 4.424842800000000631e-01 6.714696886005799836e-02
9.600000000000000000e+04 4.198610399999999632e-01 1.098467054960247657e-01
9.700000000000000000e+04 4.185457999999999679e-01 1.114462018754699413e-01
9.800000000000000000e+04 4.143765800000000499e-01 7.429118956924569972e-02
9.900000000000000000e+04 4.289281400000000133e-01 6.816055493167878787e-02
1.000000000000000000e+05 4.748288800000000087e-01 6.341132782875312512e-02
1.010000000000000000e+05 4.319245800000000024e-01 7.439688188921361744e-02
1.020000000000000000e+05 4.116391600000000039e-01 8.611307049619355836e-02
1.030000000000000000e+05 4.437746399999999980e-01 7.720268356246691444e-02
1.040000000000000000e+05 4.006883399999999762e-01 5.793578235438267415e-02
1.050000000000000000e+05 4.408251200000000702e-01 8.380850838888377619e-02
1.060000000000000000e+05 4.486098000000000030e-01 9.795159345021396680e-02
1.070000000000000000e+05 4.403337999999999974e-01 8.502917158697947952e-02
1.080000000000000000e+05 4.043496200000000762e-01 6.532160475632546592e-02
1.090000000000000000e+05 4.718331999999999526e-01 8.438314260239421216e-02
1.100000000000000000e+05 4.103714600000000212e-01 6.778437743889367817e-02
1.110000000000000000e+05 4.300494999999999735e-01 4.468399777522150118e-02
1.120000000000000000e+05 4.020210200000000067e-01 7.180228654471666749e-02
1.130000000000000000e+05 4.377254600000000662e-01 8.937461848783691265e-02
1.140000000000000000e+05 4.247647399999999740e-01 7.504761855978110685e-02
1.150000000000000000e+05 4.178049999999999820e-01 7.176392071875670187e-02
1.160000000000000000e+05 3.981534800000000041e-01 5.849670005237560949e-02
1.170000000000000000e+05 3.741180199999999956e-01 8.634489995983318789e-02
1.180000000000000000e+05 4.082029200000000246e-01 9.358666551866029470e-02
1.190000000000000000e+05 4.327891199999999716e-01 6.668154517784963264e-02
1.200000000000000000e+05 4.033035999999999843e-01 9.998728177817417517e-02
1.210000000000000000e+05 4.340524000000000049e-01 7.444274462938615944e-02
1.220000000000000000e+05 4.718876599999999866e-01 6.901666563631135565e-02
1.230000000000000000e+05 4.388138999999999790e-01 9.502825938391168403e-02
1.240000000000000000e+05 4.605654799999999716e-01 7.388179178775781952e-02
1.250000000000000000e+05 4.588161199999999940e-01 8.712298786266230166e-02
1.260000000000000000e+05 4.667916400000000077e-01 7.562555877713830754e-02
1.270000000000000000e+05 4.541877200000000170e-01 7.103036513022863152e-02
1.280000000000000000e+05 4.540819799999999407e-01 7.365204902693205102e-02
1.290000000000000000e+05 4.445432999999999746e-01 8.706903548541239379e-02
1.300000000000000000e+05 4.669757399999999725e-01 5.559001172299211230e-02
1.310000000000000000e+05 4.393701399999999646e-01 9.235616775413757473e-02
1.320000000000000000e+05 4.475215799999999744e-01 9.284540528085168110e-02
1.330000000000000000e+05 4.414292800000000350e-01 1.143214462084415767e-01
1.340000000000000000e+05 4.691291200000000106e-01 5.941801908745864697e-02
1.350000000000000000e+05 4.744870399999999711e-01 5.351901426919597471e-02
1.360000000000000000e+05 4.873105400000000142e-01 3.411538532460685336e-02
1.370000000000000000e+05 4.674537799999999299e-01 5.881131059557848095e-02
1.380000000000000000e+05 4.485312200000000082e-01 7.982849935145719389e-02
1.390000000000000000e+05 4.700908000000000309e-01 5.210396525666738388e-02
1.400000000000000000e+05 4.477441999999999811e-01 8.087924775493401941e-02
1.410000000000000000e+05 4.816616599999999915e-01 4.102212029101372920e-02
1.420000000000000000e+05 4.551594399999999707e-01 7.311743032455667035e-02
1.430000000000000000e+05 4.391038400000000230e-01 1.036420376936038334e-01
1.440000000000000000e+05 4.616265399999999741e-01 8.269827678169842933e-02
1.450000000000000000e+05 4.506696000000000035e-01 8.503643582575649840e-02
1.460000000000000000e+05 4.724428999999999990e-01 7.081365714987471194e-02
1.470000000000000000e+05 4.647514399999999601e-01 7.163650567029636318e-02
1.480000000000000000e+05 4.424217999999999762e-01 8.517696969737773016e-02
1.490000000000000000e+05 4.777632200000000440e-01 9.785476314942261056e-02
1.500000000000000000e+05 4.675198600000000093e-01 8.074617513271079017e-02
1.510000000000000000e+05 4.568416799999999722e-01 7.682006682093944772e-02
1.520000000000000000e+05 4.848276000000000252e-01 5.948202143730492442e-02
1.530000000000000000e+05 4.723485799999999624e-01 6.122359808558788113e-02
1.540000000000000000e+05 4.546199400000000002e-01 7.551127950719946358e-02
1.550000000000000000e+05 4.779544800000000149e-01 6.110292185718782521e-02
1.560000000000000000e+05 4.742387799999999709e-01 6.061518088011947497e-02
1.570000000000000000e+05 4.763924600000000176e-01 5.003657990265124311e-02
1.580000000000000000e+05 4.892333800000000510e-01 3.585418002104637236e-02
1.590000000000000000e+05 4.731809000000000154e-01 5.778455121732797850e-02
1.600000000000000000e+05 4.929142599999999375e-01 5.402414996897592775e-02
1.610000000000000000e+05 5.071533800000000980e-01 1.144857085718632705e-01
1.620000000000000000e+05 4.525116599999999822e-01 7.367552015948311550e-02
1.630000000000000000e+05 4.985122599999999293e-01 2.090630841058268782e-02
1.640000000000000000e+05 4.640886399999999412e-01 6.657669521682794966e-02
1.650000000000000000e+05 4.934465799999999680e-01 6.702556932742607942e-02
1.660000000000000000e+05 4.881172599999999973e-01 7.001457534269847627e-02
1.670000000000000000e+05 4.872414799999999491e-01 8.370112270361490525e-02
1.680000000000000000e+05 4.823653399999999758e-01 5.775875781730768765e-02
1.690000000000000000e+05 4.742610799999999460e-01 6.922254135575781064e-02
1.700000000000000000e+05 4.754051599999999378e-01 4.828929770425742507e-02
1.710000000000000000e+05 4.641390999999999711e-01 6.076052387858420223e-02
1.720000000000000000e+05 4.749851399999999724e-01 4.892367837943505104e-02
1.730000000000000000e+05 4.870770000000000377e-01 4.207306153000991977e-02
1.740000000000000000e+05 4.665388199999999652e-01 5.966819906507654647e-02
1.750000000000000000e+05 4.798687799999999948e-01 5.700799293254939920e-02
1.760000000000000000e+05 4.870235600000000220e-01 4.642728656170206497e-02
1.770000000000000000e+05 4.659532800000000252e-01 5.811651411464389960e-02
1.780000000000000000e+05 4.669959399999999983e-01 7.633961860152564671e-02
1.790000000000000000e+05 4.951862999999999682e-01 4.650293555013490510e-02
1.800000000000000000e+05 5.041316800000000820e-01 1.503898728949527690e-02
1.810000000000000000e+05 4.991732199999999731e-01 4.711204034284229708e-02
1.820000000000000000e+05 4.887472999999999956e-01 7.582628566166221828e-02
1.830000000000000000e+05 4.948064399999999585e-01 7.446986386217180343e-02
1.840000000000000000e+05 4.936574200000000134e-01 5.639032579233428655e-02
1.850000000000000000e+05 5.104466399999999515e-01 3.397248673492123811e-02
1.860000000000000000e+05 5.113162600000000779e-01 3.418248337804612180e-02
1.870000000000000000e+05 4.784068200000000104e-01 4.867108511222655032e-02
1.880000000000000000e+05 4.893903599999999687e-01 3.517779209538882818e-02
1.890000000000000000e+05 5.113186400000000464e-01 1.633760962596425906e-02
1.900000000000000000e+05 4.820274199999999842e-01 6.055600285360322049e-02
1.910000000000000000e+05 4.948131799999999636e-01 6.678551609315901139e-02
1.920000000000000000e+05 4.784947599999999635e-01 6.591186842390679701e-02
1.930000000000000000e+05 4.565639000000000225e-01 8.877967302746729572e-02
1.940000000000000000e+05 4.668814199999999914e-01 8.966131338965316333e-02
1.950000000000000000e+05 5.050549200000000738e-01 3.482773262395359032e-02
1.960000000000000000e+05 4.878869599999999807e-01 3.580546490292230155e-02
1.970000000000000000e+05 4.810699399999999737e-01 6.503191126382801279e-02
1.980000000000000000e+05 4.951424999999999299e-01 6.035677778195254473e-02
1.990000000000000000e+05 4.785796399999999728e-01 4.225759599071392258e-02
2.000000000000000000e+05 4.862237200000000259e-01 4.513470719228829253e-02
2.010000000000000000e+05 4.964653199999999877e-01 4.231198168781039048e-02
2.020000000000000000e+05 4.974599999999999578e-01 2.784618480259011541e-02
2.030000000000000000e+05 4.840511999999999593e-01 3.595324281658055648e-02
2.040000000000000000e+05 4.838321999999999901e-01 4.965669548477829459e-02
2.050000000000000000e+05 4.733828999999999954e-01 5.914327403118634086e-02
2.060000000000000000e+05 5.028582399999999009e-01 1.569184478773609850e-02
2.070000000000000000e+05 4.821236999999999884e-01 4.299120148318724688e-02
2.080000000000000000e+05 4.789907199999999809e-01 4.504130076467154770e-02
2.090000000000000000e+05 4.667151999999999967e-01 5.931303535261032295e-02
2.100000000000000000e+05 4.882780999999999372e-01 4.383983284046599760e-02
2.110000000000000000e+05 5.036943600000001187e-01 1.499279990616830642e-02
2.120000000000000000e+05 4.941953199999999380e-01 2.900845097604490275e-02
2.130000000000000000e+05 4.766344000000000136e-01 4.506466877388539544e-02
2.140000000000000000e+05 4.975805600000000051e-01 2.050936425427176552e-02
2.150000000000000000e+05 4.990251399999999782e-01 1.950116404408723525e-02
2.160000000000000000e+05 5.109248600000000362e-01 1.597087164429043804e-02
2.170000000000000000e+05 5.001126799999999761e-01 2.394599792678519037e-02
2.180000000000000000e+05 5.201810200000001050e-01 1.600731576416233523e-02
2.190000000000000000e+05 5.084930399999999517e-01 2.120585097661493307e-02
2.200000000000000000e+05 5.085925599999999713e-01 2.185862101822528408e-02
2.210000000000000000e+05 4.895004600000000261e-01 3.473738259302793646e-02
2.220000000000000000e+05 5.052163200000000520e-01 2.126203240195068123e-02
2.230000000000000000e+05 5.141624000000000194e-01 1.289314284524918121e-02
2.240000000000000000e+05 5.060225999999999891e-01 3.403734179262533910e-02
2.250000000000000000e+05 5.305661799999998873e-01 2.727956142912858761e-02
2.260000000000000000e+05 5.167544400000000371e-01 3.192254849579524018e-02
2.270000000000000000e+05 5.131231200000000436e-01 4.230289778194398775e-02
2.280000000000000000e+05 5.074621000000000270e-01 1.523013669997746143e-02
2.290000000000000000e+05 5.006264599999999954e-01 4.104636899223123442e-02
2.300000000000000000e+05 4.692518800000000101e-01 5.294597692831440328e-02
2.310000000000000000e+05 4.847408999999999746e-01 3.466451528292296969e-02
2.320000000000000000e+05 4.841178800000000004e-01 4.272562072178238274e-02
2.330000000000000000e+05 4.964940600000000148e-01 4.793083288846961693e-02
2.340000000000000000e+05 5.268031399999999476e-01 3.669647556660446397e-02
2.350000000000000000e+05 4.928974199999999750e-01 4.289202275880214105e-02
2.360000000000000000e+05 5.017134600000000555e-01 1.932421994530180917e-02
2.370000000000000000e+05 4.939896199999999626e-01 2.498607090235679604e-02
2.380000000000000000e+05 4.956945999999999297e-01 4.199736729896292459e-02
2.390000000000000000e+05 5.011856400000000988e-01 1.923848258617088733e-02
2.400000000000000000e+05 4.722364000000000006e-01 6.725393542373563072e-02
2.410000000000000000e+05 5.004291399999999390e-01 5.024042194347498602e-02
2.420000000000000000e+05 5.044217599999999413e-01 1.888953961160516962e-02
2.430000000000000000e+05 4.818730599999999642e-01 7.476042868886186021e-02
2.440000000000000000e+05 5.080229400000000339e-01 5.440042106387046189e-02
2.450000000000000000e+05 4.971294800000000125e-01 4.955576826531499918e-02
2.460000000000000000e+05 5.037896200000000491e-01 5.860192163239702490e-02
2.470000000000000000e+05 4.953483399999999426e-01 2.678382838532238422e-02
2.480000000000000000e+05 4.917268399999999984e-01 4.074337037607960593e-02
2.490000000000000000e+05 4.714732400000000156e-01 6.592258436659170773e-02
2.500000000000000000e+05 4.919006599999999341e-01 4.311597380310922684e-02
2.510000000000000000e+05 4.812008599999999525e-01 5.202433478708209241e-02
2.520000000000000000e+05 4.888310200000000050e-01 3.299471335049904835e-02
2.530000000000000000e+05 4.676418400000000308e-01 5.551931913828196674e-02
2.540000000000000000e+05 4.682742000000000293e-01 5.896274657025402099e-02
2.550000000000000000e+05 4.866319599999999745e-01 3.312574792070965835e-02
2.560000000000000000e+05 4.764252799999999510e-01 4.438501596815756095e-02
2.570000000000000000e+05 4.816487200000000302e-01 4.178412781080396293e-02
2.580000000000000000e+05 4.546866999999999992e-01 7.053332094081493642e-02
2.590000000000000000e+05 4.848675599999999752e-01 3.467294003563010929e-02
2.600000000000000000e+05 4.847746000000000000e-01 4.014709374821545662e-02
2.610000000000000000e+05 4.812271599999999871e-01 4.022544241410404287e-02
2.620000000000000000e+05 4.844887799999999523e-01 3.493581781807320735e-02
2.630000000000000000e+05 4.733859199999999601e-01 4.792577274625418882e-02
2.640000000000000000e+05 4.906459599999999921e-01 3.054414503348228810e-02
2.650000000000000000e+05 4.941916599999999771e-01 3.136540217408984726e-02
2.660000000000000000e+05 4.809722199999999503e-01 3.899228073110883735e-02
2.670000000000000000e+05 4.824815599999999760e-01 4.834352927681637158e-02
2.680000000000000000e+05 5.067920200000000097e-01 2.768250211728702156e-02
2.690000000000000000e+05 4.850170799999999893e-01 3.450347371992566053e-02
2.700000000000000000e+05 4.787802199999999786e-01 5.562087737396453901e-02
2.710000000000000000e+05 5.022743999999998987e-01 2.967135380443569614e-02
2.720000000000000000e+05 4.923706799999999495e-01 3.935399996713929982e-02
2.730000000000000000e+05 4.930087999999999693e-01 3.010280194898809145e-02
2.740000000000000000e+05 5.117776000000000547e-01 4.214193612377106768e-02
2.750000000000000000e+05 4.704436799999999752e-01 6.822417092917729131e-02
2.760000000000000000e+05 4.898889399999999950e-01 2.899774087763391794e-02
2.770000000000000000e+05 4.967373199999999822e-01 1.113648242341790939e-01
2.780000000000000000e+05 5.029810599999999798e-01 6.564828898619065600e-02
2.790000000000000000e+05 4.815896800000000200e-01 6.407203345589713994e-02
2.800000000000000000e+05 4.454048199999999791e-01 1.027344485563708304e-01
2.810000000000000000e+05 5.085915800000000431e-01 6.109490469155016285e-02
2.820000000000000000e+05 5.018694399999998890e-01 4.383801092424700202e-02
2.830000000000000000e+05 4.965283200000000230e-01 5.035625935017017107e-02
2.840000000000000000e+05 4.840381199999999606e-01 3.617076117846569627e-02
2.850000000000000000e+05 4.840381199999999606e-01 4.478713339339324140e-02
2.860000000000000000e+05 4.853302800000000028e-01 3.434156679439073767e-02
2.870000000000000000e+05 4.781286999999999621e-01 4.822849353235077879e-02
2.880000000000000000e+05 5.220801200000000364e-01 1.896430856102061455e-02
2.890000000000000000e+05 5.292498200000000930e-01 3.421381875689410296e-02
2.900000000000000000e+05 5.036480600000000640e-01 4.838422814056664994e-02
2.910000000000000000e+05 5.027058800000000494e-01 2.977430741316412430e-02
2.920000000000000000e+05 5.111390200000001105e-01 5.906948618396472978e-02
2.930000000000000000e+05 5.245271600000001033e-01 7.684428405992473066e-02
2.940000000000000000e+05 4.987836599999999621e-01 2.873703003670351544e-02
2.950000000000000000e+05 5.091067199999999016e-01 1.912051286356097890e-02
2.960000000000000000e+05 5.042241000000000639e-01 3.254156018921036675e-02
2.970000000000000000e+05 5.236388200000000603e-01 3.996623433952217058e-02
2.980000000000000000e+05 4.946732400000000140e-01 5.140750141372756044e-02
2.990000000000000000e+05 4.660526199999999730e-01 5.945200470612915095e-02
3.000000000000000000e+05 4.660608799999999552e-01 6.049056836616433647e-02
