# Time RMSD_average RMSD_std
0.000000000000000000e+00 2.720000000000000046e-05 0.000000000000000000e+00
1.000000000000000000e+03 8.061448000000001612e-02 3.739488163518638747e-02
2.000000000000000000e+03 9.314172000000001117e-02 3.470288673683501884e-02
3.000000000000000000e+03 7.476056000000000368e-02 2.695832449471591286e-02
4.000000000000000000e+03 1.236889800000000178e-01 3.119688488528301468e-02
5.000000000000000000e+03 1.031684999999999963e-01 1.586630965448487807e-02
6.000000000000000000e+03 1.225834600000000052e-01 2.690723501436742549e-02
7.000000000000000000e+03 1.107941600000000026e-01 2.465772552029890305e-02
8.000000000000000000e+03 1.021773800000000121e-01 2.663756502125522868e-02
9.000000000000000000e+03 1.211881800000000065e-01 4.308369758325764770e-02
1.000000000000000000e+04 1.021033000000000079e-01 2.856833769598784295e-02
1.100000000000000000e+04 1.204737600000000131e-01 3.375064623722632412e-02
1.200000000000000000e+04 1.339316600000000079e-01 6.454071080571083252e-02
1.300000000000000000e+04 1.244520400000000138e-01 3.233823516882761845e-02
1.400000000000000000e+04 1.316007200000000044e-01 5.239581565970320709e-02
1.500000000000000000e+04 1.223491599999999985e-01 3.128550251868108395e-02
1.600000000000000000e+04 1.327446600000000143e-01 2.222166024018907421e-02
1.700000000000000000e+04 1.147453999999999974e-01 1.340273567552535162e-02
1.800000000000000000e+04 1.290862600000000082e-01 2.438544391161251434e-02
1.900000000000000000e+04 1.390886800000000201e-01 6.843028007950871863e-03
2.000000000000000000e+04 1.239940999999999960e-01 3.700998558918929676e-02
2.100000000000000000e+04 1.100077799999999995e-01 2.212620466843783287e-02
2.200000000000000000e+04 1.000993400000000089e-01 2.609767468213212288e-02
2.300000000000000000e+04 1.143663399999999830e-01 1.904119839722279509e-02
2.400000000000000000e+04 1.120223799999999770e-01 1.330600076858557898e-02
2.500000000000000000e+04 1.203660200000000041e-01 1.493371001103209125e-02
2.600000000000000000e+04 1.184766000000000014e-01 2.560043816578145767e-02
2.700000000000000000e+04 1.115493800000000035e-01 2.288333067570365309e-02
2.800000000000000000e+04 1.090250399999999897e-01 1.959248389751539268e-02
2.900000000000000000e+04 1.092945400000000095e-01 1.944510598557899414e-02
3.000000000000000000e+04 1.137847400000000092e-01 2.338134566106921108e-02
3.100000000000000000e+04 1.301283599999999985e-01 3.050877219657323683e-02
3.200000000000000000e+04 1.347814599999999918e-01 3.444000088766549506e-02
3.300000000000000000e+04 1.229535599999999895e-01 3.052072127565795892e-02
3.400000000000000000e+04 1.091253000000000084e-01 4.104990603901548241e-02
3.500000000000000000e+04 1.256274199999999897e-01 3.168318655182272153e-02
3.600000000000000000e+04 1.301232999999999973e-01 3.222074181703456913e-02
3.700000000000000000e+04 1.331475199999999914e-01 2.775059128562128857e-02
3.800000000000000000e+04 1.048148799999999853e-01 3.276021067608692744e-02
3.900000000000000000e+04 1.035232399999999886e-01 1.532639221925369104e-02
4.000000000000000000e+04 1.089800600000000036e-01 2.562250710469996320e-02
4.100000000000000000e+04 1.241417000000000215e-01 2.549511387744718763e-02
4.200000000000000000e+04 1.178970000000000018e-01 2.686592008318345812e-02
4.300000000000000000e+04 1.208686799999999922e-01 1.882162497824245093e-02
4.400000000000000000e+04 1.274808599999999736e-01 1.247178070246586848e-02
4.500000000000000000e+04 9.710166000000000630e-02 2.285921291773625186e-02
4.600000000000000000e+04 1.085304599999999953e-01 2.898083827418385799e-02
4.700000000000000000e+04 9.928954000000000946e-02 3.338788160507342312e-02
4.800000000000000000e+04 1.008534800000000092e-01 2.451605491994174671e-02
4.900000000000000000e+04 1.031835200000000147e-01 2.586933047609852807e-02
5.000000000000000000e+04 1.101971800000000057e-01 3.012842600644115992e-02
5.100000000000000000e+04 1.280755400000000155e-01 3.368732819792035621e-02
5.200000000000000000e+04 9.579878000000000005e-02 1.606444118572445193e-02
5.300000000000000000e+04 1.176684600000000164e-01 2.499471050847358947e-02
5.400000000000000000e+04 8.528347999999999485e-02 2.871433956986647884e-02
5.500000000000000000e+04 9.675293999999999561e-02 2.245110257235487933e-02
5.600000000000000000e+04 1.067030600000000023e-01 2.172028722845072840e-02
5.700000000000000000e+04 1.166599999999999859e-01 3.495240065019854236e-02
5.800000000000000000e+04 1.077469600000000166e-01 2.030173575895420288e-02
5.900000000000000000e+04 1.154467399999999921e-01 2.826150165214863508e-02
6.000000000000000000e+04 8.445810000000000817e-02 3.781681604741467945e-02
6.100000000000000000e+04 7.456358000000000430e-02 9.104440713058655626e-03
6.200000000000000000e+04 7.759743999999998976e-02 2.818936617581885296e-02
6.300000000000000000e+04 8.557729999999999504e-02 2.263570058725817430e-02
6.400000000000000000e+04 1.072690199999999788e-01 3.283778235955649855e-02
6.500000000000000000e+04 5.970740000000000075e-02 1.662749220020866975e-02
6.600000000000000000e+04 1.085068399999999933e-01 3.968753889465054252e-02
6.700000000000000000e+04 1.200450400000000056e-01 3.604701681496542964e-02
6.800000000000000000e+04 1.139611400000000163e-01 2.341578209427137500e-02
6.900000000000000000e+04 9.664870000000000405e-02 3.056561618053854623e-02
7.000000000000000000e+04 9.470308000000000892e-02 2.330465975185220737e-02
7.100000000000000000e+04 8.921587999999999741e-02 1.411233126756879924e-02
7.200000000000000000e+04 1.048376799999999748e-01 3.303140639805698248e-02
7.300000000000000000e+04 8.910429999999999739e-02 2.102809234838005914e-02
7.400000000000000000e+04 1.003121800000000008e-01 2.145466734269258977e-02
7.500000000000000000e+04 1.097748399999999985e-01 3.194656205932650678e-02
7.600000000000000000e+04 1.150936599999999865e-01 2.939153989940642905e-02
7.700000000000000000e+04 1.264248400000000105e-01 3.559692818419028099e-02
7.800000000000000000e+04 1.264070999999999945e-01 3.595120395830993937e-02
7.900000000000000000e+04 1.281196399999999791e-01 4.979745599568716208e-02
8.000000000000000000e+04 1.249354800000000154e-01 5.837951027397883519e-02
8.100000000000000000e+04 1.334519799999999978e-01 3.685694682180823412e-02
8.200000000000000000e+04 1.354668000000000261e-01 3.159704601123339285e-02
8.300000000000000000e+04 1.275357199999999636e-01 3.926916061137034064e-02
8.400000000000000000e+04 1.305755000000000110e-01 2.669518658125468250e-02
8.500000000000000000e+04 1.241496000000000127e-01 4.210652336092354092e-02
8.600000000000000000e+04 1.516146200000000055e-01 4.109938569883496429e-02
8.700000000000000000e+04 1.615078600000000031e-01 3.565240148290715200e-02
8.800000000000000000e+04 1.558371599999999746e-01 3.697590867917108920e-02
8.900000000000000000e+04 1.494240200000000185e-01 4.225457864655142448e-02
9.000000000000000000e+04 1.323219999999999952e-01 5.348893785391517497e-02
9.100000000000000000e+04 1.435156199999999826e-01 3.822678888075220494e-02
9.200000000000000000e+04 1.426573200000000041e-01 5.380574312109813462e-02
9.300000000000000000e+04 1.697781399999999941e-01 6.776442680851363365e-02
9.400000000000000000e+04 1.643971599999999866e-01 3.870696083024860457e-02
9.500000000000000000e+04 1.633844999999999881e-01 3.187452521829933078e-02
9.600000000000000000e+04 1.531219199999999947e-01 5.493208481517518338e-02
9.700000000000000000e+04 1.468709199999999881e-01 5.484238786943544663e-02
9.800000000000000000e+04 1.906323600000000007e-01 5.080628668681071852e-02
9.900000000000000000e+04 1.539690400000000292e-01 3.140077049071248599e-02
1.000000000000000000e+05 1.728257799999999844e-01 3.761859325553788130e-02
1.010000000000000000e+05 1.793759799999999904e-01 4.208038992254706234e-02
1.020000000000000000e+05 1.659002599999999938e-01 4.563428633808574997e-02
1.030000000000000000e+05 1.348029000000000033e-01 4.817380608235143080e-02
1.040000000000000000e+05 1.726358799999999916e-01 5.321697399046285137e-02
1.050000000000000000e+05 1.680513599999999830e-01 4.712317356471654173e-02
1.060000000000000000e+05 1.563443199999999811e-01 2.311646443791956496e-02
1.070000000000000000e+05 1.468488400000000083e-01 1.456200392234530128e-02
1.080000000000000000e+05 1.486992599999999998e-01 5.596252112250126726e-02
1.090000000000000000e+05 1.443911999999999973e-01 1.716743879791042190e-02
1.100000000000000000e+05 1.569594400000000056e-01 3.968142521999933753e-02
1.110000000000000000e+05 1.573238200000000031e-01 3.671039793259670003e-02
1.120000000000000000e+05 1.669215799999999861e-01 2.422774952300769946e-02
1.130000000000000000e+05 1.537186799999999964e-01 3.746554664810857610e-02
1.140000000000000000e+05 1.617314200000000146e-01 7.217756733069909114e-02
1.150000000000000000e+05 1.437475399999999792e-01 4.137813314327266206e-02
1.160000000000000000e+05 1.578890599999999977e-01 5.848724757249566808e-02
1.170000000000000000e+05 1.835137599999999980e-01 5.076329666223815956e-02
1.180000000000000000e+05 1.736956600000000017e-01 3.890424742110300260e-02
1.190000000000000000e+05 1.640018799999999888e-01 2.300327049351026665e-02
1.200000000000000000e+05 1.668870999999999827e-01 4.249655196577718091e-02
1.210000000000000000e+05 1.799017800000000111e-01 4.238231087670421560e-02
1.220000000000000000e+05 1.586077800000000038e-01 2.981812793408734202e-02
1.230000000000000000e+05 1.650382599999999922e-01 5.478655112498322100e-02
1.240000000000000000e+05 1.483615199999999967e-01 4.155912197443058925e-02
1.250000000000000000e+05 1.436069199999999990e-01 5.677797608423182374e-02
1.260000000000000000e+05 1.343890799999999941e-01 3.682866388118906376e-02
1.270000000000000000e+05 1.564190400000000092e-01 3.427000039157280381e-02
1.280000000000000000e+05 1.479638999999999815e-01 2.945526621241097848e-02
1.290000000000000000e+05 1.577659399999999934e-01 2.405219638782287936e-02
1.300000000000000000e+05 1.354864400000000135e-01 3.068457389664063645e-02
1.310000000000000000e+05 1.292375799999999908e-01 2.176913841927603788e-02
1.320000000000000000e+05 1.321891399999999828e-01 2.384531040222375234e-02
1.330000000000000000e+05 1.188974200000000037e-01 2.481440686443260601e-02
1.340000000000000000e+05 1.364680399999999849e-01 3.391946621375990789e-02
1.350000000000000000e+05 1.256666399999999961e-01 2.474086489681394038e-02
1.360000000000000000e+05 1.034681799999999929e-01 3.409803869447038810e-02
1.370000000000000000e+05 1.428751399999999838e-01 2.503276968891775950e-02
1.380000000000000000e+05 1.469828400000000035e-01 3.064397796896480355e-02
1.390000000000000000e+05 1.273039400000000321e-01 2.446395892488376078e-02
1.400000000000000000e+05 1.259720799999999863e-01 4.028582568390028790e-02
1.410000000000000000e+05 1.361486000000000085e-01 3.285996246272963189e-02
1.420000000000000000e+05 1.209769000000000122e-01 2.920983126120382106e-02
1.430000000000000000e+05 1.169812199999999969e-01 5.272382034979634924e-02
1.440000000000000000e+05 1.357863799999999843e-01 1.864466281394222200e-02
1.450000000000000000e+05 1.401552399999999865e-01 3.309682791378050493e-02
1.460000000000000000e+05 1.538111000000000061e-01 4.702636782499792362e-02
1.470000000000000000e+05 1.499776800000000299e-01 2.394640186110640057e-02
1.480000000000000000e+05 1.450506199999999912e-01 4.069076438453325673e-02
1.490000000000000000e+05 1.531763800000000009e-01 5.713211071687794573e-02
1.500000000000000000e+05 1.523950599999999989e-01 4.463108443444321893e-02
1.510000000000000000e+05 1.554514800000000030e-01 5.372492331089546991e-02
1.520000000000000000e+05 1.648820599999999970e-01 1.807889446239454093e-02
1.530000000000000000e+05 1.895878000000000008e-01 4.106394891833955313e-02
1.540000000000000000e+05 1.716072800000000009e-01 3.359639976505816167e-02
1.550000000000000000e+05 1.654557199999999728e-01 3.187762443698714115e-02
1.560000000000000000e+05 1.738690799999999814e-01 3.160489160363629674e-02
1.570000000000000000e+05 1.671969600000000056e-01 2.960181150974379102e-02
1.580000000000000000e+05 1.688371200000000072e-01 3.457515726265898010e-02
1.590000000000000000e+05 1.655529200000000201e-01 4.085150389077003841e-02
1.600000000000000000e+05 1.689791800000000066e-01 2.462977915519341116e-02
1.610000000000000000e+05 1.661036600000000141e-01 1.702380920106895401e-02
1.620000000000000000e+05 1.624157799999999818e-01 4.327521047040210761e-02
1.630000000000000000e+05 1.818457199999999885e-01 4.652099584262573556e-02
1.640000000000000000e+05 1.858023799999999892e-01 8.153131417376760504e-02
1.650000000000000000e+05 1.748411799999999849e-01 3.371815935660782415e-02
1.660000000000000000e+05 1.561452600000000079e-01 7.979415114266458220e-02
1.670000000000000000e+05 1.860397799999999879e-01 6.500798990076220307e-02
1.680000000000000000e+05 1.688494200000000001e-01 4.480812866926714433e-02
1.690000000000000000e+05 1.937008799999999920e-01 6.482613106997517360e-02
1.700000000000000000e+05 1.983081600000000111e-01 3.243799022742316351e-02
1.710000000000000000e+05 1.861074000000000339e-01 4.632484142811500727e-02
1.720000000000000000e+05 1.889221200000000267e-01 3.972159252972620042e-02
1.730000000000000000e+05 1.927134600000000031e-01 4.279972164893598718e-02
1.740000000000000000e+05 1.907535200000000097e-01 4.265046669917692962e-02
1.750000000000000000e+05 1.900106800000000151e-01 2.187870422181350041e-02
1.760000000000000000e+05 1.685976399999999931e-01 2.717589455923024797e-02
1.770000000000000000e+05 1.713352000000000208e-01 5.266860066267187168e-02
1.780000000000000000e+05 1.883941600000000050e-01 5.166411916022956713e-02
1.790000000000000000e+05 1.705654000000000059e-01 4.341061515929024728e-02
1.800000000000000000e+05 1.878700000000000370e-01 5.264438097586483789e-02
1.810000000000000000e+05 1.605528800000000089e-01 3.432295059842029733e-02
1.820000000000000000e+05 1.785218399999999872e-01 4.741870976712040525e-02
1.830000000000000000e+05 1.694914200000000037e-01 2.530139306673844304e-02
1.840000000000000000e+05 1.910996799999999940e-01 4.289577574211241723e-02
1.850000000000000000e+05 1.673588599999999982e-01 3.232576920196023051e-02
1.860000000000000000e+05 1.672205400000000008e-01 4.525691033699051624e-02
1.870000000000000000e+05 1.523421999999999832e-01 7.055472099016478482e-02
1.880000000000000000e+05 1.787181200000000081e-01 5.581848807323252365e-02
1.890000000000000000e+05 1.898636400000000002e-01 5.465649807558475848e-02
1.900000000000000000e+05 1.600189799999999773e-01 4.964541920702855715e-02
1.910000000000000000e+05 1.662030399999999963e-01 4.155422078540759595e-02
1.920000000000000000e+05 1.663305999999999951e-01 6.315751894693141799e-02
1.930000000000000000e+05 1.537141399999999991e-01 3.014396881265636943e-02
1.940000000000000000e+05 1.916464400000000290e-01 3.211543752954956060e-02
1.950000000000000000e+05 1.705248600000000003e-01 6.234803961025878888e-02
1.960000000000000000e+05 1.750740999999999825e-01 4.064544013711748199e-02
1.970000000000000000e+05 1.833974199999999777e-01 6.238472718136706813e-02
1.980000000000000000e+05 1.640748000000000206e-01 1.763117585925567596e-02
1.990000000000000000e+05 1.658654600000000201e-01 3.170303592317934988e-02
2.000000000000000000e+05 1.669461000000000417e-01 4.360725982581340615e-02
2.010000000000000000e+05 1.620539200000000180e-01 3.734991307943835021e-02
2.020000000000000000e+05 1.658709399999999945e-01 3.359523363125191397e-02
2.030000000000000000e+05 1.426685200000000209e-01 2.834319010199098932e-02
2.040000000000000000e+05 1.767078000000000260e-01 2.283001090722473064e-02
2.050000000000000000e+05 1.482300599999999968e-01 4.187753189855390051e-02
2.060000000000000000e+05 1.673745199999999989e-01 5.384246295244674713e-02
2.070000000000000000e+05 1.746471400000000063e-01 5.611068923064838759e-02
2.080000000000000000e+05 1.606210600000000099e-01 1.762249497495742973e-02
2.090000000000000000e+05 1.916093799999999958e-01 4.278175371059021043e-02
2.100000000000000000e+05 1.845087400000000044e-01 5.262775185065766276e-02
2.110000000000000000e+05 1.783856399999999842e-01 4.234765911323080945e-02
2.120000000000000000e+05 1.903693399999999980e-01 5.684080150605197446e-02
2.130000000000000000e+05 1.772935399999999717e-01 6.127468359962701117e-02
2.140000000000000000e+05 1.650934799999999869e-01 2.399154983817427048e-02
2.150000000000000000e+05 1.534178600000000170e-01 4.867732721781671545e-02
2.160000000000000000e+05 1.674810400000000254e-01 6.107885663686248023e-02
2.170000000000000000e+05 1.415483800000000014e-01 3.322630844962466690e-02
2.180000000000000000e+05 1.615347600000000272e-01 5.648638297581462520e-02
2.190000000000000000e+05 1.725360800000000083e-01 4.676616877168365827e-02
2.200000000000000000e+05 1.681020200000000187e-01 1.934771930522044547e-02
2.210000000000000000e+05 1.615981000000000223e-01 6.384964730054505655e-02
2.220000000000000000e+05 1.524916799999999906e-01 4.606262502886260962e-02
2.230000000000000000e+05 1.654703800000000002e-01 4.670640892299043195e-02
2.240000000000000000e+05 1.545121599999999817e-01 3.980520208744580540e-02
2.250000000000000000e+05 1.685525800000000074e-01 6.836619726872043834e-02
2.260000000000000000e+05 1.522483599999999715e-01 4.198077449760068136e-02
2.270000000000000000e+05 1.523057000000000161e-01 4.040530220216154156e-02
2.280000000000000000e+05 1.536210399999999865e-01 3.851646890703247506e-02
2.290000000000000000e+05 1.454646400000000062e-01 5.512482246148644321e-02
2.300000000000000000e+05 1.625019200000000219e-01 3.869743752050773533e-02
2.310000000000000000e+05 1.510103599999999824e-01 5.592123435964554273e-02
2.320000000000000000e+05 1.804646799999999884e-01 3.983188058715782243e-02
2.330000000000000000e+05 1.931532199999999866e-01 5.332483350276492201e-02
2.340000000000000000e+05 1.834253000000000133e-01 4.186435112789878288e-02
2.350000000000000000e+05 1.859562600000000121e-01 3.910861733575350663e-02
2.360000000000000000e+05 1.713419800000000048e-01 3.267459278383741395e-02
2.370000000000000000e+05 1.779648399999999853e-01 3.603958229517095768e-02
2.380000000000000000e+05 2.058719800000000100e-01 3.918274928891029435e-02
2.390000000000000000e+05 1.876398399999999744e-01 5.181790950478801228e-02
2.400000000000000000e+05 1.781450800000000112e-01 4.946662636964036658e-02
2.410000000000000000e+05 1.891602800000000140e-01 4.587818754869901067e-02
2.420000000000000000e+05 1.892204000000000108e-01 4.552830643048343118e-02
2.430000000000000000e+05 1.896028000000000158e-01 6.030546887203512563e-02
2.440000000000000000e+05 1.831506199999999862e-01 4.120846703527807769e-02
2.450000000000000000e+05 1.764019599999999688e-01 2.937780818540415909e-02
2.460000000000000000e+05 1.816148599999999891e-01 3.556397184570924547e-02
2.470000000000000000e+05 1.787981199999999771e-01 4.354559407919014746e-02
2.480000000000000000e+05 1.947609400000000213e-01 3.892697919390098599e-02
2.490000000000000000e+05 2.059943800000000047e-01 4.186389924946790769e-02
2.500000000000000000e+05 1.579414399999999608e-01 2.916895144591934164e-02
2.510000000000000000e+05 1.848280200000000095e-01 5.899313192121266591e-02
2.520000000000000000e+05 1.837682199999999821e-01 6.152981057878856297e-02
2.530000000000000000e+05 1.633575400000000233e-01 5.284438400422887538e-02
2.540000000000000000e+05 1.953560799999999875e-01 5.159678022518071616e-02
2.550000000000000000e+05 1.824666999999999817e-01 4.510018703016651503e-02
2.560000000000000000e+05 1.874627999999999850e-01 6.061977593218240146e-02
2.570000000000000000e+05 1.918145400000000056e-01 1.591175965575146803e-02
2.580000000000000000e+05 1.825174999999999714e-01 6.092749939411595123e-02
2.590000000000000000e+05 1.768263999999999947e-01 4.137751260508538975e-02
2.600000000000000000e+05 2.182612600000000125e-01 5.124456761408373306e-02
2.610000000000000000e+05 1.967404600000000059e-01 6.294905021480784457e-02
2.620000000000000000e+05 1.905755999999999839e-01 5.543596751889516561e-02
2.630000000000000000e+05 1.769067999999999752e-01 6.797249890925004256e-02
2.640000000000000000e+05 1.753484600000000115e-01 5.187747046896561826e-02
2.650000000000000000e+05 1.978214799999999940e-01 5.897346334677657648e-02
2.660000000000000000e+05 2.147991399999999995e-01 4.310407322941070540e-02
2.670000000000000000e+05 2.010724999999999874e-01 6.780666634943793847e-02
2.680000000000000000e+05 1.973238600000000176e-01 1.429181102262411067e-02
2.690000000000000000e+05 1.966703999999999952e-01 3.595944699641527575e-02
2.700000000000000000e+05 1.962870600000000132e-01 2.327908945475317196e-02
2.710000000000000000e+05 1.829241800000000195e-01 2.868904643806760926e-02
2.720000000000000000e+05 1.691453999999999736e-01 2.010216306749102247e-02
2.730000000000000000e+05 1.944996000000000225e-01 3.873051225465524300e-02
2.740000000000000000e+05 1.546644199999999969e-01 4.614225016963954124e-02
2.750000000000000000e+05 1.667361799999999838e-01 3.839739695148097071e-02
2.760000000000000000e+05 1.558647200000000121e-01 5.372394906044789670e-02
2.770000000000000000e+05 1.923732400000000009e-01 2.768186781744324740e-02
2.780000000000000000e+05 1.752080799999999883e-01 2.829340465821672534e-02
2.790000000000000000e+05 1.604429799999999851e-01 3.039033566082480556e-02
2.800000000000000000e+05 1.908899000000000012e-01 3.085037992861676404e-02
2.810000000000000000e+05 1.756745399999999901e-01 4.106840322128923332e-02
2.820000000000000000e+05 1.759564199999999745e-01 2.805145522773462227e-02
2.830000000000000000e+05 1.720724399999999932e-01 3.110770514683460289e-02
2.840000000000000000e+05 1.937629000000000157e-01 3.447058149744502975e-02
2.850000000000000000e+05 1.567245800000000022e-01 3.424641845667369261e-02
2.860000000000000000e+05 1.819488400000000006e-01 2.742246405811119003e-02
2.870000000000000000e+05 1.815189999999999859e-01 5.267308930252714849e-02
2.880000000000000000e+05 1.697520200000000035e-01 3.384061577249445479e-02
2.890000000000000000e+05 1.756680399999999975e-01 3.110143895909641548e-02
2.900000000000000000e+05 1.731427400000000172e-01 2.752990466809502462e-02
2.910000000000000000e+05 1.839228400000000041e-01 3.628416281495826234e-02
2.920000000000000000e+05 1.793894799999999901e-01 2.321929477235689168e-02
2.930000000000000000e+05 1.881628399999999979e-01 3.046729024397147947e-02
2.940000000000000000e+05 1.781528400000000067e-01 3.239446977646647657e-02
2.950000000000000000e+05 1.791999599999999915e-01 2.683070597435706708e-02
2.960000000000000000e+05 1.959390400000000088e-01 3.525807882994193981e-02
2.970000000000000000e+05 1.760482399999999947e-01 3.301807656757733966e-02
2.980000000000000000e+05 1.955688000000000148e-01 3.513971413503529789e-02
2.990000000000000000e+05 1.957661400000000052e-01 6.381190585803249438e-02
3.000000000000000000e+05 2.000512000000000123e-01 4.553604145166770950e-02
