# Time RMSD_average RMSD_std
0.000000000000000000e+00 2.689999999999999656e-05 3.388131789017201356e-21
1.000000000000000000e+03 5.590311999999999365e-02 1.077043936121456318e-02
2.000000000000000000e+03 6.867291999999999841e-02 2.284867493010480852e-02
3.000000000000000000e+03 6.749900000000000344e-02 1.776262375405164920e-02
4.000000000000000000e+03 9.765332000000000179e-02 2.915066963549207968e-02
5.000000000000000000e+03 6.748508000000000284e-02 2.039751592850462536e-02
6.000000000000000000e+03 7.181793999999999678e-02 2.919882134173227076e-02
7.000000000000000000e+03 8.131961999999999524e-02 1.130676691002339626e-02
8.000000000000000000e+03 6.812451999999999397e-02 1.779912188872248904e-02
9.000000000000000000e+03 9.099167999999999146e-02 3.953762126645456176e-02
1.000000000000000000e+04 8.154081999999999997e-02 1.531702789491486139e-02
1.100000000000000000e+04 9.706384000000001233e-02 2.624411025754922258e-02
1.200000000000000000e+04 8.891136000000000872e-02 6.368248779589565089e-02
1.300000000000000000e+04 9.631463999999999304e-02 3.188989104187092694e-02
1.400000000000000000e+04 9.669082000000001065e-02 3.423209973684933349e-02
1.500000000000000000e+04 8.007210000000000716e-02 2.202068436602277676e-02
1.600000000000000000e+04 9.133565999999999907e-02 3.058440044987640466e-02
1.700000000000000000e+04 9.445987999999999607e-02 2.143394325824345831e-02
1.800000000000000000e+04 8.579548000000000729e-02 2.008548169752471038e-02
1.900000000000000000e+04 1.072356399999999932e-01 3.682709470987902828e-02
2.000000000000000000e+04 9.135576000000000807e-02 1.823509487747184896e-02
2.100000000000000000e+04 9.559860000000000579e-02 3.952683022580991135e-02
2.200000000000000000e+04 9.177636000000000127e-02 1.902909215076746194e-02
2.300000000000000000e+04 6.658321999999999852e-02 3.515928826887142894e-02
2.400000000000000000e+04 7.178384000000000154e-02 9.815800527639098605e-03
2.500000000000000000e+04 1.002744200000000030e-01 2.870927213270305436e-02
2.600000000000000000e+04 7.602294000000001106e-02 1.237005447111693204e-02
2.700000000000000000e+04 7.799429999999998864e-02 2.885030562049559558e-02
2.800000000000000000e+04 7.299632000000000343e-02 2.446743718752742575e-02
2.900000000000000000e+04 8.729267999999999750e-02 1.764492181545727553e-02
3.000000000000000000e+04 8.215027999999999220e-02 2.578681367919658657e-02
3.100000000000000000e+04 6.804129999999999900e-02 2.372928059937763970e-02
3.200000000000000000e+04 9.219370000000000342e-02 2.478527932874673156e-02
3.300000000000000000e+04 1.024341199999999896e-01 3.647040722001332336e-02
3.400000000000000000e+04 8.781318000000000457e-02 2.080696953901745028e-02
3.500000000000000000e+04 1.084771600000000030e-01 2.092871878798126598e-02
3.600000000000000000e+04 8.357429999999999026e-02 3.005618397548165399e-02
3.700000000000000000e+04 6.552215999999999596e-02 1.531327074410950527e-02
3.800000000000000000e+04 7.425191999999999903e-02 1.907917036806370051e-02
3.900000000000000000e+04 8.584614000000000134e-02 3.459826702420801953e-02
4.000000000000000000e+04 7.781071999999999989e-02 2.253958615595237636e-02
4.100000000000000000e+04 9.355479999999999352e-02 2.698391274615303398e-02
4.200000000000000000e+04 6.089607999999999827e-02 1.707742684603274358e-02
4.300000000000000000e+04 7.234449999999999215e-02 1.322340791929221132e-02
4.400000000000000000e+04 9.690766000000000657e-02 1.192108774812097698e-02
4.500000000000000000e+04 6.352796000000000831e-02 2.160038072188543226e-02
4.600000000000000000e+04 8.181098000000000536e-02 1.409173183556939636e-02
4.700000000000000000e+04 5.671437999999999480e-02 1.853867023261377561e-02
4.800000000000000000e+04 7.420577999999999896e-02 1.807227435055145520e-02
4.900000000000000000e+04 8.395326000000000177e-02 4.608140420449880620e-02
5.000000000000000000e+04 8.836040000000000560e-02 2.045968238590227528e-02
5.100000000000000000e+04 1.059508400000000183e-01 2.598210613761709614e-02
5.200000000000000000e+04 8.335079999999998879e-02 2.245071262405716819e-02
5.300000000000000000e+04 1.092677199999999987e-01 1.588569989448371939e-02
5.400000000000000000e+04 9.492818000000000089e-02 3.392648512613117423e-02
5.500000000000000000e+04 6.451690000000000202e-02 1.796266050984652793e-02
5.600000000000000000e+04 9.674839999999999829e-02 3.093130124110526208e-02
5.700000000000000000e+04 7.548080000000000067e-02 1.388510842118274684e-02
5.800000000000000000e+04 7.065148000000001649e-02 1.161507753265556345e-02
5.900000000000000000e+04 8.834104000000000956e-02 2.787477466603810808e-02
6.000000000000000000e+04 7.632279999999999620e-02 2.400866188049638125e-02
6.100000000000000000e+04 9.349514000000000435e-02 3.117209941255802072e-02
6.200000000000000000e+04 8.305915999999999300e-02 2.849461759424751217e-02
6.300000000000000000e+04 9.186836000000001001e-02 2.843850533882539069e-02
6.400000000000000000e+04 8.753385999999999112e-02 3.159587659196053805e-02
6.500000000000000000e+04 1.017984799999999967e-01 2.168673694748935940e-02
6.600000000000000000e+04 8.924743999999999733e-02 2.020692815274998874e-02
6.700000000000000000e+04 8.890359999999999929e-02 2.042061303173829320e-02
6.800000000000000000e+04 7.263842000000000909e-02 1.596071411803369478e-02
6.900000000000000000e+04 6.694096000000000768e-02 7.348108413353739155e-03
7.000000000000000000e+04 6.877656000000000047e-02 2.445290105763322369e-02
7.100000000000000000e+04 6.676595999999998532e-02 1.448983921754827195e-02
7.200000000000000000e+04 7.660730000000000317e-02 1.856926112348038574e-02
7.300000000000000000e+04 7.335153999999999286e-02 1.399299819561197582e-02
7.400000000000000000e+04 7.943155999999999828e-02 1.781497783446277586e-02
7.500000000000000000e+04 6.984162000000000703e-02 1.667641963748814002e-02
7.600000000000000000e+04 9.171314000000001243e-02 3.169267240966593124e-02
7.700000000000000000e+04 6.500564000000000342e-02 1.910205421378548957e-02
7.800000000000000000e+04 8.786080000000000279e-02 3.251438423129061200e-02
7.900000000000000000e+04 9.097489999999999744e-02 2.660564102441435180e-02
8.000000000000000000e+04 7.688912000000000524e-02 2.319726073935455060e-02
8.100000000000000000e+04 7.923791999999998947e-02 5.942227069845110177e-03
8.200000000000000000e+04 7.985310000000001018e-02 2.551914683276068629e-02
8.300000000000000000e+04 6.967550000000000132e-02 9.807929052149591889e-03
8.400000000000000000e+04 5.958790000000000614e-02 1.067912698023578896e-02
8.500000000000000000e+04 7.878080000000001193e-02 1.384125716082177521e-02
8.600000000000000000e+04 8.823021999999999809e-02 2.671857829618934019e-02
8.700000000000000000e+04 7.603255999999999903e-02 8.780686588325538680e-03
8.800000000000000000e+04 7.917200000000000626e-02 1.694118353327181067e-02
8.900000000000000000e+04 8.707650000000000112e-02 1.403822769369409904e-02
9.000000000000000000e+04 8.604536000000000129e-02 2.752697227205345987e-02
9.100000000000000000e+04 8.533668000000001197e-02 1.574239717176516631e-02
9.200000000000000000e+04 8.124591999999999925e-02 2.123898446587312722e-02
9.300000000000000000e+04 9.248631999999999687e-02 4.173574494322104117e-02
9.400000000000000000e+04 8.399974000000000329e-02 1.923417203495902950e-02
9.500000000000000000e+04 9.145351999999999648e-02 1.794035960234911450e-02
9.600000000000000000e+04 9.059973999999999805e-02 2.660566121580893589e-02
9.700000000000000000e+04 1.151114000000000026e-01 3.045270357449400556e-02
9.800000000000000000e+04 8.461367999999999667e-02 2.594131383152364217e-02
9.900000000000000000e+04 1.012524800000000058e-01 2.763886029020733853e-02
1.000000000000000000e+05 1.300845399999999985e-01 3.333021503870624985e-02
1.010000000000000000e+05 9.948145999999999378e-02 2.415127788168567810e-02
1.020000000000000000e+05 1.064713399999999976e-01 2.543199115952975847e-02
1.030000000000000000e+05 9.576679999999999915e-02 3.735775948276341685e-02
1.040000000000000000e+05 1.011229399999999945e-01 3.457777872967551097e-02
1.050000000000000000e+05 1.011964600000000020e-01 2.229756699432474190e-02
1.060000000000000000e+05 1.048011599999999904e-01 2.698766921159365118e-02
1.070000000000000000e+05 7.609056000000000153e-02 2.335946667692565676e-02
1.080000000000000000e+05 1.046866800000000042e-01 3.152559510146635963e-02
1.090000000000000000e+05 8.137795999999999919e-02 1.665827865700415106e-02
1.100000000000000000e+05 9.518880000000000396e-02 3.040331024497168119e-02
1.110000000000000000e+05 1.003613200000000177e-01 2.624283802071719976e-02
1.120000000000000000e+05 9.312534000000001477e-02 3.164240321736640216e-02
1.130000000000000000e+05 8.871527999999999359e-02 2.247559058582443425e-02
1.140000000000000000e+05 1.088573399999999969e-01 7.085160884890616406e-02
1.150000000000000000e+05 8.133966000000000807e-02 1.762394410324771843e-02
1.160000000000000000e+05 1.161822400000000199e-01 3.393779635354069596e-02
1.170000000000000000e+05 1.123891200000000090e-01 2.890991506700772012e-02
1.180000000000000000e+05 9.479366000000000181e-02 3.255049682862613120e-02
1.190000000000000000e+05 1.200292799999999882e-01 2.731183568904880371e-02
1.200000000000000000e+05 8.960769999999999846e-02 2.812572354710186212e-02
1.210000000000000000e+05 9.839773999999998355e-02 4.717865084673786985e-02
1.220000000000000000e+05 8.833830000000000848e-02 2.402162128500072782e-02
1.230000000000000000e+05 1.044226600000000005e-01 2.690698490478634144e-02
1.240000000000000000e+05 8.110184000000000837e-02 2.254971118215043022e-02
1.250000000000000000e+05 1.017521600000000082e-01 3.719905116610368323e-02
1.260000000000000000e+05 8.905979999999999452e-02 2.285574439531559005e-02
1.270000000000000000e+05 8.348266000000000020e-02 2.789309747020577920e-02
1.280000000000000000e+05 7.211294000000000037e-02 2.495146190375225823e-02
1.290000000000000000e+05 9.047447999999999602e-02 2.825397497219815646e-02
1.300000000000000000e+05 8.637011999999999468e-02 4.245834766249859810e-02
1.310000000000000000e+05 6.538079999999998893e-02 1.855195295951345136e-02
1.320000000000000000e+05 8.542894000000000876e-02 1.845566440847904235e-02
1.330000000000000000e+05 8.398419999999999497e-02 2.030740293932239635e-02
1.340000000000000000e+05 7.253793999999999520e-02 1.481602070821986736e-02
1.350000000000000000e+05 7.667038000000001019e-02 2.110077114414541863e-02
1.360000000000000000e+05 8.903955999999998983e-02 1.852935440695115121e-02
1.370000000000000000e+05 8.700250000000001038e-02 2.109675848190901634e-02
1.380000000000000000e+05 7.430200000000000693e-02 2.299637521462893561e-02
1.390000000000000000e+05 7.781184000000000711e-02 1.740951876492856723e-02
1.400000000000000000e+05 8.581785999999999581e-02 2.199788025147877968e-02
1.410000000000000000e+05 8.581582000000000099e-02 3.740764829167425587e-02
1.420000000000000000e+05 7.524299999999999045e-02 1.432102155741691446e-02
1.430000000000000000e+05 7.230522000000000338e-02 1.443926343487090917e-02
1.440000000000000000e+05 8.793693999999999122e-02 4.057027034332406218e-02
1.450000000000000000e+05 6.776287999999999756e-02 2.263174347569360187e-02
1.460000000000000000e+05 8.862720000000000320e-02 4.115507390866891130e-02
1.470000000000000000e+05 7.031163999999999470e-02 1.327441871459537903e-02
1.480000000000000000e+05 7.293390000000000983e-02 1.600433900203316814e-02
1.490000000000000000e+05 9.156074000000000157e-02 1.772268491223607037e-02
1.500000000000000000e+05 8.761692000000001479e-02 1.762446865416373437e-02
1.510000000000000000e+05 8.929940000000000100e-02 1.189953709687902213e-02
1.520000000000000000e+05 9.648070000000000257e-02 2.532379801246250825e-02
1.530000000000000000e+05 9.566909999999999303e-02 4.605647697811894592e-02
1.540000000000000000e+05 7.416256000000000237e-02 2.565950783195967630e-02
1.550000000000000000e+05 8.437917999999999807e-02 2.216100160826671439e-02
1.560000000000000000e+05 9.468055999999999695e-02 1.683418071158795937e-02
1.570000000000000000e+05 9.240945999999999882e-02 2.314928037798151539e-02
1.580000000000000000e+05 1.005821999999999966e-01 2.020755073659348880e-02
1.590000000000000000e+05 9.977230000000000820e-02 2.723218137432254979e-02
1.600000000000000000e+05 9.789975999999998846e-02 2.252037124122069009e-02
1.610000000000000000e+05 1.155390599999999990e-01 1.296680568491715563e-02
1.620000000000000000e+05 1.038014600000000121e-01 2.634702576941844870e-02
1.630000000000000000e+05 1.027808199999999950e-01 2.542392025344636375e-02
1.640000000000000000e+05 1.024226599999999987e-01 3.874316928433192003e-02
1.650000000000000000e+05 1.244323800000000091e-01 4.688898611880620154e-02
1.660000000000000000e+05 1.011756400000000111e-01 3.199513181086147823e-02
1.670000000000000000e+05 1.101553400000000044e-01 2.815478476455467172e-02
1.680000000000000000e+05 1.140745399999999882e-01 2.663662277298681907e-02
1.690000000000000000e+05 1.111281600000000036e-01 4.328035835519849356e-02
1.700000000000000000e+05 1.268119600000000013e-01 2.500518475545421282e-02
1.710000000000000000e+05 1.038226599999999972e-01 2.426559771352026704e-02
1.720000000000000000e+05 1.033208399999999971e-01 2.332270441459137131e-02
1.730000000000000000e+05 1.053110399999999947e-01 2.473919346564070962e-02
1.740000000000000000e+05 1.284642799999999863e-01 3.716295508171544443e-02
1.750000000000000000e+05 1.099752799999999808e-01 4.820604427896568039e-02
1.760000000000000000e+05 8.735086000000000239e-02 1.282514862020709551e-02
1.770000000000000000e+05 1.394137599999999977e-01 6.460056502541135226e-02
1.780000000000000000e+05 1.252391199999999816e-01 2.892779891615675572e-02
1.790000000000000000e+05 1.089704199999999845e-01 3.777664956654574330e-02
1.800000000000000000e+05 9.773470000000000768e-02 4.350068685807156194e-02
1.810000000000000000e+05 8.983494000000000201e-02 1.804921720480974143e-02
1.820000000000000000e+05 1.069544400000000117e-01 3.280462771833266705e-02
1.830000000000000000e+05 9.601582000000000172e-02 3.084002986311135119e-02
1.840000000000000000e+05 1.059823200000000049e-01 2.805572989015969743e-02
1.850000000000000000e+05 8.636307999999999485e-02 1.603281128715734402e-02
1.860000000000000000e+05 1.012260799999999961e-01 5.255973292966394095e-02
1.870000000000000000e+05 1.115520000000000123e-01 3.944380468418328539e-02
1.880000000000000000e+05 1.050052600000000169e-01 4.194411052849256194e-02
1.890000000000000000e+05 9.557327999999999657e-02 2.272789162376483846e-02
1.900000000000000000e+05 8.123025999999999858e-02 3.428132236169427471e-02
1.910000000000000000e+05 9.143538000000001054e-02 2.481027451733656269e-02
1.920000000000000000e+05 7.681477999999999917e-02 3.659235650626507796e-02
1.930000000000000000e+05 9.202541999999999667e-02 1.796769461332199322e-02
1.940000000000000000e+05 8.132696000000000369e-02 1.776924316481712229e-02
1.950000000000000000e+05 1.005467200000000061e-01 4.105588150764272887e-02
1.960000000000000000e+05 8.392452000000000245e-02 3.848877201867578757e-02
1.970000000000000000e+05 1.009829399999999933e-01 4.272806424890320670e-02
1.980000000000000000e+05 8.394589999999998997e-02 1.722722158410926185e-02
1.990000000000000000e+05 9.022331999999999574e-02 2.062759188615093803e-02
2.000000000000000000e+05 8.379783999999998456e-02 1.416515687051858770e-02
2.010000000000000000e+05 9.189866000000000701e-02 1.563831683943000053e-02
2.020000000000000000e+05 9.691189999999998139e-02 1.942585652402488081e-02
2.030000000000000000e+05 7.169346000000001440e-02 1.326540845365871239e-02
2.040000000000000000e+05 1.232758599999999871e-01 5.114485625376612860e-02
2.050000000000000000e+05 8.626218000000000774e-02 4.549506319500611767e-02
2.060000000000000000e+05 8.458298000000000205e-02 3.012982752990132559e-02
2.070000000000000000e+05 1.037409199999999865e-01 2.258191009736775640e-02
2.080000000000000000e+05 1.047294400000000208e-01 2.460888789121523645e-02
2.090000000000000000e+05 1.157545599999999925e-01 2.558090737191313913e-02
2.100000000000000000e+05 1.072004000000000012e-01 2.539397801597851126e-02
2.110000000000000000e+05 9.628232000000000457e-02 1.390491157417406663e-02
2.120000000000000000e+05 1.008520800000000106e-01 1.164953111835837114e-02
2.130000000000000000e+05 1.023658799999999924e-01 2.878795944664366835e-02
2.140000000000000000e+05 8.399840000000000084e-02 1.944244948086531685e-02
2.150000000000000000e+05 8.626828000000000274e-02 2.291376956115252425e-02
2.160000000000000000e+05 1.045282400000000084e-01 2.292546744662799299e-02
2.170000000000000000e+05 7.047132000000000396e-02 4.702329981785624904e-03
2.180000000000000000e+05 9.573694000000000648e-02 3.163090721276264755e-02
2.190000000000000000e+05 1.089929000000000175e-01 2.830678969731467709e-02
2.200000000000000000e+05 9.323649999999999993e-02 2.126437696552617093e-02
2.210000000000000000e+05 8.789134000000001223e-02 2.185066543587173976e-02
2.220000000000000000e+05 9.304546000000001038e-02 1.553327920210024332e-02
2.230000000000000000e+05 6.930158000000000151e-02 2.405682022258137306e-02
2.240000000000000000e+05 8.297360000000000846e-02 1.932420474006627670e-02
2.250000000000000000e+05 9.084208000000000560e-02 3.074867963223136200e-02
2.260000000000000000e+05 6.998899999999999566e-02 1.360674406887996124e-02
2.270000000000000000e+05 8.727090000000001235e-02 1.629809035390343205e-02
2.280000000000000000e+05 7.711845999999999979e-02 1.810785088745762994e-02
2.290000000000000000e+05 9.009249999999999203e-02 5.217948852183201640e-03
2.300000000000000000e+05 8.942111999999999283e-02 2.751877770391701269e-02
2.310000000000000000e+05 1.141946199999999967e-01 3.004136175824258584e-02
2.320000000000000000e+05 9.378797999999999302e-02 3.664690245810141994e-02
2.330000000000000000e+05 9.603133999999999282e-02 2.690441221350876877e-02
2.340000000000000000e+05 1.000958600000000087e-01 1.146929394070968916e-02
2.350000000000000000e+05 8.931812000000000085e-02 3.451821144656253004e-02
2.360000000000000000e+05 9.164701999999999571e-02 1.270333395568265522e-02
2.370000000000000000e+05 8.952342000000000632e-02 1.667582850588240212e-02
2.380000000000000000e+05 1.050073400000000046e-01 2.853321422704424570e-02
2.390000000000000000e+05 8.481110000000000038e-02 3.630969235655955724e-02
2.400000000000000000e+05 1.184595000000000092e-01 3.743542088284837477e-02
2.410000000000000000e+05 1.094870199999999905e-01 3.334726871642713225e-02
2.420000000000000000e+05 9.050378000000000589e-02 3.199081279682652879e-02
2.430000000000000000e+05 1.128689199999999976e-01 4.075790267147710172e-02
2.440000000000000000e+05 9.567161999999999888e-02 1.467248599405022308e-02
2.450000000000000000e+05 9.771130000000001481e-02 3.121665259069268325e-02
2.460000000000000000e+05 8.923729999999999163e-02 2.845131146903425584e-02
2.470000000000000000e+05 1.144975200000000193e-01 3.965411206790035031e-02
2.480000000000000000e+05 1.069377400000000033e-01 2.289239800847433712e-02
2.490000000000000000e+05 1.324712800000000246e-01 3.167436371612854240e-02
2.500000000000000000e+05 1.049785599999999847e-01 1.655083545149307889e-02
2.510000000000000000e+05 1.012340399999999974e-01 2.987029027891091940e-02
2.520000000000000000e+05 8.340237999999999818e-02 1.037245931886936721e-02
2.530000000000000000e+05 9.159623999999999544e-02 2.787596981678665264e-02
2.540000000000000000e+05 1.021884399999999776e-01 2.862228823826634683e-02
2.550000000000000000e+05 1.054707000000000006e-01 1.394755024411097402e-02
2.560000000000000000e+05 1.069398800000000149e-01 5.868601507403276019e-02
2.570000000000000000e+05 9.928622000000000836e-02 1.960932670740124853e-02
2.580000000000000000e+05 1.036081000000000085e-01 2.559511791080478285e-02
2.590000000000000000e+05 1.072040399999999866e-01 2.499040838678711490e-02
2.600000000000000000e+05 1.083320000000000116e-01 2.501500583993535726e-02
2.610000000000000000e+05 1.042553799999999808e-01 2.776692298677690962e-02
2.620000000000000000e+05 1.044218399999999880e-01 2.606210936993396884e-02
2.630000000000000000e+05 8.727621999999998770e-02 2.595776836628295101e-02
2.640000000000000000e+05 9.660828000000000471e-02 2.249820213416174261e-02
2.650000000000000000e+05 1.001261400000000024e-01 3.044748323021789424e-02
2.660000000000000000e+05 1.190768799999999822e-01 2.014303114145435739e-02
2.670000000000000000e+05 9.727563999999999655e-02 2.819670724021512004e-02
2.680000000000000000e+05 1.026303400000000005e-01 2.390529511941653223e-02
2.690000000000000000e+05 9.433083999999998526e-02 2.716525990014451858e-02
2.700000000000000000e+05 9.744179999999999509e-02 2.381273676644496753e-02
2.710000000000000000e+05 1.077990199999999954e-01 3.618717732663878639e-02
2.720000000000000000e+05 9.580412000000000650e-02 2.123696415012277239e-02
2.730000000000000000e+05 1.193889200000000095e-01 1.646435981523727138e-02
2.740000000000000000e+05 8.201503999999999739e-02 2.942983947816229379e-02
2.750000000000000000e+05 1.155869199999999958e-01 2.513866055965591900e-02
2.760000000000000000e+05 1.071834999999999871e-01 3.073150465961600394e-02
2.770000000000000000e+05 1.061487200000000020e-01 3.556783567131405199e-02
2.780000000000000000e+05 1.028093399999999991e-01 2.002311974479501280e-02
2.790000000000000000e+05 1.029103999999999852e-01 2.987327414576446474e-02
2.800000000000000000e+05 1.080628399999999933e-01 1.580119932696249369e-02
2.810000000000000000e+05 9.574655999999999445e-02 2.187315184902257834e-02
2.820000000000000000e+05 1.068539200000000050e-01 1.838942368921875348e-02
2.830000000000000000e+05 7.807144000000000583e-02 2.952503888970173587e-02
2.840000000000000000e+05 1.000008599999999970e-01 2.124996718120759909e-02
2.850000000000000000e+05 1.085142600000000151e-01 1.927047822837824401e-02
2.860000000000000000e+05 1.020673799999999992e-01 3.137558976308812281e-02
2.870000000000000000e+05 1.224042600000000008e-01 2.642764547239121603e-02
2.880000000000000000e+05 1.079641800000000068e-01 2.679844502827729430e-02
2.890000000000000000e+05 1.211794599999999889e-01 2.587528575638151085e-02
2.900000000000000000e+05 1.042240400000000039e-01 1.689411797539012994e-02
2.910000000000000000e+05 9.613646000000000691e-02 2.018242324842088251e-02
2.920000000000000000e+05 1.156350000000000017e-01 1.747685060015104555e-02
2.930000000000000000e+05 1.203692799999999952e-01 2.618345645398253638e-02
2.940000000000000000e+05 1.191214599999999846e-01 2.730479522967348832e-02
2.950000000000000000e+05 1.083827599999999947e-01 1.774942869723980174e-02
2.960000000000000000e+05 1.133892599999999778e-01 2.725672920844319017e-02
2.970000000000000000e+05 1.212521599999999838e-01 1.998166623348512916e-02
2.980000000000000000e+05 1.188971600000000156e-01 1.143974618784874761e-02
2.990000000000000000e+05 1.198061999999999738e-01 4.631412713093057548e-02
3.000000000000000000e+05 1.206368400000000091e-01 3.955989695909735426e-02
