# Time RMSD_average RMSD_std
0.000000000000000000e+00 2.566000000000000166e-05 8.479999999999998430e-06
1.000000000000000000e+03 1.876067800000000008e-01 3.667041540628630802e-02
2.000000000000000000e+03 1.717451000000000116e-01 4.033182178950015656e-02
3.000000000000000000e+03 1.537323800000000296e-01 5.466665910020111069e-02
4.000000000000000000e+03 1.927487799999999807e-01 2.911673739562178204e-02
5.000000000000000000e+03 2.170330400000000104e-01 3.048141213202563288e-02
6.000000000000000000e+03 2.386213399999999873e-01 2.875634116702610599e-02
7.000000000000000000e+03 2.297386800000000007e-01 4.439463472796684879e-02
8.000000000000000000e+03 2.407024599999999792e-01 8.267053440762554828e-02
9.000000000000000000e+03 2.310399799999999781e-01 8.016477251442556684e-02
1.000000000000000000e+04 2.660829399999999900e-01 1.014662365037473923e-01
1.100000000000000000e+04 1.918955599999999928e-01 6.351610917588072780e-02
1.200000000000000000e+04 2.373877000000000348e-01 7.921550344757015416e-02
1.300000000000000000e+04 1.923105599999999915e-01 5.786191991490086117e-02
1.400000000000000000e+04 1.666808999999999930e-01 1.688030287453397629e-02
1.500000000000000000e+04 2.438512999999999931e-01 5.736547448753474138e-02
1.600000000000000000e+04 2.018568799999999608e-01 6.784018679769093785e-02
1.700000000000000000e+04 2.711429599999999884e-01 4.565675287506108793e-02
1.800000000000000000e+04 2.008535799999999760e-01 3.905753077179355270e-02
1.900000000000000000e+04 2.107698400000000416e-01 4.299855255748035593e-02
2.000000000000000000e+04 2.998173999999999562e-01 6.946296365528899230e-02
2.100000000000000000e+04 2.765760199999999780e-01 1.009923279582642386e-01
2.200000000000000000e+04 3.153422200000000064e-01 8.571948142711550978e-02
2.300000000000000000e+04 2.967133000000000131e-01 1.458483982342486940e-01
2.400000000000000000e+04 2.930399600000000437e-01 1.261588369752131011e-01
2.500000000000000000e+04 2.660543000000000213e-01 8.343675297224839582e-02
2.600000000000000000e+04 2.029184199999999882e-01 7.991735807738892250e-02
2.700000000000000000e+04 2.623102199999999828e-01 7.953249785277460848e-02
2.800000000000000000e+04 2.201343399999999839e-01 5.092860990820777950e-02
2.900000000000000000e+04 2.255491599999999985e-01 7.798045104115773618e-02
3.000000000000000000e+04 2.268200199999999833e-01 8.789543636670564541e-02
3.100000000000000000e+04 2.356335399999999747e-01 8.150527799951608199e-02
3.200000000000000000e+04 2.706083199999999578e-01 1.063499328829952684e-01
3.300000000000000000e+04 2.987815799999999911e-01 5.570953223574579005e-02
3.400000000000000000e+04 3.097029000000000032e-01 9.764441780151079942e-02
3.500000000000000000e+04 2.614230600000000404e-01 1.044979504043136859e-01
3.600000000000000000e+04 2.811418600000000212e-01 6.299923540166499358e-02
3.700000000000000000e+04 2.762082799999999727e-01 1.327669396131341273e-01
3.800000000000000000e+04 2.048758799999999825e-01 5.334342571666728094e-02
3.900000000000000000e+04 2.192127599999999510e-01 6.209643339189780537e-02
4.000000000000000000e+04 2.521713800000000005e-01 7.798208310706761237e-02
4.100000000000000000e+04 2.394393800000000350e-01 1.306431839482550261e-01
4.200000000000000000e+04 2.295841000000000132e-01 8.443126911738328688e-02
4.300000000000000000e+04 2.718501799999999968e-01 1.090670433725495214e-01
4.400000000000000000e+04 2.242039000000000115e-01 1.148632215237061910e-01
4.500000000000000000e+04 2.328581600000000085e-01 9.281544147661206778e-02
4.600000000000000000e+04 2.386265999999999943e-01 1.105701299619567118e-01
4.700000000000000000e+04 3.007906399999999980e-01 1.145016614250919940e-01
4.800000000000000000e+04 2.737263799999999914e-01 7.115064215059201114e-02
4.900000000000000000e+04 1.890901199999999727e-01 2.147434456791639037e-02
5.000000000000000000e+04 2.082243199999999628e-01 1.047656548749904132e-01
5.100000000000000000e+04 2.312151200000000240e-01 8.666258148604620570e-02
5.200000000000000000e+04 2.381013999999999908e-01 1.466799214348439850e-01
5.300000000000000000e+04 1.993640400000000201e-01 8.591355993940887059e-02
5.400000000000000000e+04 2.303350000000000120e-01 1.062334879193373716e-01
5.500000000000000000e+04 2.076893400000000001e-01 3.754528425986944362e-02
5.600000000000000000e+04 2.280617600000000300e-01 8.251581620621829816e-02
5.700000000000000000e+04 2.498868799999999779e-01 4.345976940051108489e-02
5.800000000000000000e+04 3.158268000000000186e-01 1.052359999757687542e-01
5.900000000000000000e+04 3.074717999999999618e-01 1.084020994496508739e-01
6.000000000000000000e+04 2.696746600000000660e-01 1.222197126567658304e-01
6.100000000000000000e+04 3.003837599999999997e-01 1.344392927460807685e-01
6.200000000000000000e+04 3.671124599999999738e-01 1.250377254011540429e-01
6.300000000000000000e+04 3.105842600000000009e-01 1.585259853855714163e-01
6.400000000000000000e+04 3.476345399999999364e-01 1.442751259242507078e-01
6.500000000000000000e+04 2.940940799999999800e-01 1.191974631945898477e-01
6.600000000000000000e+04 2.689453800000000117e-01 9.047959576975131424e-02
6.700000000000000000e+04 2.807161400000000029e-01 1.030309762683165181e-01
6.800000000000000000e+04 3.401974200000000281e-01 9.184772322130581312e-02
6.900000000000000000e+04 3.493215000000000070e-01 1.394580911983668292e-01
7.000000000000000000e+04 3.471218799999999938e-01 8.968405588572363196e-02
7.100000000000000000e+04 3.702560799999999874e-01 1.403750561137041830e-01
7.200000000000000000e+04 3.500352600000000147e-01 1.437934156595301050e-01
7.300000000000000000e+04 3.149396400000000207e-01 1.032429314267587078e-01
7.400000000000000000e+04 3.857499600000000028e-01 8.926533401997888140e-02
7.500000000000000000e+04 2.848115999999999426e-01 1.475141624559621611e-01
7.600000000000000000e+04 2.429917399999999839e-01 9.124365795564313986e-02
7.700000000000000000e+04 2.551747800000000455e-01 1.080772488240036577e-01
7.800000000000000000e+04 2.705032600000000231e-01 9.002868240516685716e-02
7.900000000000000000e+04 2.920638999999999874e-01 1.662291124903095829e-01
8.000000000000000000e+04 2.690766599999999675e-01 8.908559425383209829e-02
8.100000000000000000e+04 2.393359399999999970e-01 9.192833318181289903e-02
8.200000000000000000e+04 2.829353800000000141e-01 8.882654747331791834e-02
8.300000000000000000e+04 3.004977600000000026e-01 1.537903189413117877e-01
8.400000000000000000e+04 3.020233200000000395e-01 9.807102111778788489e-02
8.500000000000000000e+04 2.776475800000000049e-01 8.406248351097889149e-02
8.600000000000000000e+04 2.334904999999999897e-01 8.584887241845405581e-02
8.700000000000000000e+04 3.132333600000000162e-01 1.447474157622387347e-01
8.800000000000000000e+04 2.469679399999999414e-01 1.298354464857205404e-01
8.900000000000000000e+04 2.869468800000000153e-01 9.810696366726268103e-02
9.000000000000000000e+04 3.177656600000000053e-01 7.206626313180392041e-02
9.100000000000000000e+04 2.850478999999999652e-01 1.073320561869006567e-01
9.200000000000000000e+04 2.688371600000000194e-01 4.667412666930576687e-02
9.300000000000000000e+04 3.031537000000000259e-01 9.932725410007064992e-02
9.400000000000000000e+04 3.004240399999999478e-01 1.106644473980257365e-01
9.500000000000000000e+04 3.041159199999999840e-01 6.263440977709937296e-02
9.600000000000000000e+04 3.163631800000000216e-01 3.708728687873513730e-02
9.700000000000000000e+04 2.656792399999999832e-01 1.495827930803219352e-01
9.800000000000000000e+04 2.749229200000000151e-01 9.029191405332817610e-02
9.900000000000000000e+04 2.994081199999999998e-01 9.321125911490306393e-02
1.000000000000000000e+05 2.238373200000000340e-01 9.503292693312986872e-02
1.010000000000000000e+05 1.924422399999999866e-01 6.174056999440805105e-02
1.020000000000000000e+05 2.499012200000000072e-01 7.246414166434042570e-02
1.030000000000000000e+05 2.552176199999999784e-01 9.760356696738904658e-02
1.040000000000000000e+05 2.543141599999999558e-01 1.032974922557290398e-01
1.050000000000000000e+05 2.231274399999999825e-01 1.194106860506479184e-01
1.060000000000000000e+05 2.515893599999999841e-01 1.326616975989769187e-01
1.070000000000000000e+05 2.652812999999999977e-01 1.036575922515664133e-01
1.080000000000000000e+05 2.188861000000000279e-01 7.967362834908423008e-02
1.090000000000000000e+05 1.882097799999999932e-01 6.698770930110686805e-02
1.100000000000000000e+05 2.277800399999999892e-01 7.895302346506054281e-02
1.110000000000000000e+05 2.343466200000000055e-01 8.028540823171792518e-02
1.120000000000000000e+05 2.448117599999999894e-01 1.331331446081643333e-01
1.130000000000000000e+05 2.184284600000000187e-01 6.142959218365689339e-02
1.140000000000000000e+05 1.909993600000000069e-01 7.185231509351942825e-02
1.150000000000000000e+05 2.837655199999999933e-01 1.428086682518312500e-01
1.160000000000000000e+05 1.714121599999999801e-01 8.156955092303991295e-02
1.170000000000000000e+05 2.689429399999999637e-01 9.798618408744368125e-02
1.180000000000000000e+05 2.304952999999999863e-01 1.067124673800957518e-01
1.190000000000000000e+05 2.445787600000000062e-01 8.045451471219249029e-02
1.200000000000000000e+05 2.647591799999999829e-01 1.131434970493912229e-01
1.210000000000000000e+05 2.278661599999999843e-01 4.249721350275097870e-02
1.220000000000000000e+05 1.976427199999999940e-01 4.045066956580076895e-02
1.230000000000000000e+05 2.356965999999999506e-01 7.196431243465054028e-02
1.240000000000000000e+05 2.629321000000000019e-01 9.392700959123526094e-02
1.250000000000000000e+05 2.974897999999999709e-01 8.394337240628349517e-02
1.260000000000000000e+05 2.947370800000000401e-01 1.126546514787454406e-01
1.270000000000000000e+05 2.462614799999999771e-01 8.921868907849744845e-02
1.280000000000000000e+05 1.797058599999999950e-01 4.050345135464878538e-02
1.290000000000000000e+05 1.697356999999999894e-01 4.103455074680360110e-02
1.300000000000000000e+05 2.522805799999999765e-01 9.820839090956332007e-02
1.310000000000000000e+05 2.626019800000000126e-01 5.518371867481929038e-02
1.320000000000000000e+05 2.758831600000000162e-01 6.932724015345194390e-02
1.330000000000000000e+05 2.325663800000000170e-01 1.155273736093121728e-01
1.340000000000000000e+05 1.946041199999999916e-01 5.757452753401976625e-02
1.350000000000000000e+05 2.547632000000000230e-01 9.895316445763621682e-02
1.360000000000000000e+05 2.504975799999999975e-01 1.214470000879297046e-01
1.370000000000000000e+05 2.213994400000000307e-01 1.051456040069122522e-01
1.380000000000000000e+05 2.117674800000000079e-01 4.027467010642794137e-02
1.390000000000000000e+05 2.637880799999999804e-01 6.207435361005058522e-02
1.400000000000000000e+05 2.558862600000000320e-01 5.946066329325967736e-02
1.410000000000000000e+05 3.010080199999999873e-01 1.045762150608903901e-01
1.420000000000000000e+05 3.158427400000000107e-01 1.326684910864459888e-01
1.430000000000000000e+05 2.901262799999999586e-01 7.787027405973089011e-02
1.440000000000000000e+05 3.718861599999999656e-01 1.058057337013755678e-01
1.450000000000000000e+05 2.919139399999999829e-01 9.311813535771858164e-02
1.460000000000000000e+05 2.952390000000000292e-01 7.652578328539995367e-02
1.470000000000000000e+05 2.806150600000000273e-01 4.711772097029312545e-02
1.480000000000000000e+05 3.044039399999999840e-01 5.083246972916424800e-02
1.490000000000000000e+05 2.865806000000000187e-01 3.511853288353600916e-02
1.500000000000000000e+05 2.305352599999999919e-01 5.599907898151898489e-02
1.510000000000000000e+05 2.414696999999999816e-01 9.111124380771014331e-02
1.520000000000000000e+05 2.271074800000000005e-01 9.803001699696679838e-02
1.530000000000000000e+05 2.835390599999999539e-01 5.114236846602237402e-02
1.540000000000000000e+05 2.769481800000000438e-01 8.010555878318059708e-02
1.550000000000000000e+05 2.634048199999999840e-01 4.570532837792109365e-02
1.560000000000000000e+05 3.219294999999999796e-01 6.937665028267075984e-02
1.570000000000000000e+05 2.822359200000000290e-01 1.123490577948457886e-01
1.580000000000000000e+05 2.848932600000000370e-01 1.335326399511610196e-01
1.590000000000000000e+05 3.250805999999999973e-01 6.207212038237457791e-02
1.600000000000000000e+05 3.606276800000000060e-01 8.887858818193279664e-02
1.610000000000000000e+05 3.328776000000000512e-01 7.765309539924342142e-02
1.620000000000000000e+05 3.688906399999999364e-01 7.242106781882190480e-02
1.630000000000000000e+05 2.928450599999999904e-01 1.637271069073169966e-02
1.640000000000000000e+05 1.993742400000000359e-01 5.302026614111249314e-02
1.650000000000000000e+05 2.429202000000000028e-01 8.178275854388870891e-02
1.660000000000000000e+05 2.380528199999999983e-01 8.235095408660181304e-02
1.670000000000000000e+05 2.515584999999999627e-01 8.518920080705066900e-02
1.680000000000000000e+05 2.339828600000000147e-01 1.376745675853111306e-01
1.690000000000000000e+05 2.174757399999999730e-01 4.931163766060096820e-02
1.700000000000000000e+05 2.696569200000000222e-01 1.025187213423070509e-01
1.710000000000000000e+05 2.228619399999999806e-01 3.737573674097140891e-02
1.720000000000000000e+05 2.878592399999999607e-01 8.335889544068106338e-02
1.730000000000000000e+05 2.045204199999999806e-01 6.938444133689915250e-02
1.740000000000000000e+05 2.029557399999999956e-01 7.713815204897249422e-02
1.750000000000000000e+05 3.034699399999999936e-01 6.637092856751666825e-02
1.760000000000000000e+05 2.825162600000000745e-01 9.138911589546316883e-02
1.770000000000000000e+05 1.807241599999999948e-01 4.785484523454652112e-02
1.780000000000000000e+05 2.441285799999999839e-01 5.330503119482812857e-02
1.790000000000000000e+05 2.573177999999999854e-01 7.478097663004942830e-02
1.800000000000000000e+05 2.907192600000000349e-01 6.898378164364722676e-02
1.810000000000000000e+05 2.367230000000000167e-01 2.580074109338722013e-02
1.820000000000000000e+05 2.422360799999999925e-01 7.491014468455924058e-02
1.830000000000000000e+05 2.133840600000000143e-01 6.365034501821965895e-02
1.840000000000000000e+05 2.578020399999999546e-01 6.488389489577825464e-02
1.850000000000000000e+05 2.788573599999999986e-01 8.221707029357346042e-02
1.860000000000000000e+05 3.122807600000000461e-01 1.117695637314309320e-01
1.870000000000000000e+05 2.744628600000000307e-01 5.986175462552363602e-02
1.880000000000000000e+05 2.702150600000000069e-01 7.618861133199895941e-02
1.890000000000000000e+05 2.884992599999999241e-01 1.421606169994995283e-01
1.900000000000000000e+05 3.149162200000000245e-01 1.365126483012090997e-01
1.910000000000000000e+05 2.821209400000000422e-01 7.188517844431076276e-02
1.920000000000000000e+05 2.464427399999999935e-01 4.857308860719482951e-02
1.930000000000000000e+05 2.347314199999999962e-01 9.788633611789543387e-02
1.940000000000000000e+05 2.661569599999999980e-01 1.433407706684682037e-01
1.950000000000000000e+05 2.024069400000000074e-01 7.429627117783503543e-02
1.960000000000000000e+05 2.391430800000000079e-01 5.935517153843967997e-02
1.970000000000000000e+05 2.263304399999999938e-01 4.668199932306242583e-02
1.980000000000000000e+05 2.611918000000000295e-01 5.465275813998777404e-02
1.990000000000000000e+05 2.565522000000000080e-01 4.288432097771864571e-02
2.000000000000000000e+05 3.118046399999999663e-01 8.696005526453165491e-02
2.010000000000000000e+05 3.067905000000000215e-01 6.108584158965151695e-02
2.020000000000000000e+05 2.761101199999999589e-01 6.949797851110203761e-02
2.030000000000000000e+05 2.573314999999999908e-01 6.767836918218406161e-02
2.040000000000000000e+05 3.032457599999999753e-01 5.603147486624280443e-02
2.050000000000000000e+05 2.314051399999999814e-01 6.956294818768395116e-02
2.060000000000000000e+05 2.319060000000000288e-01 6.663881424719381164e-02
2.070000000000000000e+05 2.301579400000000053e-01 9.052396470344414858e-02
2.080000000000000000e+05 3.011297800000000136e-01 1.087394532879101955e-01
2.090000000000000000e+05 2.494008799999999915e-01 6.506914809355966722e-02
2.100000000000000000e+05 2.206378999999999979e-01 9.967508901453762948e-02
2.110000000000000000e+05 2.642941799999999342e-01 5.799896490750157396e-02
2.120000000000000000e+05 2.673024400000000300e-01 1.070943433829742442e-01
2.130000000000000000e+05 2.207820000000000338e-01 8.566330397412885711e-02
2.140000000000000000e+05 2.463516199999999934e-01 9.057551481194903165e-02
2.150000000000000000e+05 2.890362000000000764e-01 9.445786501455556705e-02
2.160000000000000000e+05 2.313203000000000065e-01 3.314402424842221445e-02
2.170000000000000000e+05 1.900669799999999965e-01 5.310800409781561010e-02
2.180000000000000000e+05 1.866865799999999909e-01 4.733247347914115027e-02
2.190000000000000000e+05 2.524677200000000066e-01 6.840773404679911796e-02
2.200000000000000000e+05 3.057987999999999817e-01 1.224626261615681805e-01
2.210000000000000000e+05 2.789231200000000244e-01 1.384276598945369807e-01
2.220000000000000000e+05 2.698208400000000062e-01 8.287082793911497436e-02
2.230000000000000000e+05 2.987624999999999309e-01 6.461593282629292390e-02
2.240000000000000000e+05 3.456709999999999505e-01 1.046721499750721401e-01
2.250000000000000000e+05 2.404251399999999816e-01 6.885171243118358431e-02
2.260000000000000000e+05 2.114186999999999872e-01 4.696594854675033293e-02
2.270000000000000000e+05 2.176467800000000119e-01 8.322468938314879494e-02
2.280000000000000000e+05 2.370197400000000343e-01 4.641203583190894877e-02
2.290000000000000000e+05 2.514447199999999549e-01 1.646047942916779305e-01
2.300000000000000000e+05 2.457760400000000289e-01 1.649378843694025432e-01
2.310000000000000000e+05 2.879032599999999942e-01 1.460170649757705774e-01
2.320000000000000000e+05 2.102459600000000095e-01 5.914056064896917875e-02
2.330000000000000000e+05 2.670753399999999944e-01 8.182346977875236405e-02
2.340000000000000000e+05 2.850639399999999601e-01 9.722827581477726244e-02
2.350000000000000000e+05 1.920045600000000185e-01 7.162470842737442278e-02
2.360000000000000000e+05 2.306645200000000118e-01 8.250004841408034584e-02
2.370000000000000000e+05 2.939367800000000086e-01 1.230222479139996827e-01
2.380000000000000000e+05 2.239046600000000053e-01 9.142826843515303170e-02
2.390000000000000000e+05 1.882861600000000080e-01 8.255499431372034791e-02
2.400000000000000000e+05 2.341710399999999692e-01 9.346668622968505591e-02
2.410000000000000000e+05 2.096769800000000128e-01 7.851170483986193160e-02
2.420000000000000000e+05 2.141340400000000255e-01 6.735462058773991623e-02
2.430000000000000000e+05 2.356984799999999880e-01 6.609866246175938320e-02
2.440000000000000000e+05 2.344323999999999852e-01 6.049654141016658909e-02
2.450000000000000000e+05 2.041555200000000347e-01 7.590333294095588657e-02
2.460000000000000000e+05 2.045041999999999971e-01 8.498537288689153590e-02
2.470000000000000000e+05 2.054910600000000032e-01 5.680511873634629116e-02
2.480000000000000000e+05 2.183079799999999848e-01 7.194956230719962154e-02
2.490000000000000000e+05 2.538746399999999848e-01 8.000123963451066800e-02
2.500000000000000000e+05 2.242489799999999867e-01 1.118858612478699222e-01
2.510000000000000000e+05 2.321633399999999958e-01 8.504497786638787193e-02
2.520000000000000000e+05 2.935147999999999646e-01 6.190733749619668769e-02
2.530000000000000000e+05 2.577684999999999560e-01 9.600717867595108534e-02
2.540000000000000000e+05 3.086137600000000147e-01 1.131237092426446295e-01
2.550000000000000000e+05 2.644613399999999892e-01 1.045470254381749564e-01
2.560000000000000000e+05 2.265706799999999688e-01 4.145288816202798848e-02
2.570000000000000000e+05 2.290313199999999827e-01 9.357439488976457276e-02
2.580000000000000000e+05 2.668204599999999815e-01 1.207421114989397498e-01
2.590000000000000000e+05 1.980757200000000107e-01 1.065576214055550253e-01
2.600000000000000000e+05 1.842860799999999910e-01 6.212560917346083428e-02
2.610000000000000000e+05 2.525789399999999740e-01 1.065180152456024626e-01
2.620000000000000000e+05 2.449104400000000348e-01 7.811417456120496594e-02
2.630000000000000000e+05 2.268074400000000268e-01 5.976178919485593266e-02
2.640000000000000000e+05 2.217337999999999809e-01 5.353506226263309020e-02
2.650000000000000000e+05 3.286572799999999961e-01 1.302164912519669926e-01
2.660000000000000000e+05 1.758187400000000289e-01 3.557315912530682744e-02
2.670000000000000000e+05 2.662571999999999717e-01 1.183354295313960580e-01
2.680000000000000000e+05 2.456285599999999680e-01 1.306729451624719374e-01
2.690000000000000000e+05 2.686611799999999439e-01 4.660449831981457181e-02
2.700000000000000000e+05 2.924613000000000351e-01 9.469538811004472867e-02
2.710000000000000000e+05 2.110069199999999867e-01 7.233507410772176127e-02
2.720000000000000000e+05 2.629824000000000050e-01 1.076670879069179659e-01
2.730000000000000000e+05 2.825402199999999531e-01 6.079004169376428512e-02
2.740000000000000000e+05 2.341184600000000005e-01 6.500042511155139369e-02
2.750000000000000000e+05 2.561316000000000148e-01 1.222367685620492778e-01
2.760000000000000000e+05 2.354613600000000084e-01 3.429823963474510490e-02
2.770000000000000000e+05 3.179906399999999911e-01 1.188658086817332010e-01
2.780000000000000000e+05 2.937494600000000178e-01 1.035309033080577257e-01
2.790000000000000000e+05 2.571419199999999683e-01 7.133726161168228719e-02
2.800000000000000000e+05 2.860668800000000234e-01 7.593942381349493009e-02
2.810000000000000000e+05 2.172202200000000194e-01 1.093287765229520869e-01
2.820000000000000000e+05 2.166845799999999878e-01 6.086629917845835097e-02
2.830000000000000000e+05 2.234579600000000110e-01 5.176654968651475675e-02
2.840000000000000000e+05 2.175759400000000510e-01 8.140129201661606972e-02
2.850000000000000000e+05 2.437701999999999924e-01 7.788945696066959523e-02
2.860000000000000000e+05 2.333041999999999894e-01 7.245278119719077148e-02
2.870000000000000000e+05 2.282217999999999747e-01 8.222515129311712412e-02
2.880000000000000000e+05 2.538307200000000097e-01 7.645196593146313946e-02
2.890000000000000000e+05 2.380405600000000121e-01 7.106320649524899835e-02
2.900000000000000000e+05 2.469627000000000072e-01 1.144986160805098879e-01
2.910000000000000000e+05 2.905648799999999699e-01 8.804317372594877567e-02
2.920000000000000000e+05 2.205681399999999959e-01 6.925637040055160343e-02
2.930000000000000000e+05 2.880211400000000088e-01 5.189349405424923539e-02
2.940000000000000000e+05 2.130384799999999745e-01 1.015454843034666876e-01
2.950000000000000000e+05 2.978241200000000255e-01 1.020381111814678832e-01
2.960000000000000000e+05 2.328321999999999892e-01 8.505014586545987798e-02
2.970000000000000000e+05 2.494425199999999732e-01 8.244483381210492012e-02
2.980000000000000000e+05 2.308036599999999938e-01 1.202604768623274506e-01
2.990000000000000000e+05 2.447953400000000279e-01 9.444756913118727837e-02
3.000000000000000000e+05 2.280433399999999833e-01 8.118625707871006403e-02
