# Time RMSD_average RMSD_std
0.000000000000000000e+00 2.611999999999999386e-05 8.959999999999998917e-06
1.000000000000000000e+03 9.626548000000000049e-02 3.709295288010379388e-02
2.000000000000000000e+03 1.012710600000000100e-01 1.953447856110830314e-02
3.000000000000000000e+03 9.223968000000000445e-02 1.010417106652495081e-02
4.000000000000000000e+03 8.024546000000000456e-02 3.309525491792441459e-02
5.000000000000000000e+03 1.085462199999999988e-01 2.820948685526910096e-02
6.000000000000000000e+03 1.538756000000000013e-01 8.536787847318218214e-02
7.000000000000000000e+03 2.394833600000000062e-01 9.649681295304211870e-02
8.000000000000000000e+03 2.131064600000000253e-01 1.124385263657897704e-01
9.000000000000000000e+03 2.207634199999999880e-01 1.000923921945199441e-01
1.000000000000000000e+04 2.326146200000000219e-01 1.201991616700449489e-01
1.100000000000000000e+04 2.297699199999999886e-01 9.426182296886477519e-02
1.200000000000000000e+04 2.328000199999999964e-01 9.540307493592438404e-02
1.300000000000000000e+04 2.528748600000000346e-01 8.206292968593309478e-02
1.400000000000000000e+04 2.863341199999999698e-01 1.240831031447618138e-01
1.500000000000000000e+04 2.300519000000000036e-01 1.036287525864901943e-01
1.600000000000000000e+04 2.494026400000000088e-01 7.387709010684163913e-02
1.700000000000000000e+04 2.411065800000000148e-01 1.076427760381977461e-01
1.800000000000000000e+04 2.655387999999999638e-01 8.150396783195280881e-02
1.900000000000000000e+04 2.321851200000000226e-01 7.560373233240273716e-02
2.000000000000000000e+04 2.460032200000000224e-01 9.641489038059213035e-02
2.100000000000000000e+04 2.302658200000000099e-01 9.481585453037694178e-02
2.200000000000000000e+04 2.267665600000000059e-01 6.695862173774487502e-02
2.300000000000000000e+04 2.379745799999999911e-01 9.725460412783344666e-02
2.400000000000000000e+04 2.209847800000000473e-01 1.095617822554452725e-01
2.500000000000000000e+04 2.244620200000000398e-01 7.832016493104186627e-02
2.600000000000000000e+04 2.381150400000000000e-01 1.013033401278872064e-01
2.700000000000000000e+04 2.535143400000000047e-01 8.185462800877174594e-02
2.800000000000000000e+04 2.483514199999999617e-01 1.002761681886658457e-01
2.900000000000000000e+04 2.502130799999999766e-01 7.946491508441697049e-02
3.000000000000000000e+04 2.462788000000000199e-01 1.183608037756249814e-01
3.100000000000000000e+04 2.621606199999999554e-01 8.669069161042376737e-02
3.200000000000000000e+04 2.499012200000000072e-01 6.183912879759545511e-02
3.300000000000000000e+04 2.533419600000000327e-01 8.069557166607346788e-02
3.400000000000000000e+04 2.313153200000000465e-01 1.042072958975598790e-01
3.500000000000000000e+04 2.741776000000000213e-01 1.003199700713272718e-01
3.600000000000000000e+04 2.406688600000000400e-01 7.972786349282413865e-02
3.700000000000000000e+04 2.638403999999999749e-01 9.983054252708435661e-02
3.800000000000000000e+04 2.320747599999999911e-01 9.611601906547316554e-02
3.900000000000000000e+04 2.514461599999999741e-01 8.533496517307780083e-02
4.000000000000000000e+04 2.445915599999999857e-01 9.117669056522285931e-02
4.100000000000000000e+04 2.256674799999999759e-01 9.615208570377244135e-02
4.200000000000000000e+04 2.364927400000000068e-01 1.107888146558053954e-01
4.300000000000000000e+04 2.707999600000000617e-01 1.001721776823405186e-01
4.400000000000000000e+04 2.695791200000000054e-01 1.133743283021407811e-01
4.500000000000000000e+04 2.322109000000000256e-01 1.179554877016410902e-01
4.600000000000000000e+04 2.402556599999999543e-01 8.849691773797774275e-02
4.700000000000000000e+04 2.466242600000000118e-01 1.141865570719355766e-01
4.800000000000000000e+04 2.485564999999999858e-01 8.664913588081532558e-02
4.900000000000000000e+04 1.927625000000000033e-01 8.648121051886357991e-02
5.000000000000000000e+04 2.027683000000000124e-01 9.077420628528790059e-02
5.100000000000000000e+04 1.919368599999999869e-01 9.714379737240251556e-02
5.200000000000000000e+04 2.074647199999999914e-01 9.029410352239840287e-02
5.300000000000000000e+04 2.107286799999999738e-01 7.930135399949739261e-02
5.400000000000000000e+04 2.223383800000000021e-01 1.034966423154567855e-01
5.500000000000000000e+04 1.985831799999999703e-01 7.086799593016300525e-02
5.600000000000000000e+04 2.117665400000000031e-01 7.915604056830029267e-02
5.700000000000000000e+04 2.137787999999999911e-01 1.048106787932794465e-01
5.800000000000000000e+04 2.047301400000000327e-01 8.005870140751972230e-02
5.900000000000000000e+04 2.078527000000000291e-01 9.514612124869832599e-02
6.000000000000000000e+04 2.014597200000000365e-01 9.101016982263906985e-02
6.100000000000000000e+04 2.142729800000000018e-01 8.937944724119521733e-02
6.200000000000000000e+04 1.948337800000000120e-01 1.098146317327413218e-01
6.300000000000000000e+04 2.075732399999999644e-01 8.986376381333245622e-02
6.400000000000000000e+04 1.940208000000000210e-01 1.042518351140160893e-01
6.500000000000000000e+04 2.590369800000000278e-01 8.508437179325942235e-02
6.600000000000000000e+04 2.451291599999999848e-01 1.166154807621457984e-01
6.700000000000000000e+04 2.465373999999999621e-01 1.012354471247299825e-01
6.800000000000000000e+04 2.229577799999999943e-01 9.428869159803629496e-02
6.900000000000000000e+04 2.394041399999999875e-01 8.196543326350687331e-02
7.000000000000000000e+04 2.274604800000000204e-01 1.256115230835992969e-01
7.100000000000000000e+04 2.825973999999999431e-01 1.260383405182724514e-01
7.200000000000000000e+04 2.742025000000000157e-01 1.156573463336073582e-01
7.300000000000000000e+04 2.533729800000000254e-01 9.654488806789100763e-02
7.400000000000000000e+04 2.456945000000000101e-01 1.281414414184419981e-01
7.500000000000000000e+04 2.253956999999999766e-01 8.814625917044920100e-02
7.600000000000000000e+04 2.274831800000000348e-01 9.135648001380963779e-02
7.700000000000000000e+04 2.348222999999999838e-01 8.234629273333439470e-02
7.800000000000000000e+04 2.302484600000000159e-01 6.962066435634178818e-02
7.900000000000000000e+04 2.161259600000000058e-01 1.005376258843145715e-01
8.000000000000000000e+04 2.499294799999999817e-01 1.125358518009687558e-01
8.100000000000000000e+04 2.770553999999999517e-01 1.200982825326657177e-01
8.200000000000000000e+04 2.473680399999999557e-01 9.399129030148697939e-02
8.300000000000000000e+04 2.391632399999999714e-01 7.960143345298750783e-02
8.400000000000000000e+04 2.317295000000000049e-01 1.038502849976445652e-01
8.500000000000000000e+04 2.271643600000000096e-01 8.644116063137051442e-02
8.600000000000000000e+04 2.148659600000000225e-01 6.815123237305691084e-02
8.700000000000000000e+04 2.211339600000000183e-01 9.605023226051252749e-02
8.800000000000000000e+04 2.376068199999999686e-01 7.773682756360462964e-02
8.900000000000000000e+04 2.490305600000000119e-01 8.324615721914375988e-02
9.000000000000000000e+04 2.137233000000000049e-01 6.127253397377981081e-02
9.100000000000000000e+04 2.374085800000000357e-01 7.302344025372674297e-02
9.200000000000000000e+04 2.419732799999999850e-01 6.287238113949239482e-02
9.300000000000000000e+04 2.634101199999999698e-01 1.141796227512667794e-01
9.400000000000000000e+04 2.517708600000000407e-01 1.044714949242060015e-01
9.500000000000000000e+04 2.581408799999999615e-01 6.759044199761975180e-02
9.600000000000000000e+04 2.474076599999999737e-01 9.764900421506815531e-02
9.700000000000000000e+04 3.003259200000000240e-01 8.424834195843619589e-02
9.800000000000000000e+04 2.292556799999999340e-01 7.519250412713754383e-02
9.900000000000000000e+04 2.213029999999999720e-01 9.919807614963103981e-02
1.000000000000000000e+05 2.469568199999999936e-01 6.391764691737016058e-02
1.010000000000000000e+05 2.719590000000000063e-01 6.725913949461440056e-02
1.020000000000000000e+05 2.533621999999999819e-01 7.426921562717624103e-02
1.030000000000000000e+05 2.576698199999999939e-01 5.888410785824643723e-02
1.040000000000000000e+05 2.226967799999999831e-01 7.688877208590080836e-02
1.050000000000000000e+05 2.520374200000000120e-01 9.112303591100111289e-02
1.060000000000000000e+05 2.619285800000000219e-01 9.027896555301018200e-02
1.070000000000000000e+05 2.735236400000000123e-01 9.251547054635997358e-02
1.080000000000000000e+05 2.659279399999999738e-01 1.134707995196402863e-01
1.090000000000000000e+05 2.379435599999999984e-01 7.694737675675759891e-02
1.100000000000000000e+05 2.317508000000000623e-01 9.041102541865123077e-02
1.110000000000000000e+05 2.503747199999999951e-01 6.791408611769431114e-02
1.120000000000000000e+05 2.509866000000000041e-01 7.049508989482886068e-02
1.130000000000000000e+05 2.428193999999999908e-01 8.527436163898267918e-02
1.140000000000000000e+05 2.347080800000000134e-01 1.046977289435907649e-01
1.150000000000000000e+05 2.460605199999999770e-01 6.040188049381906010e-02
1.160000000000000000e+05 2.278592800000000251e-01 8.474521152908640054e-02
1.170000000000000000e+05 2.496669400000000039e-01 9.007333713015411303e-02
1.180000000000000000e+05 2.221879399999999727e-01 7.057434374880434957e-02
1.190000000000000000e+05 1.997923599999999744e-01 7.535473293840540265e-02
1.200000000000000000e+05 2.089830399999999810e-01 6.570448320045141344e-02
1.210000000000000000e+05 2.371367799999999915e-01 8.558549049581709589e-02
1.220000000000000000e+05 2.069607800000000108e-01 7.607891394097053561e-02
1.230000000000000000e+05 2.435737999999999792e-01 1.123749321353832709e-01
1.240000000000000000e+05 2.528188599999999786e-01 1.097341271489339215e-01
1.250000000000000000e+05 2.499758799999999836e-01 8.642850230007227685e-02
1.260000000000000000e+05 2.477202999999999766e-01 8.610652714927016782e-02
1.270000000000000000e+05 2.045331200000000127e-01 7.171116051542883452e-02
1.280000000000000000e+05 2.506752200000000319e-01 8.148161555655115962e-02
1.290000000000000000e+05 2.387544000000000055e-01 7.364048260393192546e-02
1.300000000000000000e+05 2.180011199999999927e-01 8.441499602855881412e-02
1.310000000000000000e+05 2.388294200000000145e-01 7.114283519887017182e-02
1.320000000000000000e+05 2.577670200000000134e-01 6.780426533425164271e-02
1.330000000000000000e+05 2.039446600000000276e-01 6.847549917246606443e-02
1.340000000000000000e+05 2.167956599999999734e-01 5.730785343087280159e-02
1.350000000000000000e+05 2.447670200000000018e-01 6.943002584828554535e-02
1.360000000000000000e+05 2.274480799999999692e-01 1.040054697391324667e-01
1.370000000000000000e+05 2.249321200000000132e-01 8.498678219776061027e-02
1.380000000000000000e+05 2.323570000000000080e-01 6.869547550990531826e-02
1.390000000000000000e+05 2.216043000000000041e-01 7.320125115138402527e-02
1.400000000000000000e+05 2.124778800000000079e-01 7.794764688531398422e-02
1.410000000000000000e+05 2.158786000000000038e-01 8.806245056404006510e-02
1.420000000000000000e+05 2.115565799999999663e-01 9.012752381991641359e-02
1.430000000000000000e+05 2.222705400000000164e-01 7.830066078700996524e-02
1.440000000000000000e+05 2.344502200000000425e-01 6.915251154896401298e-02
1.450000000000000000e+05 2.262888799999999700e-01 8.528802104911098469e-02
1.460000000000000000e+05 2.108204999999999940e-01 9.162982251496508412e-02
1.470000000000000000e+05 2.270294399999999990e-01 6.061426410427168260e-02
1.480000000000000000e+05 2.412521599999999933e-01 7.358336463754833190e-02
1.490000000000000000e+05 2.156733799999999979e-01 9.482737880092224902e-02
1.500000000000000000e+05 2.197356599999999438e-01 8.008754598631674659e-02
1.510000000000000000e+05 2.183521000000000212e-01 7.938715289856414226e-02
1.520000000000000000e+05 2.339028800000000352e-01 6.319444692747615278e-02
1.530000000000000000e+05 2.067846999999999880e-01 8.720466548732354328e-02
1.540000000000000000e+05 1.885269599999999934e-01 7.017527032414197508e-02
1.550000000000000000e+05 2.002087400000000239e-01 6.835360615027126496e-02
1.560000000000000000e+05 2.024436599999999975e-01 6.583820759894971897e-02
1.570000000000000000e+05 2.419792399999999843e-01 5.199375805785152321e-02
1.580000000000000000e+05 2.223815000000000097e-01 7.503576706032931420e-02
1.590000000000000000e+05 2.617607399999999918e-01 8.988362378902176042e-02
1.600000000000000000e+05 2.603921399999999942e-01 8.115472942212549612e-02
1.610000000000000000e+05 2.472484199999999688e-01 9.300389413549089990e-02
1.620000000000000000e+05 2.309090199999999926e-01 9.120741407930389733e-02
1.630000000000000000e+05 2.468607800000000019e-01 9.168204542878391483e-02
1.640000000000000000e+05 2.407693000000000194e-01 7.116880720635972157e-02
1.650000000000000000e+05 2.304026200000000024e-01 6.041455232956378235e-02
1.660000000000000000e+05 2.314360199999999923e-01 1.097133675858033286e-01
1.670000000000000000e+05 2.669094599999999873e-01 9.869969056151289832e-02
1.680000000000000000e+05 2.867061400000000537e-01 1.166009808332777314e-01
1.690000000000000000e+05 2.522212799999999921e-01 9.735840931308194224e-02
1.700000000000000000e+05 2.647087399999999979e-01 1.016509404478207479e-01
1.710000000000000000e+05 2.593530800000000136e-01 9.137195905069343815e-02
1.720000000000000000e+05 2.655674600000000329e-01 9.959729331578444367e-02
1.730000000000000000e+05 2.353422399999999803e-01 1.044147887357265297e-01
1.740000000000000000e+05 2.410727200000000181e-01 9.218391136204624747e-02
1.750000000000000000e+05 2.483176400000000061e-01 1.004546461822966169e-01
1.760000000000000000e+05 2.336165599999999731e-01 8.798528007444426924e-02
1.770000000000000000e+05 2.273703000000000252e-01 7.869901901515673204e-02
1.780000000000000000e+05 2.391962400000000044e-01 9.914071846071319249e-02
1.790000000000000000e+05 2.185536599999999829e-01 8.250390933643325653e-02
1.800000000000000000e+05 2.182109399999999921e-01 1.012870120560301623e-01
1.810000000000000000e+05 2.266294600000000048e-01 1.108625102893958519e-01
1.820000000000000000e+05 2.799533600000000400e-01 1.003588159282401970e-01
1.830000000000000000e+05 2.415589000000000208e-01 9.048012827064294550e-02
1.840000000000000000e+05 2.483072400000000124e-01 8.903981151421201667e-02
1.850000000000000000e+05 2.377294600000000036e-01 9.785525714532868069e-02
1.860000000000000000e+05 2.263649799999999934e-01 5.015314430100669546e-02
1.870000000000000000e+05 2.300181199999999926e-01 7.986361709302677858e-02
1.880000000000000000e+05 2.052648199999999590e-01 1.006516130925560470e-01
1.890000000000000000e+05 2.278171399999999736e-01 1.195671717668123080e-01
1.900000000000000000e+05 2.513683199999999784e-01 9.685063281919019385e-02
1.910000000000000000e+05 2.422479399999999949e-01 5.179313656733294108e-02
1.920000000000000000e+05 2.266550399999999743e-01 6.979669585911929541e-02
1.930000000000000000e+05 2.185763800000000145e-01 4.463032144689976083e-02
1.940000000000000000e+05 2.422685800000000111e-01 6.347021036774339042e-02
1.950000000000000000e+05 2.651551200000000219e-01 7.009165848086063022e-02
1.960000000000000000e+05 2.308720000000000216e-01 5.221074135137327571e-02
1.970000000000000000e+05 2.409364400000000295e-01 5.093951926803393787e-02
1.980000000000000000e+05 2.403455800000000031e-01 5.457388007167532362e-02
1.990000000000000000e+05 2.299725199999999581e-01 5.699035815631972590e-02
2.000000000000000000e+05 2.234586999999999823e-01 6.264471855625181052e-02
2.010000000000000000e+05 2.362117799999999546e-01 7.896416947855275370e-02
2.020000000000000000e+05 2.582943200000000217e-01 7.365633722936269778e-02
2.030000000000000000e+05 2.318560399999999855e-01 5.737703645440743461e-02
2.040000000000000000e+05 2.036567799999999817e-01 7.872199813829422466e-02
2.050000000000000000e+05 2.485258599999999873e-01 6.096193391376622528e-02
2.060000000000000000e+05 2.400597600000000109e-01 6.774275712710843556e-02
2.070000000000000000e+05 2.584945600000000399e-01 7.109054952964141694e-02
2.080000000000000000e+05 2.519496799999999537e-01 7.908869005478343095e-02
2.090000000000000000e+05 2.415076599999999851e-01 6.977672877195088830e-02
2.100000000000000000e+05 2.825851600000000019e-01 8.756041230278897858e-02
2.110000000000000000e+05 2.355965799999999999e-01 4.458426136929488637e-02
2.120000000000000000e+05 2.520725199999999666e-01 8.400154230339820782e-02
2.130000000000000000e+05 2.222294200000000386e-01 6.469388935151140774e-02
2.140000000000000000e+05 2.279636599999999846e-01 4.497589459795547223e-02
2.150000000000000000e+05 2.327145600000000147e-01 8.570461340316751220e-02
2.160000000000000000e+05 2.348624600000000506e-01 6.905412125634791121e-02
2.170000000000000000e+05 2.204603599999999941e-01 7.457880372442561578e-02
2.180000000000000000e+05 2.589870799999999806e-01 8.470583720104300773e-02
2.190000000000000000e+05 2.560497800000000046e-01 8.253202232938193494e-02
2.200000000000000000e+05 2.639344399999999924e-01 6.659240978801111988e-02
2.210000000000000000e+05 2.522424600000000017e-01 4.798621544612993728e-02
2.220000000000000000e+05 2.110019399999999989e-01 7.499577956137533363e-02
2.230000000000000000e+05 2.292267800000000189e-01 5.978914127332485978e-02
2.240000000000000000e+05 2.103618599999999839e-01 6.670216325075521702e-02
2.250000000000000000e+05 2.491804399999999475e-01 9.124754033188182956e-02
2.260000000000000000e+05 2.455131800000000253e-01 8.745969911778567196e-02
2.270000000000000000e+05 2.407719399999999899e-01 7.745610998488369758e-02
2.280000000000000000e+05 2.453107399999999438e-01 9.593222938943095357e-02
2.290000000000000000e+05 2.110983399999999954e-01 1.083025094380291875e-01
2.300000000000000000e+05 2.344058399999999764e-01 7.255026243135444253e-02
2.310000000000000000e+05 2.446446599999999860e-01 8.715908655553017415e-02
2.320000000000000000e+05 2.396373200000000148e-01 9.343997900148309776e-02
2.330000000000000000e+05 2.230164400000000102e-01 8.155732402568392769e-02
2.340000000000000000e+05 2.249032200000000148e-01 9.511165448707954717e-02
2.350000000000000000e+05 2.248242399999999530e-01 9.341824785874759673e-02
2.360000000000000000e+05 2.241845999999999839e-01 7.587158131954281626e-02
2.370000000000000000e+05 2.211815399999999820e-01 8.052661634984049910e-02
2.380000000000000000e+05 2.473288599999999560e-01 8.819851293808984860e-02
2.390000000000000000e+05 2.349786600000000336e-01 8.276551965118324194e-02
2.400000000000000000e+05 2.372199400000000458e-01 9.128745983201855263e-02
2.410000000000000000e+05 2.379471800000000081e-01 9.026011691147758920e-02
2.420000000000000000e+05 2.399477400000000205e-01 8.184693344658919290e-02
2.430000000000000000e+05 2.392437199999999931e-01 6.298436644575858279e-02
2.440000000000000000e+05 2.462537400000000543e-01 7.257204137491518603e-02
2.450000000000000000e+05 2.280690599999999901e-01 6.442248797293069484e-02
2.460000000000000000e+05 2.365707800000000083e-01 5.659686433728993576e-02
2.470000000000000000e+05 2.522458599999999884e-01 9.021726013830391744e-02
2.480000000000000000e+05 2.529439799999999572e-01 6.777209230582746657e-02
2.490000000000000000e+05 2.985254999999999992e-01 1.048066477840981225e-01
2.500000000000000000e+05 2.622606799999999683e-01 1.129681237406269523e-01
2.510000000000000000e+05 2.572707799999999767e-01 6.998563113260893032e-02
2.520000000000000000e+05 2.826880999999999977e-01 1.332926713711898026e-01
2.530000000000000000e+05 2.622163000000000133e-01 6.865504379985494510e-02
2.540000000000000000e+05 2.456656800000000251e-01 9.310339371626363825e-02
2.550000000000000000e+05 2.695181999999999300e-01 9.565862930498220118e-02
2.560000000000000000e+05 2.600064999999999737e-01 8.101358595843044519e-02
2.570000000000000000e+05 2.561291600000000224e-01 9.053443715414813409e-02
2.580000000000000000e+05 2.674110799999999677e-01 9.125370708527735797e-02
2.590000000000000000e+05 2.655447199999999564e-01 8.130055587001604189e-02
2.600000000000000000e+05 2.356343399999999977e-01 6.076264020302606789e-02
2.610000000000000000e+05 2.141496800000000089e-01 8.489096042145830023e-02
2.620000000000000000e+05 2.255615800000000115e-01 6.349008273308202888e-02
2.630000000000000000e+05 2.488713799999999754e-01 5.948072020352140887e-02
2.640000000000000000e+05 2.288154399999999811e-01 5.335973051178575371e-02
2.650000000000000000e+05 2.124252199999999979e-01 7.018315938666198905e-02
2.660000000000000000e+05 2.140820799999999802e-01 6.033119842378072140e-02
2.670000000000000000e+05 2.111048999999999842e-01 6.601008945629448232e-02
2.680000000000000000e+05 2.055264000000000257e-01 6.756511782039605063e-02
2.690000000000000000e+05 2.340189399999999809e-01 6.901475353959034276e-02
2.700000000000000000e+05 2.326554999999999873e-01 9.955894650645918942e-02
2.710000000000000000e+05 2.077673600000000120e-01 1.165152866694598166e-01
2.720000000000000000e+05 2.797272600000000331e-01 8.189062295168110517e-02
2.730000000000000000e+05 2.643970999999999960e-01 9.725900770515807925e-02
2.740000000000000000e+05 2.609240400000000237e-01 5.564756101079722239e-02
2.750000000000000000e+05 2.697138399999999825e-01 5.721821827630076129e-02
2.760000000000000000e+05 2.220832799999999663e-01 5.000849218360418208e-02
2.770000000000000000e+05 2.429644400000000037e-01 5.386636651891791444e-02
2.780000000000000000e+05 2.259506800000000148e-01 6.759019207587443900e-02
2.790000000000000000e+05 2.269539799999999996e-01 5.250112201869213541e-02
2.800000000000000000e+05 2.554750599999999761e-01 6.834933516371904938e-02
2.810000000000000000e+05 2.419986999999999833e-01 5.041371429414817640e-02
2.820000000000000000e+05 2.352690199999999954e-01 5.143304835171255002e-02
2.830000000000000000e+05 2.225966600000000017e-01 7.019965042256549881e-02
2.840000000000000000e+05 2.338625200000000182e-01 6.899779561277012696e-02
2.850000000000000000e+05 2.189887599999999490e-01 7.341441875693358043e-02
2.860000000000000000e+05 2.328132999999999730e-01 8.771230956250097854e-02
2.870000000000000000e+05 2.166285600000000255e-01 5.402530818405758967e-02
2.880000000000000000e+05 2.214748599999999956e-01 7.616703421117564099e-02
2.890000000000000000e+05 2.247037199999999957e-01 7.647576368187244955e-02
2.900000000000000000e+05 2.325298800000000221e-01 8.244197461779770308e-02
2.910000000000000000e+05 2.603081999999999896e-01 8.071217476423245274e-02
2.920000000000000000e+05 2.891386599999999918e-01 1.050321890193401664e-01
2.930000000000000000e+05 2.423257999999999801e-01 9.487844157212953211e-02
2.940000000000000000e+05 2.436722600000000016e-01 9.115070573389105757e-02
2.950000000000000000e+05 3.023441799999999624e-01 1.038637405488055665e-01
2.960000000000000000e+05 2.666779199999999572e-01 9.769148318430630196e-02
2.970000000000000000e+05 2.640523399999999965e-01 8.894568470068910104e-02
2.980000000000000000e+05 2.442273400000000427e-01 1.100361842084975200e-01
2.990000000000000000e+05 2.392856600000000111e-01 8.992850941430309553e-02
3.000000000000000000e+05 2.446741799999999911e-01 9.555498884592891762e-02
