# Time RMSD_average RMSD_std
0.000000000000000000e+00 9.390000000000000560e-05 0.000000000000000000e+00
1.000000000000000000e+03 1.003491600000000067e-01 3.235782489739382622e-02
2.000000000000000000e+03 6.353953999999999158e-02 2.056548768316472306e-02
3.000000000000000000e+03 9.941214000000000994e-02 4.039645227004966255e-02
4.000000000000000000e+03 6.538367999999999958e-02 2.423605637007803307e-02
5.000000000000000000e+03 1.207226200000000027e-01 2.355022622782210889e-02
6.000000000000000000e+03 9.504789999999999073e-02 1.562156625924557805e-02
7.000000000000000000e+03 8.535652000000000517e-02 2.933517294016859886e-02
8.000000000000000000e+03 8.636911999999999368e-02 2.777864883124447556e-02
9.000000000000000000e+03 8.662786000000000097e-02 2.049455021224910745e-02
1.000000000000000000e+04 8.357161999999999924e-02 5.203829018876005019e-02
1.100000000000000000e+04 8.992404000000001063e-02 2.669202033909011396e-02
1.200000000000000000e+04 7.936340000000000061e-02 2.410371898292875195e-02
1.300000000000000000e+04 1.549862399999999973e-01 1.090244396873398247e-01
1.400000000000000000e+04 1.442266999999999855e-01 1.030367144350206737e-01
1.500000000000000000e+04 1.398204200000000008e-01 1.050813594965615133e-01
1.600000000000000000e+04 1.747799400000000225e-01 1.121515338903503328e-01
1.700000000000000000e+04 1.587258799999999859e-01 1.138149186391555628e-01
1.800000000000000000e+04 1.615864200000000084e-01 1.154446780960023400e-01
1.900000000000000000e+04 1.436390799999999746e-01 1.017553296596772905e-01
2.000000000000000000e+04 1.293723800000000090e-01 1.219535458858560656e-01
2.100000000000000000e+04 1.618172400000000011e-01 9.379037086619500252e-02
2.200000000000000000e+04 1.882022999999999890e-01 9.895545281523399073e-02
2.300000000000000000e+04 1.910013000000000127e-01 1.095083852548470460e-01
2.400000000000000000e+04 1.959659600000000224e-01 1.208351372111870631e-01
2.500000000000000000e+04 1.607531999999999850e-01 1.259962521115449707e-01
2.600000000000000000e+04 1.884935799999999939e-01 1.197576613149638897e-01
2.700000000000000000e+04 1.822043399999999924e-01 1.131662706290633008e-01
2.800000000000000000e+04 1.563200999999999896e-01 1.380701378582204486e-01
2.900000000000000000e+04 1.726667000000000063e-01 1.280211125177249665e-01
3.000000000000000000e+04 1.702156199999999842e-01 1.186869105764810084e-01
3.100000000000000000e+04 1.458799600000000030e-01 1.314344718651937194e-01
3.200000000000000000e+04 1.685570799999999703e-01 1.268508378921069657e-01
3.300000000000000000e+04 1.764138599999999779e-01 1.318125383684359275e-01
3.400000000000000000e+04 1.509541999999999828e-01 1.355774467684799089e-01
3.500000000000000000e+04 1.886181599999999792e-01 1.096921412114578026e-01
3.600000000000000000e+04 1.928696000000000299e-01 1.037604766773938675e-01
3.700000000000000000e+04 1.949773199999999818e-01 1.288140996923612946e-01
3.800000000000000000e+04 1.788644799999999924e-01 1.301037525364952818e-01
3.900000000000000000e+04 1.790837400000000190e-01 1.225626098151895577e-01
4.000000000000000000e+04 1.750788999999999818e-01 1.045767107572809357e-01
4.100000000000000000e+04 1.976720000000000144e-01 1.293823847235009150e-01
4.200000000000000000e+04 1.792457000000000078e-01 1.142992585653117982e-01
4.300000000000000000e+04 2.427154400000000045e-01 1.592111271118397675e-01
4.400000000000000000e+04 2.437096400000000052e-01 1.509588901661455818e-01
4.500000000000000000e+04 2.421450400000000336e-01 1.535135436962042077e-01
4.600000000000000000e+04 2.434418000000000415e-01 1.438317252128472612e-01
4.700000000000000000e+04 2.480537800000000015e-01 1.554736260780895385e-01
4.800000000000000000e+04 2.277836199999999922e-01 1.482986273610298611e-01
4.900000000000000000e+04 2.413200600000000029e-01 1.611539208949580582e-01
5.000000000000000000e+04 2.285922000000000232e-01 1.404202272532130424e-01
5.100000000000000000e+04 2.626091400000000187e-01 1.193211350695357748e-01
5.200000000000000000e+04 2.656705400000000106e-01 1.281815939213520605e-01
5.300000000000000000e+04 2.597451400000000410e-01 1.331609877274962106e-01
5.400000000000000000e+04 2.521018200000000320e-01 1.220150183625343804e-01
5.500000000000000000e+04 2.762555000000000427e-01 1.071133339394680639e-01
5.600000000000000000e+04 2.530684799999999846e-01 1.441598629816829291e-01
5.700000000000000000e+04 2.324122799999999989e-01 1.338463605383635457e-01
5.800000000000000000e+04 2.380254400000000048e-01 1.324696884722025847e-01
5.900000000000000000e+04 2.893055800000000621e-01 9.767806309358106898e-02
6.000000000000000000e+04 2.456989800000000113e-01 1.344468627754980272e-01
6.100000000000000000e+04 2.270975599999999761e-01 1.349525608188536785e-01
6.200000000000000000e+04 2.352231000000000183e-01 1.536731358541758852e-01
6.300000000000000000e+04 2.411791199999999691e-01 9.949618790161560145e-02
6.400000000000000000e+04 2.943839600000000001e-01 1.408444310106949093e-01
6.500000000000000000e+04 3.119741200000000214e-01 1.461765078894607939e-01
6.600000000000000000e+04 3.125852599999999759e-01 1.168303877553198977e-01
6.700000000000000000e+04 3.015430200000000505e-01 1.397915932236899472e-01
6.800000000000000000e+04 2.797779799999999262e-01 1.364578808738491356e-01
6.900000000000000000e+04 3.064142599999999939e-01 1.299825667296442000e-01
7.000000000000000000e+04 3.049254399999999920e-01 1.368768997985649882e-01
7.100000000000000000e+04 2.958679399999999959e-01 1.215279434713448931e-01
7.200000000000000000e+04 2.994595800000000030e-01 1.115876644093315578e-01
7.300000000000000000e+04 2.919935799999999748e-01 1.235207467702717499e-01
7.400000000000000000e+04 3.027654599999999863e-01 1.346471565183401942e-01
7.500000000000000000e+04 2.944848999999999939e-01 1.304517412021319045e-01
7.600000000000000000e+04 2.809526600000000207e-01 1.473670522814322925e-01
7.700000000000000000e+04 2.957439199999999380e-01 1.288270424335108411e-01
7.800000000000000000e+04 3.076842999999999662e-01 1.548677793208257936e-01
7.900000000000000000e+04 2.871919599999999684e-01 1.484264352750223614e-01
8.000000000000000000e+04 2.947638399999999992e-01 1.455904739303172934e-01
8.100000000000000000e+04 2.791785800000000650e-01 1.457996270551251972e-01
8.200000000000000000e+04 2.725393200000000293e-01 1.553084332529357514e-01
8.300000000000000000e+04 2.833853000000000066e-01 1.251088394870642218e-01
8.400000000000000000e+04 2.720924800000000254e-01 1.230340669527818231e-01
8.500000000000000000e+04 2.909999200000000230e-01 1.390915503950746757e-01
8.600000000000000000e+04 2.998704600000000053e-01 1.578393403263406991e-01
8.700000000000000000e+04 2.793751999999999902e-01 1.540380835387404890e-01
8.800000000000000000e+04 2.976102400000000259e-01 1.461166089716785244e-01
8.900000000000000000e+04 3.034327199999999891e-01 1.366226484464036217e-01
9.000000000000000000e+04 2.956510799999999550e-01 1.487805054805958205e-01
9.100000000000000000e+04 3.001458599999999866e-01 1.591183190600076736e-01
9.200000000000000000e+04 2.865343000000000195e-01 1.366050209818658046e-01
9.300000000000000000e+04 2.684612000000000109e-01 1.490345834442999562e-01
9.400000000000000000e+04 2.968562000000000145e-01 1.309637418065168202e-01
9.500000000000000000e+04 3.189766600000000230e-01 1.415803197436649452e-01
9.600000000000000000e+04 3.279707799999999618e-01 1.317175139719452825e-01
9.700000000000000000e+04 3.049766800000000555e-01 1.318463146030164901e-01
9.800000000000000000e+04 3.098623200000000244e-01 1.215838346209626719e-01
9.900000000000000000e+04 3.040849600000000708e-01 1.249191893030466294e-01
1.000000000000000000e+05 3.154341199999999845e-01 1.309039281597370596e-01
1.010000000000000000e+05 3.259369600000000533e-01 1.338501969789899215e-01
1.020000000000000000e+05 3.053243600000000724e-01 1.235923807897978677e-01
1.030000000000000000e+05 3.141694400000000220e-01 1.209932662016957039e-01
1.040000000000000000e+05 3.450668799999999647e-01 1.112610793582985008e-01
1.050000000000000000e+05 3.283937199999999446e-01 1.032389895189099599e-01
1.060000000000000000e+05 3.243834399999999674e-01 9.481629403400240741e-02
1.070000000000000000e+05 3.204952799999999935e-01 1.170360039361118959e-01
1.080000000000000000e+05 3.295903199999999922e-01 1.281164811512148782e-01
1.090000000000000000e+05 3.263535000000000186e-01 1.236089823731107290e-01
1.100000000000000000e+05 3.152142000000000555e-01 1.432590662290942063e-01
1.110000000000000000e+05 3.382530400000000048e-01 1.294986880162513343e-01
1.120000000000000000e+05 3.335714600000000418e-01 1.102220603916039959e-01
1.130000000000000000e+05 3.231731999999999938e-01 1.291466418760162660e-01
1.140000000000000000e+05 3.548289399999999816e-01 1.114917607853531112e-01
1.150000000000000000e+05 3.274557000000000162e-01 1.269834450664652503e-01
1.160000000000000000e+05 3.415963999999999667e-01 1.271443960844362286e-01
1.170000000000000000e+05 3.382149600000000089e-01 1.005881593996152262e-01
1.180000000000000000e+05 3.331369200000000030e-01 1.251124801957886334e-01
1.190000000000000000e+05 3.396718799999999816e-01 1.213230701380969834e-01
1.200000000000000000e+05 3.502849600000000341e-01 1.289551561767671162e-01
1.210000000000000000e+05 3.470979399999999937e-01 1.072856790266921018e-01
1.220000000000000000e+05 3.500367400000000129e-01 1.220314517591198772e-01
1.230000000000000000e+05 3.361413199999999657e-01 1.258276448769410916e-01
1.240000000000000000e+05 3.350890800000000391e-01 1.254548857850406873e-01
1.250000000000000000e+05 3.165045800000000353e-01 1.429064161600926974e-01
1.260000000000000000e+05 3.293743400000000432e-01 1.503765797172099405e-01
1.270000000000000000e+05 3.193169200000000041e-01 1.454564749446843885e-01
1.280000000000000000e+05 3.320942000000000061e-01 1.501503112446058164e-01
1.290000000000000000e+05 3.153780600000000156e-01 1.422168233278271465e-01
1.300000000000000000e+05 3.412537800000000621e-01 1.563119144223804879e-01
1.310000000000000000e+05 3.228871000000000380e-01 1.480202715733625329e-01
1.320000000000000000e+05 3.398306600000000066e-01 1.546207009957023815e-01
1.330000000000000000e+05 3.425143000000000493e-01 1.568564543251695365e-01
1.340000000000000000e+05 3.075468000000000091e-01 1.418860769175185887e-01
1.350000000000000000e+05 3.314594800000000285e-01 1.502879663376598951e-01
1.360000000000000000e+05 3.344903799999999761e-01 1.516012435483746201e-01
1.370000000000000000e+05 3.491065000000000418e-01 1.607715520162817935e-01
1.380000000000000000e+05 3.409649000000000152e-01 1.553165318529614869e-01
1.390000000000000000e+05 3.493974200000000141e-01 1.607878699826003621e-01
1.400000000000000000e+05 3.257464200000000365e-01 1.468377985458703405e-01
1.410000000000000000e+05 3.464681200000000461e-01 1.598118737695469194e-01
1.420000000000000000e+05 3.457400800000000052e-01 1.591364624974854480e-01
1.430000000000000000e+05 3.419272800000000556e-01 1.565510508479761032e-01
1.440000000000000000e+05 3.392970000000000153e-01 1.552263983592095109e-01
1.450000000000000000e+05 3.326424600000000287e-01 1.504909227894971613e-01
1.460000000000000000e+05 3.233594599999999875e-01 1.467624126868129486e-01
1.470000000000000000e+05 3.210860400000000170e-01 1.460107535622852670e-01
1.480000000000000000e+05 3.337997400000000114e-01 1.520374877081122900e-01
1.490000000000000000e+05 3.310187600000000230e-01 1.522443879252381449e-01
1.500000000000000000e+05 3.387900200000000250e-01 1.539986188399675160e-01
1.510000000000000000e+05 3.449669800000000341e-01 1.580108368916815775e-01
1.520000000000000000e+05 3.330017600000000355e-01 1.506637660639425225e-01
1.530000000000000000e+05 3.369029399999999841e-01 1.530900738410508333e-01
1.540000000000000000e+05 3.443669800000000447e-01 1.578499556284815586e-01
1.550000000000000000e+05 3.516649200000000475e-01 1.623648465927942097e-01
1.560000000000000000e+05 3.347110200000000257e-01 1.517856484982476883e-01
1.570000000000000000e+05 3.394413600000000253e-01 1.546265450228594962e-01
1.580000000000000000e+05 3.372904600000000142e-01 1.543427786531213208e-01
1.590000000000000000e+05 3.444922799999999841e-01 1.576123606263341304e-01
1.600000000000000000e+05 3.521792000000000256e-01 1.630823853583580341e-01
1.610000000000000000e+05 3.294710800000000273e-01 1.496650464735624075e-01
1.620000000000000000e+05 3.343555200000000172e-01 1.514853257330676106e-01
1.630000000000000000e+05 3.341225400000000234e-01 1.518977500892439159e-01
1.640000000000000000e+05 3.348086800000000252e-01 1.528101105490261569e-01
1.650000000000000000e+05 3.547868600000000372e-01 1.645696437990870620e-01
1.660000000000000000e+05 3.408945400000000236e-01 1.554886926498721123e-01
1.670000000000000000e+05 3.244691000000000103e-01 1.474444151501982103e-01
1.680000000000000000e+05 3.275020000000000153e-01 1.478702797509628131e-01
1.690000000000000000e+05 3.373940400000000617e-01 1.531893796381276485e-01
1.700000000000000000e+05 3.339713000000000265e-01 1.512115728336690390e-01
1.710000000000000000e+05 3.358393400000000417e-01 1.523226721832386943e-01
1.720000000000000000e+05 3.380537200000000020e-01 1.551729127061472757e-01
1.730000000000000000e+05 3.403977999999999726e-01 1.551801810973682250e-01
1.740000000000000000e+05 3.353607000000000116e-01 1.523742681831942170e-01
1.750000000000000000e+05 3.355801200000000373e-01 1.522820540488129815e-01
1.760000000000000000e+05 3.236571799999999888e-01 1.469238190050394799e-01
1.770000000000000000e+05 3.419987999999999917e-01 1.560620731375435832e-01
1.780000000000000000e+05 3.299912600000000085e-01 1.490200304143385890e-01
1.790000000000000000e+05 3.380626199999999804e-01 1.544085039859320607e-01
1.800000000000000000e+05 3.425044600000000106e-01 1.562677639600899837e-01
1.810000000000000000e+05 3.270129800000000087e-01 1.481839955638043771e-01
1.820000000000000000e+05 3.372410200000000025e-01 1.540393355683463139e-01
1.830000000000000000e+05 3.312126200000000131e-01 1.496996474306789837e-01
1.840000000000000000e+05 3.329833199999999716e-01 1.506507732319406212e-01
1.850000000000000000e+05 3.367827800000000038e-01 1.529448672690312816e-01
1.860000000000000000e+05 3.329694600000000504e-01 1.506937050166807790e-01
1.870000000000000000e+05 3.425116400000000061e-01 1.563007153559650142e-01
1.880000000000000000e+05 3.363431399999999849e-01 1.526546901068106532e-01
1.890000000000000000e+05 3.225384599999999713e-01 1.452972867583782468e-01
1.900000000000000000e+05 3.315612000000000004e-01 1.502658619425317199e-01
1.910000000000000000e+05 3.357005200000000023e-01 1.525335033341777002e-01
1.920000000000000000e+05 3.210860800000000514e-01 1.453803238581534985e-01
1.930000000000000000e+05 3.370130199999999965e-01 1.532178329814698758e-01
1.940000000000000000e+05 3.408827600000000069e-01 1.557681535183440547e-01
1.950000000000000000e+05 3.285532600000000136e-01 1.495241805741479302e-01
1.960000000000000000e+05 3.299876000000000476e-01 1.494055451971846860e-01
1.970000000000000000e+05 3.258800000000000030e-01 1.471072100302768804e-01
1.980000000000000000e+05 3.347342400000000162e-01 1.516346691361655508e-01
1.990000000000000000e+05 3.480903000000000191e-01 1.599137221097301498e-01
2.000000000000000000e+05 3.437234399999999912e-01 1.570370625438287926e-01
2.010000000000000000e+05 3.270254799999999795e-01 1.478583652359162226e-01
2.020000000000000000e+05 3.392536800000000019e-01 1.545162321479448819e-01
2.030000000000000000e+05 3.401972400000000119e-01 1.556738460122649992e-01
2.040000000000000000e+05 3.401918600000000126e-01 1.571962250184984478e-01
2.050000000000000000e+05 3.244890000000000274e-01 1.465784344425468122e-01
2.060000000000000000e+05 3.149872200000000122e-01 1.442002716244515093e-01
2.070000000000000000e+05 3.367568400000000017e-01 1.528060039298273221e-01
2.080000000000000000e+05 3.286673000000000511e-01 1.494038020459586558e-01
2.090000000000000000e+05 3.386558000000000623e-01 1.540827787130411297e-01
2.100000000000000000e+05 3.263455800000000240e-01 1.479679849833659133e-01
2.110000000000000000e+05 3.396715600000000390e-01 1.561419202961024100e-01
2.120000000000000000e+05 3.075514000000000303e-01 1.397627283820833122e-01
2.130000000000000000e+05 3.329833200000000271e-01 1.509873020561848245e-01
2.140000000000000000e+05 3.392684599999999939e-01 1.553823995203008623e-01
2.150000000000000000e+05 3.288910999999999918e-01 1.508970781194387267e-01
2.160000000000000000e+05 3.284528800000000581e-01 1.492754126780884150e-01
2.170000000000000000e+05 3.333942400000000084e-01 1.508678884247088292e-01
2.180000000000000000e+05 3.434506199999999843e-01 1.580569070222038464e-01
2.190000000000000000e+05 3.434022399999999697e-01 1.568809598759339508e-01
2.200000000000000000e+05 3.373434599999999839e-01 1.545223246585243349e-01
2.210000000000000000e+05 3.418900400000000062e-01 1.561023475395113824e-01
2.220000000000000000e+05 3.483150200000000307e-01 1.600254855984808433e-01
2.230000000000000000e+05 3.253330200000000283e-01 1.477299283673744745e-01
2.240000000000000000e+05 3.502623000000000264e-01 1.618692659521380472e-01
2.250000000000000000e+05 3.464204200000000067e-01 1.591225310741178345e-01
2.260000000000000000e+05 3.345046200000000303e-01 1.514922746029961631e-01
2.270000000000000000e+05 3.174390000000000267e-01 1.444346015504179570e-01
2.280000000000000000e+05 3.391471200000000241e-01 1.554865923233434422e-01
2.290000000000000000e+05 3.398904600000000054e-01 1.553923265518165897e-01
2.300000000000000000e+05 3.180542400000000436e-01 1.433204585564056832e-01
2.310000000000000000e+05 3.393527399999999861e-01 1.547911487184922830e-01
2.320000000000000000e+05 3.327352800000000221e-01 1.516372834952591786e-01
2.330000000000000000e+05 3.352249400000000268e-01 1.534034354534291322e-01
2.340000000000000000e+05 3.514931199999999922e-01 1.629193454865001389e-01
2.350000000000000000e+05 3.179602599999999946e-01 1.449439750026140228e-01
2.360000000000000000e+05 3.408984400000000248e-01 1.555215614561350768e-01
2.370000000000000000e+05 3.426078000000000179e-01 1.563857280841573494e-01
2.380000000000000000e+05 3.492296000000000289e-01 1.606883483970259763e-01
2.390000000000000000e+05 3.306969000000000158e-01 1.497473227469125756e-01
2.400000000000000000e+05 3.351678399999999947e-01 1.518734280591914343e-01
2.410000000000000000e+05 3.180803600000000064e-01 1.456269303351080124e-01
2.420000000000000000e+05 3.428060400000000341e-01 1.568103676781429923e-01
2.430000000000000000e+05 3.293085800000000174e-01 1.508884112160426838e-01
2.440000000000000000e+05 3.376550999999999858e-01 1.541940688654138691e-01
2.450000000000000000e+05 3.332452200000000087e-01 1.507886291534000223e-01
2.460000000000000000e+05 3.279865000000000141e-01 1.499975007806196858e-01
2.470000000000000000e+05 3.501966400000000035e-01 1.618956193883528405e-01
2.480000000000000000e+05 3.253261000000000069e-01 1.494679659842469421e-01
2.490000000000000000e+05 3.444216600000000184e-01 1.583735814641772655e-01
2.500000000000000000e+05 3.349445200000000233e-01 1.541577194703320774e-01
2.510000000000000000e+05 3.446983799999999709e-01 1.579849144337066025e-01
2.520000000000000000e+05 3.628916600000000048e-01 1.706256771791584692e-01
2.530000000000000000e+05 3.404991199999999885e-01 1.562564679138422064e-01
2.540000000000000000e+05 3.509957400000000005e-01 1.622870743790472137e-01
2.550000000000000000e+05 3.550655400000000128e-01 1.659298046098843515e-01
2.560000000000000000e+05 3.487896000000000329e-01 1.605262312391716184e-01
2.570000000000000000e+05 3.477849400000000424e-01 1.598286468781438263e-01
2.580000000000000000e+05 3.507032600000000166e-01 1.618187421201833232e-01
2.590000000000000000e+05 3.367765400000000131e-01 1.528423123581765242e-01
2.600000000000000000e+05 3.476810799999999757e-01 1.596489902422110474e-01
2.610000000000000000e+05 3.399330200000000302e-01 1.551640971664437485e-01
2.620000000000000000e+05 3.281442800000000104e-01 1.494663289616948998e-01
2.630000000000000000e+05 3.485809599999999953e-01 1.628519986184584489e-01
2.640000000000000000e+05 3.447183600000000014e-01 1.576726906451031418e-01
2.650000000000000000e+05 3.438239200000000606e-01 1.576832800177038474e-01
2.660000000000000000e+05 3.256874800000000292e-01 1.474457334246521978e-01
2.670000000000000000e+05 3.369561600000000046e-01 1.529972335514939996e-01
2.680000000000000000e+05 3.487186600000000136e-01 1.615006730153233649e-01
2.690000000000000000e+05 3.264294400000000151e-01 1.473723118411406352e-01
2.700000000000000000e+05 3.470028200000000451e-01 1.597048609495077265e-01
2.710000000000000000e+05 3.407096200000000463e-01 1.552318195197543993e-01
2.720000000000000000e+05 3.529926600000000136e-01 1.661194212080646382e-01
2.730000000000000000e+05 3.485855999999999955e-01 1.617170698535315421e-01
2.740000000000000000e+05 3.418028000000000177e-01 1.587782554376133692e-01
2.750000000000000000e+05 3.474664000000000086e-01 1.596946699397446823e-01
2.760000000000000000e+05 3.298060999999999909e-01 1.492298562780383919e-01
2.770000000000000000e+05 3.456235200000000174e-01 1.598748937951096905e-01
2.780000000000000000e+05 3.273382400000000025e-01 1.555655629735913092e-01
2.790000000000000000e+05 3.503526600000000379e-01 1.629711585683994435e-01
2.800000000000000000e+05 3.504696800000000056e-01 1.623037735774667534e-01
2.810000000000000000e+05 3.529962800000000511e-01 1.632349254328300803e-01
2.820000000000000000e+05 3.382286400000000248e-01 1.556757302043783597e-01
2.830000000000000000e+05 3.488595800000000025e-01 1.604358711399093695e-01
2.840000000000000000e+05 3.534412000000000109e-01 1.636146018154981119e-01
2.850000000000000000e+05 3.494714200000000326e-01 1.618289970047197546e-01
2.860000000000000000e+05 3.273726000000000136e-01 1.476561751311877835e-01
2.870000000000000000e+05 3.541185199999999922e-01 1.641342329306522130e-01
2.880000000000000000e+05 3.573605599999999938e-01 1.663287791812180505e-01
2.890000000000000000e+05 3.416703799999999958e-01 1.567569259141349536e-01
2.900000000000000000e+05 3.393777800000000178e-01 1.553955549583886653e-01
2.910000000000000000e+05 3.326776200000000072e-01 1.521022706443713735e-01
2.920000000000000000e+05 3.449552599999999858e-01 1.582605190756633251e-01
2.930000000000000000e+05 3.398913199999999968e-01 1.568935282013302346e-01
2.940000000000000000e+05 3.405746200000000501e-01 1.551841398895312252e-01
2.950000000000000000e+05 3.433343200000000262e-01 1.570019124683441347e-01
2.960000000000000000e+05 3.540606199999999926e-01 1.640028165036369057e-01
2.970000000000000000e+05 3.246919000000000333e-01 1.464737115057988814e-01
2.980000000000000000e+05 3.456618599999999875e-01 1.593534955776069462e-01
2.990000000000000000e+05 3.222480200000000239e-01 1.466865203604257595e-01
3.000000000000000000e+05 3.318838600000000305e-01 1.506180363712341097e-01
