# Time RMSD_average RMSD_std
0.000000000000000000e+00 2.739999999999999855e-05 0.000000000000000000e+00
1.000000000000000000e+03 9.684924000000000310e-02 4.080700084312004899e-02
2.000000000000000000e+03 1.251319599999999865e-01 3.350694796609204190e-02
3.000000000000000000e+03 1.224488400000000032e-01 4.477370248463265201e-02
4.000000000000000000e+03 1.229142200000000046e-01 7.959145852734199333e-02
5.000000000000000000e+03 1.293797999999999893e-01 2.032876971958706702e-02
6.000000000000000000e+03 1.124805000000000110e-01 4.712452683106749252e-02
7.000000000000000000e+03 1.089542400000000077e-01 3.373072005253371919e-02
8.000000000000000000e+03 1.281705999999999679e-01 3.065733054628207513e-02
9.000000000000000000e+03 1.355309399999999886e-01 3.591510445651523165e-02
1.000000000000000000e+04 1.165351400000000093e-01 4.471985270036563792e-02
1.100000000000000000e+04 1.551147599999999904e-01 4.579651062863195760e-02
1.200000000000000000e+04 1.706721999999999961e-01 8.089640704711179020e-02
1.300000000000000000e+04 1.689038799999999785e-01 3.489459637866012404e-02
1.400000000000000000e+04 1.525155800000000117e-01 3.605105626510268779e-02
1.500000000000000000e+04 1.369648400000000044e-01 2.628375529536067234e-02
1.600000000000000000e+04 1.543202399999999974e-01 2.616402315092998532e-02
1.700000000000000000e+04 1.629452600000000084e-01 2.820278964823161316e-02
1.800000000000000000e+04 1.429720999999999909e-01 2.554608751797425928e-02
1.900000000000000000e+04 1.326122600000000096e-01 2.733022856740133580e-02
2.000000000000000000e+04 1.428504599999999847e-01 1.375232661720917314e-02
2.100000000000000000e+04 1.589678800000000058e-01 2.883056027685899914e-02
2.200000000000000000e+04 1.699525200000000236e-01 1.622213943416835058e-02
2.300000000000000000e+04 1.387145399999999973e-01 2.965162744772029818e-02
2.400000000000000000e+04 1.544528800000000146e-01 1.894097920218487316e-02
2.500000000000000000e+04 1.440204800000000063e-01 2.807207948317331364e-02
2.600000000000000000e+04 1.456004200000000082e-01 1.391401584250930544e-02
2.700000000000000000e+04 1.722560999999999676e-01 4.624511553736242869e-02
2.800000000000000000e+04 1.473945399999999906e-01 2.576241293129197599e-02
2.900000000000000000e+04 1.436227000000000198e-01 2.461906913114304124e-02
3.000000000000000000e+04 1.256430199999999942e-01 2.657097292064406271e-02
3.100000000000000000e+04 1.447343600000000063e-01 2.091434255104376860e-02
3.200000000000000000e+04 1.538383600000000073e-01 7.387544434952652249e-03
3.300000000000000000e+04 1.603012800000000182e-01 5.142079596149402160e-02
3.400000000000000000e+04 1.792810000000000237e-01 3.569790299583436299e-02
3.500000000000000000e+04 1.636193599999999915e-01 3.617199221213009130e-02
3.600000000000000000e+04 1.546365999999999852e-01 2.692664282691030128e-02
3.700000000000000000e+04 1.648475400000000146e-01 2.375323814140716319e-02
3.800000000000000000e+04 1.486439800000000089e-01 2.851761808646717522e-02
3.900000000000000000e+04 1.580432199999999843e-01 6.606599916871003925e-03
4.000000000000000000e+04 1.583159799999999950e-01 2.257045410020809204e-02
4.100000000000000000e+04 1.727341800000000149e-01 1.845517038126714623e-02
4.200000000000000000e+04 1.648635399999999751e-01 2.210468433129955668e-02
4.300000000000000000e+04 1.758142600000000277e-01 1.517622675233867326e-02
4.400000000000000000e+04 1.691123199999999827e-01 1.801611398447512669e-02
4.500000000000000000e+04 1.545727200000000245e-01 3.302422266709089532e-02
4.600000000000000000e+04 1.468731999999999815e-01 3.782877346417670705e-02
4.700000000000000000e+04 1.220285000000000120e-01 5.608176387718204203e-02
4.800000000000000000e+04 1.528773599999999899e-01 1.819469827786105234e-02
4.900000000000000000e+04 1.427929800000000138e-01 3.474873488168454816e-02
5.000000000000000000e+04 1.598683600000000149e-01 2.492402685495263143e-02
5.100000000000000000e+04 1.499313999999999925e-01 2.588891177712961122e-02
5.200000000000000000e+04 1.529981800000000114e-01 1.669402797211027439e-02
5.300000000000000000e+04 1.522420200000000334e-01 2.593072840761709297e-02
5.400000000000000000e+04 1.665551200000000009e-01 2.225332753773241398e-02
5.500000000000000000e+04 1.536381200000000169e-01 2.090274709375779943e-02
5.600000000000000000e+04 1.618581199999999942e-01 6.441217915705068145e-03
5.700000000000000000e+04 1.517327800000000115e-01 1.928102981683291542e-02
5.800000000000000000e+04 1.430520399999999914e-01 3.427366347559595433e-02
5.900000000000000000e+04 1.407869600000000165e-01 3.788419112783589920e-02
6.000000000000000000e+04 1.332693199999999967e-01 4.526415728990875603e-02
6.100000000000000000e+04 1.400698599999999905e-01 3.756776427346189551e-02
6.200000000000000000e+04 1.428781000000000079e-01 1.917748166699684287e-02
6.300000000000000000e+04 1.364274400000000109e-01 2.662970583431968630e-02
6.400000000000000000e+04 1.355185200000000312e-01 2.461494128633257700e-02
6.500000000000000000e+04 1.399292599999999998e-01 2.668812131189454706e-02
6.600000000000000000e+04 1.509749199999999847e-01 3.330896858525643489e-02
6.700000000000000000e+04 1.343903000000000181e-01 4.343629304657569551e-02
6.800000000000000000e+04 1.307450400000000068e-01 2.602159470306153466e-02
6.900000000000000000e+04 1.653649999999999842e-01 1.184158534876136870e-02
7.000000000000000000e+04 1.503699800000000142e-01 1.974802375959680556e-02
7.100000000000000000e+04 1.569442799999999916e-01 1.340114140353724018e-02
7.200000000000000000e+04 1.439181800000000067e-01 3.590564082644397137e-02
7.300000000000000000e+04 1.388474600000000059e-01 2.624560558924865505e-02
7.400000000000000000e+04 1.447808200000000045e-01 2.019618217400506732e-02
7.500000000000000000e+04 1.345106399999999591e-01 3.181210804210245907e-02
7.600000000000000000e+04 1.465288000000000146e-01 2.092833649997056025e-02
7.700000000000000000e+04 1.397085199999999749e-01 3.609738338103746919e-02
7.800000000000000000e+04 1.455120200000000197e-01 4.698973981338479267e-02
7.900000000000000000e+04 1.484288400000000063e-01 2.622758978500312407e-02
8.000000000000000000e+04 1.537293999999999883e-01 2.102585843032335824e-02
8.100000000000000000e+04 1.390241399999999905e-01 2.569618906208466849e-02
8.200000000000000000e+04 1.463247799999999876e-01 4.382767205560431784e-02
8.300000000000000000e+04 1.367675600000000102e-01 2.940084381745531120e-02
8.400000000000000000e+04 1.249185399999999946e-01 3.494227275124501403e-02
8.500000000000000000e+04 1.440823399999999754e-01 4.204296275585725495e-02
8.600000000000000000e+04 1.568628599999999929e-01 3.172927590706097617e-02
8.700000000000000000e+04 1.601916600000000135e-01 4.535729260485462516e-02
8.800000000000000000e+04 1.555976400000000093e-01 3.447149028989607983e-02
8.900000000000000000e+04 1.590884200000000082e-01 6.206967412833419573e-02
9.000000000000000000e+04 1.506628600000000096e-01 4.427209489701611211e-02
9.100000000000000000e+04 1.507719000000000142e-01 4.511509720273248342e-02
9.200000000000000000e+04 1.778789399999999854e-01 6.123330951992061316e-02
9.300000000000000000e+04 2.241797600000000057e-01 8.037314673480441818e-02
9.400000000000000000e+04 1.923117000000000021e-01 5.564510081913771194e-02
9.500000000000000000e+04 1.476140400000000019e-01 3.719590456954098567e-02
9.600000000000000000e+04 1.788401599999999980e-01 5.624644563894148214e-02
9.700000000000000000e+04 1.565791599999999950e-01 4.755709402095969346e-02
9.800000000000000000e+04 1.601160000000000083e-01 3.345834628441757969e-02
9.900000000000000000e+04 1.604462799999999967e-01 5.246052498983974632e-02
1.000000000000000000e+05 1.556839999999999891e-01 5.371117988951648603e-02
1.010000000000000000e+05 1.618953200000000092e-01 6.299396959707809218e-02
1.020000000000000000e+05 1.513932800000000189e-01 6.411246250411536951e-02
1.030000000000000000e+05 1.426499200000000134e-01 8.540885141576373685e-03
1.040000000000000000e+05 1.758306800000000170e-01 7.029122247715997862e-02
1.050000000000000000e+05 1.851886199999999982e-01 6.709980779115241878e-02
1.060000000000000000e+05 1.695668399999999965e-01 5.799307718662979200e-02
1.070000000000000000e+05 1.794946999999999793e-01 4.784807295831253887e-02
1.080000000000000000e+05 1.484237599999999879e-01 4.457425761080491267e-02
1.090000000000000000e+05 1.599191000000000085e-01 5.553332210862231555e-02
1.100000000000000000e+05 1.921834400000000109e-01 9.206375324983442909e-02
1.110000000000000000e+05 1.785658200000000140e-01 5.269232436518244550e-02
1.120000000000000000e+05 1.705980800000000408e-01 4.018080309114788889e-02
1.130000000000000000e+05 2.038968000000000169e-01 6.993892048523482619e-02
1.140000000000000000e+05 2.197397799999999957e-01 9.451683732111226810e-02
1.150000000000000000e+05 1.732202199999999803e-01 5.487986863903374785e-02
1.160000000000000000e+05 1.599172000000000093e-01 6.020717397264217091e-02
1.170000000000000000e+05 1.933640000000000081e-01 9.132325169874319637e-02
1.180000000000000000e+05 1.812802000000000024e-01 6.159795946526151061e-02
1.190000000000000000e+05 1.671589400000000059e-01 5.108129447461565859e-02
1.200000000000000000e+05 1.575984200000000168e-01 6.591056908042594586e-02
1.210000000000000000e+05 1.408987200000000051e-01 4.662244830883080504e-02
1.220000000000000000e+05 1.613818199999999814e-01 6.612486063354386379e-02
1.230000000000000000e+05 1.768987599999999882e-01 7.022202049661059597e-02
1.240000000000000000e+05 1.468649399999999994e-01 7.450036176407737187e-02
1.250000000000000000e+05 1.647170999999999774e-01 6.618537120563727782e-02
1.260000000000000000e+05 1.656736200000000214e-01 3.845576234097563412e-02
1.270000000000000000e+05 1.547873599999999850e-01 4.952153888039426133e-02
1.280000000000000000e+05 1.353381399999999957e-01 3.418955507090433443e-02
1.290000000000000000e+05 1.768761199999999978e-01 7.274520133816111955e-02
1.300000000000000000e+05 1.565006600000000136e-01 4.302259187587842426e-02
1.310000000000000000e+05 1.597756599999999860e-01 6.697078654549608323e-02
1.320000000000000000e+05 1.649482800000000027e-01 4.369434766083137717e-02
1.330000000000000000e+05 2.330871800000000049e-01 1.100896195379818809e-01
1.340000000000000000e+05 1.494254600000000099e-01 4.903561988830567459e-02
1.350000000000000000e+05 1.531289799999999979e-01 4.378652750453728565e-02
1.360000000000000000e+05 1.376079599999999736e-01 5.396259647294966710e-02
1.370000000000000000e+05 1.594181799999999927e-01 3.529697791955566100e-02
1.380000000000000000e+05 1.618823000000000345e-01 6.061327009983870362e-02
1.390000000000000000e+05 1.696087000000000011e-01 9.976200996852459257e-02
1.400000000000000000e+05 1.856342799999999849e-01 1.015662506279600696e-01
1.410000000000000000e+05 1.766579000000000066e-01 5.356440647653998993e-02
1.420000000000000000e+05 1.346393800000000029e-01 7.760065917983943740e-02
1.430000000000000000e+05 1.514493199999999984e-01 6.236854245888386050e-02
1.440000000000000000e+05 2.082672200000000307e-01 7.763304905542227352e-02
1.450000000000000000e+05 1.623902200000000018e-01 4.797134350953285303e-02
1.460000000000000000e+05 1.972413199999999978e-01 6.026411521276654748e-02
1.470000000000000000e+05 1.743790599999999746e-01 3.639466778183859247e-02
1.480000000000000000e+05 1.770100800000000141e-01 2.513669746163167337e-02
1.490000000000000000e+05 1.972786000000000262e-01 2.674783502827846049e-02
1.500000000000000000e+05 1.608145599999999953e-01 1.752108800749542505e-02
1.510000000000000000e+05 2.086952400000000041e-01 4.501684945522510528e-02
1.520000000000000000e+05 1.791930800000000046e-01 6.453042916644519122e-02
1.530000000000000000e+05 2.025183600000000084e-01 4.589554171557842094e-02
1.540000000000000000e+05 2.090900200000000153e-01 7.668477859036693101e-02
1.550000000000000000e+05 2.223301799999999884e-01 6.414202496655059538e-02
1.560000000000000000e+05 2.187355000000000271e-01 7.780021193094527332e-02
1.570000000000000000e+05 2.011072799999999994e-01 5.423445693067831253e-02
1.580000000000000000e+05 2.407441999999999638e-01 7.476735177129119336e-02
1.590000000000000000e+05 1.949335199999999713e-01 4.810363962934198490e-02
1.600000000000000000e+05 2.098682600000000009e-01 5.735518642349966834e-02
1.610000000000000000e+05 2.277190600000000009e-01 5.302839106775161793e-02
1.620000000000000000e+05 2.223229599999999861e-01 6.934102512001391605e-02
1.630000000000000000e+05 2.527784399999999931e-01 9.400327731281714339e-02
1.640000000000000000e+05 2.356306400000000301e-01 9.696796811748918665e-02
1.650000000000000000e+05 2.322225200000000156e-01 9.125222521826852062e-02
1.660000000000000000e+05 2.353271799999999969e-01 6.015272204957644586e-02
1.670000000000000000e+05 2.591992799999999209e-01 7.880809725657382525e-02
1.680000000000000000e+05 2.222264599999999868e-01 6.523835192487928425e-02
1.690000000000000000e+05 2.064940400000000176e-01 7.997768435093879913e-02
1.700000000000000000e+05 2.178907399999999994e-01 7.446379027206714851e-02
1.710000000000000000e+05 2.482144399999999806e-01 5.787798132587555766e-02
1.720000000000000000e+05 1.880800400000000039e-01 5.030535645843690895e-02
1.730000000000000000e+05 2.007730600000000309e-01 6.204819268712345737e-02
1.740000000000000000e+05 1.918824799999999942e-01 5.316551058276032526e-02
1.750000000000000000e+05 1.784215600000000068e-01 3.383666031047390804e-02
1.760000000000000000e+05 1.889697800000000039e-01 5.882321459486552356e-02
1.770000000000000000e+05 2.521992800000000257e-01 7.942651939173464570e-02
1.780000000000000000e+05 2.583095000000000252e-01 6.848744574346456171e-02
1.790000000000000000e+05 2.656283600000000633e-01 1.002620252709788412e-01
1.800000000000000000e+05 2.547052799999999784e-01 7.711997324092897954e-02
1.810000000000000000e+05 2.426379200000000069e-01 8.634306058620808133e-02
1.820000000000000000e+05 2.302362599999999426e-01 7.686213938785727007e-02
1.830000000000000000e+05 2.370159399999999805e-01 1.067608794876775125e-01
1.840000000000000000e+05 2.108936599999999828e-01 6.183343359036760217e-02
1.850000000000000000e+05 2.226602199999999920e-01 4.235360918766663957e-02
1.860000000000000000e+05 2.099345399999999751e-01 7.810181560272719259e-02
1.870000000000000000e+05 2.556624200000000013e-01 6.602105262839726152e-02
1.880000000000000000e+05 2.120352600000000032e-01 6.512317028688330289e-02
1.890000000000000000e+05 2.294383999999999868e-01 5.264443124376975286e-02
1.900000000000000000e+05 2.131049799999999994e-01 5.158326406893615212e-02
1.910000000000000000e+05 2.478544600000000264e-01 7.276671603423091883e-02
1.920000000000000000e+05 2.544477799999999568e-01 8.587885946744752697e-02
1.930000000000000000e+05 2.651688799999999957e-01 9.022341172058170877e-02
1.940000000000000000e+05 2.671486599999999823e-01 8.653941817631084776e-02
1.950000000000000000e+05 2.923820200000000757e-01 7.377030022512853780e-02
1.960000000000000000e+05 2.886534600000000284e-01 6.889720083093653358e-02
1.970000000000000000e+05 2.887171199999999938e-01 1.111215517259078051e-01
1.980000000000000000e+05 2.644752400000000003e-01 7.878573129775720552e-02
1.990000000000000000e+05 2.741584799999999822e-01 1.094577895196938294e-01
2.000000000000000000e+05 2.523095200000000093e-01 9.120318980437909506e-02
2.010000000000000000e+05 2.411323999999999967e-01 1.051081389776643144e-01
2.020000000000000000e+05 2.227726800000000007e-01 8.167044979938338500e-02
2.030000000000000000e+05 2.081373400000000040e-01 7.310679349575113783e-02
2.040000000000000000e+05 2.117541000000000007e-01 1.073282309057034534e-01
2.050000000000000000e+05 2.127698200000000262e-01 9.774167211519146914e-02
2.060000000000000000e+05 2.734860399999999858e-01 1.576400556765519267e-01
2.070000000000000000e+05 2.504811000000000121e-01 8.075582638068908026e-02
2.080000000000000000e+05 2.134570399999999868e-01 5.113358907722399121e-02
2.090000000000000000e+05 2.557933000000000012e-01 1.304916686198318299e-01
2.100000000000000000e+05 2.099952599999999892e-01 7.354542431087335297e-02
2.110000000000000000e+05 2.427200199999999808e-01 5.573360779021576533e-02
2.120000000000000000e+05 2.309524999999999773e-01 4.704531431337236752e-02
2.130000000000000000e+05 2.300274200000000102e-01 6.087988520006915732e-02
2.140000000000000000e+05 2.766419600000000201e-01 7.357229573742007922e-02
2.150000000000000000e+05 2.606557200000000352e-01 5.760971366272879535e-02
2.160000000000000000e+05 2.318696399999999325e-01 6.893399433572958146e-02
2.170000000000000000e+05 2.749494199999999999e-01 1.271511435385525579e-01
2.180000000000000000e+05 2.426364999999999772e-01 1.068368896992607092e-01
2.190000000000000000e+05 2.255759000000000236e-01 7.132405223667540040e-02
2.200000000000000000e+05 2.153574599999999728e-01 8.992575639814434640e-02
2.210000000000000000e+05 1.872951599999999883e-01 7.320775444971931722e-02
2.220000000000000000e+05 2.107963199999999815e-01 1.154095708205415682e-01
2.230000000000000000e+05 2.740184199999999848e-01 1.128420567977985733e-01
2.240000000000000000e+05 2.286921799999999949e-01 8.405392768184959118e-02
2.250000000000000000e+05 2.196282599999999918e-01 9.903789454322219077e-02
2.260000000000000000e+05 2.448873600000000261e-01 9.815577668301748993e-02
2.270000000000000000e+05 2.466106000000000409e-01 8.328929449433462862e-02
2.280000000000000000e+05 2.564266199999999940e-01 8.832086457682351843e-02
2.290000000000000000e+05 2.404736200000000268e-01 1.138150642757873171e-01
2.300000000000000000e+05 2.585857400000000084e-01 1.789238571649918175e-01
2.310000000000000000e+05 2.401678000000000424e-01 1.369916800936319679e-01
2.320000000000000000e+05 2.370261999999999925e-01 1.310451230659576971e-01
2.330000000000000000e+05 2.306618399999999514e-01 1.075904445628997202e-01
2.340000000000000000e+05 2.576181999999999639e-01 1.404982637247165489e-01
2.350000000000000000e+05 2.556675000000000475e-01 1.439881522294108873e-01
2.360000000000000000e+05 2.418843400000000032e-01 1.035645211656308490e-01
2.370000000000000000e+05 2.167747000000000424e-01 7.839486781908622248e-02
2.380000000000000000e+05 2.617762599999999829e-01 7.964829560997775670e-02
2.390000000000000000e+05 2.357104600000000383e-01 1.060213495790654353e-01
2.400000000000000000e+05 1.937462600000000035e-01 7.174335592110533955e-02
2.410000000000000000e+05 2.161897999999999875e-01 1.089899467549002854e-01
2.420000000000000000e+05 1.920058200000000215e-01 9.436171575420616853e-02
2.430000000000000000e+05 2.241649399999999515e-01 1.073276321820359480e-01
2.440000000000000000e+05 2.215236200000000044e-01 8.660465446709893211e-02
2.450000000000000000e+05 2.344953799999999755e-01 7.372551860609459495e-02
2.460000000000000000e+05 2.369361600000000345e-01 8.308885120755010734e-02
2.470000000000000000e+05 2.506397599999999892e-01 7.621315850763829558e-02
2.480000000000000000e+05 2.165530400000000300e-01 5.847949667617190206e-02
2.490000000000000000e+05 2.555595199999999845e-01 7.616457735455241240e-02
2.500000000000000000e+05 2.449116800000000205e-01 7.970644777771494771e-02
2.510000000000000000e+05 2.340813800000000333e-01 6.347985679427452232e-02
2.520000000000000000e+05 2.276012800000000169e-01 8.728245030081133171e-02
2.530000000000000000e+05 2.173204000000000247e-01 1.133094487504903713e-01
2.540000000000000000e+05 2.506181599999999787e-01 1.122583730149087911e-01
2.550000000000000000e+05 2.380979599999999974e-01 1.008230655168667333e-01
2.560000000000000000e+05 2.574654000000000109e-01 1.058425441444979659e-01
2.570000000000000000e+05 2.815546599999999566e-01 1.306066789590578092e-01
2.580000000000000000e+05 2.855098600000000042e-01 1.372420521222063039e-01
2.590000000000000000e+05 2.728779799999999645e-01 1.646671047967431523e-01
2.600000000000000000e+05 2.621843799999999947e-01 1.818730303984777141e-01
2.610000000000000000e+05 2.776747400000000310e-01 1.725968169429390187e-01
2.620000000000000000e+05 2.809498400000000062e-01 1.394822888682373252e-01
2.630000000000000000e+05 2.716192800000000185e-01 1.628097964842828427e-01
2.640000000000000000e+05 2.758620600000000200e-01 9.853311882492302165e-02
2.650000000000000000e+05 2.849316599999999755e-01 1.320034344320722419e-01
2.660000000000000000e+05 3.058671600000000268e-01 1.786034485353135692e-01
2.670000000000000000e+05 3.162900800000000290e-01 1.775647047234826803e-01
2.680000000000000000e+05 3.160571600000000037e-01 1.461180853085832232e-01
2.690000000000000000e+05 2.978142599999999973e-01 1.982329828148343132e-01
2.700000000000000000e+05 3.019060199999999972e-01 1.585953575340640076e-01
2.710000000000000000e+05 2.989300599999999974e-01 1.448133013877191955e-01
2.720000000000000000e+05 2.384708200000000278e-01 1.484970179968661819e-01
2.730000000000000000e+05 2.497353599999999896e-01 1.496372448989836124e-01
2.740000000000000000e+05 2.171851199999999815e-01 1.527665809120096752e-01
2.750000000000000000e+05 1.913647799999999843e-01 5.927241735274173251e-02
2.760000000000000000e+05 2.432848999999999984e-01 1.096243290934453135e-01
2.770000000000000000e+05 2.013984000000000329e-01 1.010462520450511464e-01
2.780000000000000000e+05 2.191608800000000024e-01 7.132394061857209866e-02
2.790000000000000000e+05 2.208939799999999898e-01 6.147440925482408614e-02
2.800000000000000000e+05 2.525403999999999982e-01 7.005463714467444203e-02
2.810000000000000000e+05 2.693727399999999994e-01 9.707490396257109633e-02
2.820000000000000000e+05 2.579494199999999848e-01 8.468746084608749780e-02
2.830000000000000000e+05 2.792683599999999933e-01 7.859909440988743778e-02
2.840000000000000000e+05 2.424271000000000065e-01 8.001531004339107467e-02
2.850000000000000000e+05 2.191498199999999952e-01 5.230887675908937884e-02
2.860000000000000000e+05 2.676315200000000116e-01 8.499200396057031426e-02
2.870000000000000000e+05 2.737250400000000305e-01 1.118870101193628341e-01
2.880000000000000000e+05 2.486032400000000031e-01 1.347619996804974574e-01
2.890000000000000000e+05 2.575361999999999929e-01 7.998786441894793764e-02
2.900000000000000000e+05 2.365992599999999779e-01 9.913568334323620557e-02
2.910000000000000000e+05 2.837243799999999982e-01 9.203911330145243819e-02
2.920000000000000000e+05 3.067337799999999559e-01 9.291073561235858869e-02
2.930000000000000000e+05 2.520031600000000038e-01 7.587542884132122967e-02
2.940000000000000000e+05 3.007459000000000104e-01 7.722729201812013333e-02
2.950000000000000000e+05 3.436253399999999458e-01 1.326294485676329515e-01
2.960000000000000000e+05 3.247674799999999418e-01 1.180052853606888275e-01
2.970000000000000000e+05 3.393190999999999846e-01 1.173001678285414823e-01
2.980000000000000000e+05 3.084548399999999524e-01 8.769968563897136138e-02
2.990000000000000000e+05 3.436048799999999459e-01 1.374758099570888015e-01
3.000000000000000000e+05 3.210396600000000045e-01 1.246701153525029970e-01
