# Time RMSD_average RMSD_std
0.000000000000000000e+00 2.636000000000000173e-05 9.079999999999999462e-06
1.000000000000000000e+03 6.415450000000000319e-02 2.362210834087423439e-02
2.000000000000000000e+03 7.881321999999998940e-02 2.964959439387999593e-02
3.000000000000000000e+03 9.111453999999999387e-02 1.713615009896913774e-02
4.000000000000000000e+03 1.026300599999999952e-01 2.660970822587876636e-02
5.000000000000000000e+03 1.085317399999999877e-01 3.083012595586336752e-02
6.000000000000000000e+03 9.711783999999998307e-02 3.316832140435207327e-02
7.000000000000000000e+03 9.576367999999998992e-02 4.092421332382089466e-02
8.000000000000000000e+03 9.475391999999999149e-02 3.065563524922619923e-02
9.000000000000000000e+03 9.422943999999999765e-02 4.713597479813480540e-02
1.000000000000000000e+04 1.084420600000000068e-01 2.655829067312879752e-02
1.100000000000000000e+04 8.208263999999998450e-02 3.992789650235032545e-02
1.200000000000000000e+04 1.149049200000000076e-01 5.082072361584002995e-02
1.300000000000000000e+04 1.090773199999999915e-01 4.295278293113963253e-02
1.400000000000000000e+04 1.235456199999999810e-01 4.877520794905542550e-02
1.500000000000000000e+04 1.231651399999999785e-01 5.625041126034902028e-02
1.600000000000000000e+04 1.212643399999999982e-01 4.053343562347510448e-02
1.700000000000000000e+04 1.404315599999999831e-01 5.042753583694527253e-02
1.800000000000000000e+04 1.215861000000000025e-01 5.341271393003729079e-02
1.900000000000000000e+04 1.147070199999999929e-01 4.367376000636537942e-02
2.000000000000000000e+04 1.193843400000000055e-01 4.287325277944746549e-02
2.100000000000000000e+04 7.569934000000000385e-02 2.278309563642307370e-02
2.200000000000000000e+04 8.789124000000000936e-02 2.725043390983710595e-02
2.300000000000000000e+04 8.791812000000000238e-02 2.743326211841384463e-02
2.400000000000000000e+04 9.154562000000000810e-02 1.828964643019651351e-02
2.500000000000000000e+04 9.407380000000001297e-02 1.631338625240020754e-02
2.600000000000000000e+04 9.091770000000000407e-02 4.583101642102212214e-02
2.700000000000000000e+04 1.015788599999999792e-01 4.495122260942854137e-02
2.800000000000000000e+04 9.408965999999999164e-02 2.678140618015417002e-02
2.900000000000000000e+04 1.184122199999999986e-01 5.049500199506481990e-02
3.000000000000000000e+04 1.247909799999999958e-01 7.009201348257589059e-02
3.100000000000000000e+04 1.139066399999999896e-01 4.986580979098204081e-02
3.200000000000000000e+04 1.266471799999999981e-01 6.834500703218633622e-02
3.300000000000000000e+04 1.169634199999999985e-01 2.893311122692476811e-02
3.400000000000000000e+04 1.503756599999999943e-01 8.653867180442741114e-02
3.500000000000000000e+04 1.300736400000000181e-01 5.130983303494954240e-02
3.600000000000000000e+04 1.213649999999999868e-01 3.482201463183886431e-02
3.700000000000000000e+04 1.240901199999999982e-01 5.674796919296407754e-02
3.800000000000000000e+04 9.880310000000000481e-02 5.436273723605168640e-02
3.900000000000000000e+04 1.369573999999999792e-01 4.070560820648672778e-02
4.000000000000000000e+04 1.296771399999999963e-01 6.540033161348955681e-02
4.100000000000000000e+04 1.396876400000000018e-01 5.517856755772479471e-02
4.200000000000000000e+04 1.285664999999999725e-01 3.683142638720363071e-02
4.300000000000000000e+04 1.275328600000000256e-01 4.545994316470710478e-02
4.400000000000000000e+04 1.215432199999999935e-01 5.618851867199917138e-02
4.500000000000000000e+04 1.270410399999999940e-01 3.979479443613699596e-02
4.600000000000000000e+04 1.137885800000000003e-01 5.703749815044133892e-02
4.700000000000000000e+04 1.413918800000000253e-01 5.018941396061125937e-02
4.800000000000000000e+04 1.234032399999999835e-01 4.571952013197863596e-02
4.900000000000000000e+04 1.217351400000000056e-01 6.883547235246083307e-02
5.000000000000000000e+04 1.298360199999999964e-01 5.943488085151343858e-02
5.100000000000000000e+04 1.204354799999999975e-01 6.209408663962777408e-02
5.200000000000000000e+04 1.134279800000000116e-01 4.096731146601641921e-02
5.300000000000000000e+04 1.175974799999999904e-01 5.313046017603836879e-02
5.400000000000000000e+04 9.738801999999999182e-02 2.417840128465073221e-02
5.500000000000000000e+04 1.309389999999999998e-01 3.459523321956364805e-02
5.600000000000000000e+04 1.113101999999999980e-01 5.101424649048537374e-02
5.700000000000000000e+04 1.223143000000000147e-01 3.349250316014017875e-02
5.800000000000000000e+04 1.014330600000000054e-01 2.393160567839943548e-02
5.900000000000000000e+04 1.043161400000000016e-01 3.585287088870848377e-02
6.000000000000000000e+04 1.092825200000000080e-01 2.038133164102876038e-02
6.100000000000000000e+04 9.583495999999999682e-02 2.538970058788405856e-02
6.200000000000000000e+04 1.123274400000000145e-01 3.017393412842283434e-02
6.300000000000000000e+04 9.892588000000000770e-02 2.061763058175211660e-02
6.400000000000000000e+04 1.265530200000000161e-01 4.663769984454207984e-02
6.500000000000000000e+04 1.060186999999999935e-01 5.367039110936308588e-02
6.600000000000000000e+04 9.566043999999998548e-02 6.089041665352602772e-03
6.700000000000000000e+04 1.008393399999999857e-01 1.816533140260315551e-02
6.800000000000000000e+04 1.029873000000000038e-01 1.719118775675491234e-02
6.900000000000000000e+04 1.351561600000000252e-01 4.873011198306854974e-02
7.000000000000000000e+04 1.178139399999999781e-01 2.930968724852587096e-02
7.100000000000000000e+04 1.040636199999999956e-01 4.107412604184780547e-02
7.200000000000000000e+04 1.269806800000000124e-01 3.772660096634203319e-02
7.300000000000000000e+04 1.341778599999999821e-01 5.875043611680171723e-02
7.400000000000000000e+04 1.479487599999999847e-01 5.624226553209249468e-02
7.500000000000000000e+04 1.335877799999999893e-01 7.631163250187746050e-02
7.600000000000000000e+04 1.365828600000000004e-01 7.671541112954032016e-02
7.700000000000000000e+04 1.219262000000000123e-01 3.843266659142974273e-02
7.800000000000000000e+04 1.278941600000000345e-01 8.094187805067536157e-02
7.900000000000000000e+04 1.425870399999999982e-01 8.008377914790486274e-02
8.000000000000000000e+04 1.481015400000000037e-01 7.351278866035758364e-02
8.100000000000000000e+04 1.503581200000000118e-01 8.631148748585903974e-02
8.200000000000000000e+04 1.249548199999999804e-01 6.353972487089945553e-02
8.300000000000000000e+04 1.542659000000000113e-01 1.121565319115208764e-01
8.400000000000000000e+04 1.296491399999999961e-01 7.702864042953373735e-02
8.500000000000000000e+04 1.356032399999999860e-01 8.262897132842936254e-02
8.600000000000000000e+04 1.295224200000000270e-01 7.573212819313610011e-02
8.700000000000000000e+04 1.308904399999999968e-01 7.507715012381863118e-02
8.800000000000000000e+04 1.187134199999999862e-01 6.040008189558686291e-02
8.900000000000000000e+04 1.105139000000000121e-01 5.634446887221495476e-02
9.000000000000000000e+04 1.591302200000000167e-01 8.985540533687219611e-02
9.100000000000000000e+04 1.321118800000000149e-01 9.332491760175092022e-02
9.200000000000000000e+04 1.390569999999999862e-01 6.725676532254579176e-02
9.300000000000000000e+04 1.352558999999999845e-01 7.362133205505046185e-02
9.400000000000000000e+04 1.546469600000000277e-01 8.943968327132201246e-02
9.500000000000000000e+04 1.465599599999999891e-01 8.265648958047033812e-02
9.600000000000000000e+04 1.251243800000000073e-01 7.739527414359095858e-02
9.700000000000000000e+04 1.316588200000000097e-01 4.543248024721521089e-02
9.800000000000000000e+04 1.315068800000000204e-01 5.717158886098583359e-02
9.900000000000000000e+04 1.112407399999999907e-01 2.412459639841462236e-02
1.000000000000000000e+05 1.123946600000000073e-01 3.223899259695314767e-02
1.010000000000000000e+05 1.360959399999999986e-01 5.834391394085933213e-02
1.020000000000000000e+05 1.304403399999999880e-01 3.746688337401977986e-02
1.030000000000000000e+05 1.263985800000000104e-01 5.388440563392715710e-02
1.040000000000000000e+05 1.235220399999999996e-01 6.173353187150724258e-02
1.050000000000000000e+05 1.309968800000000100e-01 5.237897121129432565e-02
1.060000000000000000e+05 1.352688400000000013e-01 4.134935765578953010e-02
1.070000000000000000e+05 1.321897599999999895e-01 5.073077396486672802e-02
1.080000000000000000e+05 1.363845600000000158e-01 6.741118100329054896e-02
1.090000000000000000e+05 1.332638399999999945e-01 7.043712239924626584e-02
1.100000000000000000e+05 1.544277200000000183e-01 4.359596895555367668e-02
1.110000000000000000e+05 1.550640199999999969e-01 6.504412833670383809e-02
1.120000000000000000e+05 1.307162799999999903e-01 5.151876746205793361e-02
1.130000000000000000e+05 1.226812600000000142e-01 3.845994630082574806e-02
1.140000000000000000e+05 1.515613000000000099e-01 4.070893152491231182e-02
1.150000000000000000e+05 1.688615400000000322e-01 9.708863964296955695e-02
1.160000000000000000e+05 1.364766999999999786e-01 4.525890311375210112e-02
1.170000000000000000e+05 1.626285399999999881e-01 8.771072084240558175e-02
1.180000000000000000e+05 1.622386799999999962e-01 7.028740747938851119e-02
1.190000000000000000e+05 1.556575600000000004e-01 4.998645755684633096e-02
1.200000000000000000e+05 1.749062200000000011e-01 7.229621171097141974e-02
1.210000000000000000e+05 1.629362799999999889e-01 8.435521338773081801e-02
1.220000000000000000e+05 1.699914800000000004e-01 8.966423467901568634e-02
1.230000000000000000e+05 1.616552199999999884e-01 9.640279937116763564e-02
1.240000000000000000e+05 1.586271200000000103e-01 8.008472752877168754e-02
1.250000000000000000e+05 1.594255599999999939e-01 6.887972998264728364e-02
1.260000000000000000e+05 1.309365600000000074e-01 7.295391365728366717e-02
1.270000000000000000e+05 1.698415999999999815e-01 8.891589395405076479e-02
1.280000000000000000e+05 1.476392199999999877e-01 8.437111130365414213e-02
1.290000000000000000e+05 1.635758599999999896e-01 8.504485382739158938e-02
1.300000000000000000e+05 1.462207199999999985e-01 8.800259613837309314e-02
1.310000000000000000e+05 1.576688599999999940e-01 8.231278695832378034e-02
1.320000000000000000e+05 1.760912599999999995e-01 8.558495146170498613e-02
1.330000000000000000e+05 1.454738800000000276e-01 6.931625512239968090e-02
1.340000000000000000e+05 1.381573399999999896e-01 6.229383448626677616e-02
1.350000000000000000e+05 1.463710399999999801e-01 7.955027615528685592e-02
1.360000000000000000e+05 1.358010800000000184e-01 9.267172389986925995e-02
1.370000000000000000e+05 1.773319000000000145e-01 6.957017434004315881e-02
1.380000000000000000e+05 1.604276400000000380e-01 6.172299349673831398e-02
1.390000000000000000e+05 1.741520799999999869e-01 9.925605946698469462e-02
1.400000000000000000e+05 1.768466399999999994e-01 8.799945787338918357e-02
1.410000000000000000e+05 1.130057800000000140e-01 5.584508491551964937e-02
1.420000000000000000e+05 1.631494400000000067e-01 9.362488986778248756e-02
1.430000000000000000e+05 1.213314599999999882e-01 4.496887935239658046e-02
1.440000000000000000e+05 1.371572400000000136e-01 5.727230285590409475e-02
1.450000000000000000e+05 1.650846200000000152e-01 1.012153203448055150e-01
1.460000000000000000e+05 1.361393399999999976e-01 7.668804237990692330e-02
1.470000000000000000e+05 1.120416399999999840e-01 3.633871423309305987e-02
1.480000000000000000e+05 1.307264199999999821e-01 5.358607966464425110e-02
1.490000000000000000e+05 1.392743799999999754e-01 5.269842599343551454e-02
1.500000000000000000e+05 1.180489600000000083e-01 3.695679541386671929e-02
1.510000000000000000e+05 1.198476200000000019e-01 4.387598876239257734e-02
1.520000000000000000e+05 1.265231399999999784e-01 4.987979383668701000e-02
1.530000000000000000e+05 1.103071200000000085e-01 4.103230522753505138e-02
1.540000000000000000e+05 1.192944800000000083e-01 3.205325809882046684e-02
1.550000000000000000e+05 1.162283600000000028e-01 3.478235635373774087e-02
1.560000000000000000e+05 1.068703599999999837e-01 4.042626730236666133e-02
1.570000000000000000e+05 1.140193199999999935e-01 4.388688780879318463e-02
1.580000000000000000e+05 1.227670799999999868e-01 4.443744009149941387e-02
1.590000000000000000e+05 1.590902400000000216e-01 8.877250049659748954e-02
1.600000000000000000e+05 1.532041400000000164e-01 6.437995705508353650e-02
1.610000000000000000e+05 1.496160599999999952e-01 7.354868255857748005e-02
1.620000000000000000e+05 1.506919600000000137e-01 7.010703385089402107e-02
1.630000000000000000e+05 1.603609000000000007e-01 7.710166481177950504e-02
1.640000000000000000e+05 1.450709799999999883e-01 7.020960868301147351e-02
1.650000000000000000e+05 1.440170199999999956e-01 6.540141136900334828e-02
1.660000000000000000e+05 1.676949000000000356e-01 7.446730277991811531e-02
1.670000000000000000e+05 1.461256800000000078e-01 7.722926358134978020e-02
1.680000000000000000e+05 1.591772199999999804e-01 9.674847865177828299e-02
1.690000000000000000e+05 1.834763800000000222e-01 1.327222254242355626e-01
1.700000000000000000e+05 1.780567200000000017e-01 1.012132155673635264e-01
1.710000000000000000e+05 1.801668599999999842e-01 1.292736962953964508e-01
1.720000000000000000e+05 1.910830599999999990e-01 1.067109525011673693e-01
1.730000000000000000e+05 1.735774400000000273e-01 8.455704851189166371e-02
1.740000000000000000e+05 1.699901399999999840e-01 8.022591176969195992e-02
1.750000000000000000e+05 1.644221999999999906e-01 7.791275759152670177e-02
1.760000000000000000e+05 1.662221799999999694e-01 8.019025059946877088e-02
1.770000000000000000e+05 1.623185199999999939e-01 6.660575940302461417e-02
1.780000000000000000e+05 1.699207799999999935e-01 6.555292970744786007e-02
1.790000000000000000e+05 1.662047200000000002e-01 8.666756590873889166e-02
1.800000000000000000e+05 1.683807799999999799e-01 1.178005436203823225e-01
1.810000000000000000e+05 1.674570400000000014e-01 9.717888501051244465e-02
1.820000000000000000e+05 1.912706799999999985e-01 8.204115481974642854e-02
1.830000000000000000e+05 1.687356799999999990e-01 9.780091631422273279e-02
1.840000000000000000e+05 1.705126199999999759e-01 7.925767944582783053e-02
1.850000000000000000e+05 1.538797799999999660e-01 7.130014263787697038e-02
1.860000000000000000e+05 1.576063799999999904e-01 8.543386036457442656e-02
1.870000000000000000e+05 1.875994799999999851e-01 1.164279362296935794e-01
1.880000000000000000e+05 1.598639599999999994e-01 9.381380897862746926e-02
1.890000000000000000e+05 1.622369399999999962e-01 1.000740248194625093e-01
1.900000000000000000e+05 1.742508200000000007e-01 9.035842945158796546e-02
1.910000000000000000e+05 1.713497800000000348e-01 8.152746426213440534e-02
1.920000000000000000e+05 1.742599200000000126e-01 1.032469954377249893e-01
1.930000000000000000e+05 1.740091400000000066e-01 8.094458925127978599e-02
1.940000000000000000e+05 1.642410400000000048e-01 7.934188307479474178e-02
1.950000000000000000e+05 1.929202200000000034e-01 1.333622486480098290e-01
1.960000000000000000e+05 1.740813999999999973e-01 8.686821625183747952e-02
1.970000000000000000e+05 1.851437000000000221e-01 6.192273843098348995e-02
1.980000000000000000e+05 1.927910399999999969e-01 7.622448931661267302e-02
1.990000000000000000e+05 1.540693599999999885e-01 3.325862644377244881e-02
2.000000000000000000e+05 1.626255000000000062e-01 5.377201968845879421e-02
2.010000000000000000e+05 1.847695199999999927e-01 7.428352510196052638e-02
2.020000000000000000e+05 1.706423800000000102e-01 9.072522448447069288e-02
2.030000000000000000e+05 1.631825399999999870e-01 8.113669048716738719e-02
2.040000000000000000e+05 1.405893599999999688e-01 5.875846314860864311e-02
2.050000000000000000e+05 1.518347800000000025e-01 6.017586432902812671e-02
2.060000000000000000e+05 1.851057799999999975e-01 8.050279391470584189e-02
2.070000000000000000e+05 1.703576599999999941e-01 8.515087953832536916e-02
2.080000000000000000e+05 1.520387599999999950e-01 6.964151391963273319e-02
2.090000000000000000e+05 1.676074399999999964e-01 8.285027697775305955e-02
2.100000000000000000e+05 1.681838600000000183e-01 8.202207337602725190e-02
2.110000000000000000e+05 1.499543799999999982e-01 5.935510806083669350e-02
2.120000000000000000e+05 1.699586999999999903e-01 7.326004614268270820e-02
2.130000000000000000e+05 1.616721000000000130e-01 6.554334368104819397e-02
2.140000000000000000e+05 1.545503000000000016e-01 7.344324308040868499e-02
2.150000000000000000e+05 1.458805799999999819e-01 6.159122277300232290e-02
2.160000000000000000e+05 1.300936199999999932e-01 3.783856624437030580e-02
2.170000000000000000e+05 1.346343799999999979e-01 6.457363947690729356e-02
2.180000000000000000e+05 1.727662000000000087e-01 6.111376330722892436e-02
2.190000000000000000e+05 1.625350000000000128e-01 6.558283552665286620e-02
2.200000000000000000e+05 1.562322800000000289e-01 4.978245089998683398e-02
2.210000000000000000e+05 1.558410399999999862e-01 5.599256690135218789e-02
2.220000000000000000e+05 1.193120200000000047e-01 4.364127246991773845e-02
2.230000000000000000e+05 1.580242000000000036e-01 3.718845062693524467e-02
2.240000000000000000e+05 1.302048000000000094e-01 4.459821247489634266e-02
2.250000000000000000e+05 1.475486199999999914e-01 3.739271078643002094e-02
2.260000000000000000e+05 1.414659199999999950e-01 5.936050814355955246e-02
2.270000000000000000e+05 1.668438200000000315e-01 7.307753462865040905e-02
2.280000000000000000e+05 1.711531799999999881e-01 5.659628701692010627e-02
2.290000000000000000e+05 1.606342600000000009e-01 7.049013922796862341e-02
2.300000000000000000e+05 1.689563800000000171e-01 9.392613412846075038e-02
2.310000000000000000e+05 1.462539399999999989e-01 6.489056700786639820e-02
2.320000000000000000e+05 1.553178399999999848e-01 7.490034557377155122e-02
2.330000000000000000e+05 1.869271000000000127e-01 8.127021018848173961e-02
2.340000000000000000e+05 1.886307399999999912e-01 7.451049142923699131e-02
2.350000000000000000e+05 1.884592400000000278e-01 7.418494110094313310e-02
2.360000000000000000e+05 1.593883199999999722e-01 5.288323961276956281e-02
2.370000000000000000e+05 1.580386400000000080e-01 5.771341607573060584e-02
2.380000000000000000e+05 1.749146599999999996e-01 5.231368482034505496e-02
2.390000000000000000e+05 1.743674799999999914e-01 7.490057429118684995e-02
2.400000000000000000e+05 2.204656399999999628e-01 1.118117346278931640e-01
2.410000000000000000e+05 1.833577799999999980e-01 9.139473242198151159e-02
2.420000000000000000e+05 1.999598199999999826e-01 8.064006426012816642e-02
2.430000000000000000e+05 1.590405400000000080e-01 6.656741537619138838e-02
2.440000000000000000e+05 1.618627400000000049e-01 5.956802124377139074e-02
2.450000000000000000e+05 1.956716000000000011e-01 6.019038397920385697e-02
2.460000000000000000e+05 1.591868200000000066e-01 6.499017951630538248e-02
2.470000000000000000e+05 1.821070200000000083e-01 7.503088185261852505e-02
2.480000000000000000e+05 1.685386600000000068e-01 8.231452900723176813e-02
2.490000000000000000e+05 1.832714799999999866e-01 6.638250162654009412e-02
2.500000000000000000e+05 1.853425599999999895e-01 5.431405820962377506e-02
2.510000000000000000e+05 1.689369799999999866e-01 4.087842098914291206e-02
2.520000000000000000e+05 1.812997599999999765e-01 8.425007229771615258e-02
2.530000000000000000e+05 2.042585400000000162e-01 5.530388920260851521e-02
2.540000000000000000e+05 1.800008399999999953e-01 6.525069905969130279e-02
2.550000000000000000e+05 1.767986799999999858e-01 6.299729141146943878e-02
2.560000000000000000e+05 1.788293599999999928e-01 4.360552308194914906e-02
2.570000000000000000e+05 1.731675400000000087e-01 5.382754364310524814e-02
2.580000000000000000e+05 1.989493999999999985e-01 5.370804288607060328e-02
2.590000000000000000e+05 1.864623799999999831e-01 7.708331298939867515e-02
2.600000000000000000e+05 1.833451400000000175e-01 7.554942314330666264e-02
2.610000000000000000e+05 1.920853200000000038e-01 9.191920612828202719e-02
2.620000000000000000e+05 1.896051799999999843e-01 1.056492756988972465e-01
2.630000000000000000e+05 2.060907200000000050e-01 9.990863389814516604e-02
2.640000000000000000e+05 1.400556599999999985e-01 5.842644607027196874e-02
2.650000000000000000e+05 1.962961400000000078e-01 1.134618239911486665e-01
2.660000000000000000e+05 1.492656200000000155e-01 4.404544163690040509e-02
2.670000000000000000e+05 1.472566200000000047e-01 8.870863683081596507e-02
2.680000000000000000e+05 1.733550399999999880e-01 6.474185435677912159e-02
2.690000000000000000e+05 1.826393799999999901e-01 1.138432931584184155e-01
2.700000000000000000e+05 1.715804199999999835e-01 7.436429529136680261e-02
2.710000000000000000e+05 1.655757000000000201e-01 8.234614290777680923e-02
2.720000000000000000e+05 1.667245199999999872e-01 5.901834671958881146e-02
2.730000000000000000e+05 1.507088199999999933e-01 7.547455500303132392e-02
2.740000000000000000e+05 1.512875600000000154e-01 5.178842090840770490e-02
2.750000000000000000e+05 1.520157999999999787e-01 5.028790057319951906e-02
2.760000000000000000e+05 1.809201800000000415e-01 6.735943323735436861e-02
2.770000000000000000e+05 1.800206200000000201e-01 6.104143489176511866e-02
2.780000000000000000e+05 1.669559399999999971e-01 8.301778447247554205e-02
2.790000000000000000e+05 1.709132800000000008e-01 8.485678462580113768e-02
2.800000000000000000e+05 1.457887599999999895e-01 6.250689725688197973e-02
2.810000000000000000e+05 1.657192599999999794e-01 6.344701390377958938e-02
2.820000000000000000e+05 1.851414599999999799e-01 1.069177108912569285e-01
2.830000000000000000e+05 1.415457800000000099e-01 7.098777435492395482e-02
2.840000000000000000e+05 1.711422000000000221e-01 6.615032855706765025e-02
2.850000000000000000e+05 1.538208799999999932e-01 7.267566222598595416e-02
2.860000000000000000e+05 1.630818999999999741e-01 7.295710702529260849e-02
2.870000000000000000e+05 1.791033599999999892e-01 8.866632607477541173e-02
2.880000000000000000e+05 1.707221999999999906e-01 8.164279297253369816e-02
2.890000000000000000e+05 1.464129200000000020e-01 5.206781676000637321e-02
2.900000000000000000e+05 1.468727599999999911e-01 7.797522204086629327e-02
2.910000000000000000e+05 1.669768599999999770e-01 5.748675620226279676e-02
2.920000000000000000e+05 1.653719200000000056e-01 6.492320469266439631e-02
2.930000000000000000e+05 1.656612000000000084e-01 6.535762888462219589e-02
2.940000000000000000e+05 1.478204600000000146e-01 7.015038763492614793e-02
2.950000000000000000e+05 1.714064999999999894e-01 6.641464866940124945e-02
2.960000000000000000e+05 1.512585800000000036e-01 6.946567197352659928e-02
2.970000000000000000e+05 1.688297799999999849e-01 6.550618702630767176e-02
2.980000000000000000e+05 1.387549999999999895e-01 5.267263217235303163e-02
2.990000000000000000e+05 1.731986000000000081e-01 5.979104894306504908e-02
3.000000000000000000e+05 1.521579599999999810e-01 5.825735927048529550e-02
