# Time RMSD_average RMSD_std
0.000000000000000000e+00 2.725999999999999989e-05 9.480000000000000715e-06
1.000000000000000000e+03 2.138932200000000228e-01 7.599168680745019278e-02
2.000000000000000000e+03 1.809427799999999975e-01 8.238218401954149062e-02
3.000000000000000000e+03 2.026981000000000199e-01 4.573013153915042595e-02
4.000000000000000000e+03 2.049299400000000326e-01 8.656625851902345625e-02
5.000000000000000000e+03 2.234539599999999793e-01 1.213999055276502315e-01
6.000000000000000000e+03 2.567330400000000235e-01 9.050863930186112127e-02
7.000000000000000000e+03 2.439532399999999601e-01 1.352849655729209399e-01
8.000000000000000000e+03 2.356267799999999801e-01 1.089131527977663660e-01
9.000000000000000000e+03 2.955601800000000057e-01 9.735054354969775725e-02
1.000000000000000000e+04 2.901345999999999647e-01 4.622518135003907125e-02
1.100000000000000000e+04 2.564653000000000072e-01 7.282174868685865887e-02
1.200000000000000000e+04 3.205601999999999618e-01 8.539105328271809348e-02
1.300000000000000000e+04 2.884777800000000170e-01 1.111260877669577735e-01
1.400000000000000000e+04 3.077450199999999803e-01 5.210816553406578955e-02
1.500000000000000000e+04 3.063123799999999952e-01 8.611644202920601399e-02
1.600000000000000000e+04 3.136480799999999958e-01 8.711249904174257763e-02
1.700000000000000000e+04 3.490731800000000384e-01 8.693211644064349763e-02
1.800000000000000000e+04 3.382892400000000466e-01 6.662558895003029003e-02
1.900000000000000000e+04 4.004556599999999911e-01 1.166405100322113614e-01
2.000000000000000000e+04 3.531325800000000292e-01 9.633033176245996143e-02
2.100000000000000000e+04 3.957716199999999906e-01 1.114686527183387094e-01
2.200000000000000000e+04 3.679612800000000017e-01 1.212666829117940298e-01
2.300000000000000000e+04 3.599012600000000006e-01 8.576296185427832730e-02
2.400000000000000000e+04 3.462974600000000014e-01 1.058114018933044853e-01
2.500000000000000000e+04 3.502383400000000369e-01 1.012193379506228369e-01
2.600000000000000000e+04 3.179992999999999848e-01 9.371205704273062598e-02
2.700000000000000000e+04 3.373106600000000399e-01 1.152676864611171109e-01
2.800000000000000000e+04 3.281095399999999773e-01 9.946618253562564127e-02
2.900000000000000000e+04 4.032991200000000664e-01 1.152170654241705811e-01
3.000000000000000000e+04 4.023830800000000041e-01 8.364472811794895768e-02
3.100000000000000000e+04 3.971098600000000367e-01 1.034783080396582539e-01
3.200000000000000000e+04 3.886852000000000640e-01 1.091964243180700567e-01
3.300000000000000000e+04 4.121526399999999590e-01 6.658224509923346690e-02
3.400000000000000000e+04 4.209874400000000461e-01 4.055538850977018217e-02
3.500000000000000000e+04 4.071518600000000321e-01 8.733862521550475599e-02
3.600000000000000000e+04 3.995559999999999667e-01 1.085240957313904353e-01
3.700000000000000000e+04 3.977354800000000301e-01 7.396687321701249374e-02
3.800000000000000000e+04 3.788512000000000546e-01 1.057630142666329265e-01
3.900000000000000000e+04 3.957903999999999867e-01 8.483596614688844462e-02
4.000000000000000000e+04 4.124912600000000262e-01 1.218259735035283758e-01
4.100000000000000000e+04 3.971683400000000086e-01 1.187245306618072149e-01
4.200000000000000000e+04 4.074955399999999339e-01 1.248138861135346667e-01
4.300000000000000000e+04 4.162781400000000187e-01 1.330084669348173543e-01
4.400000000000000000e+04 3.872301000000000215e-01 6.642592401787121570e-02
4.500000000000000000e+04 3.827917399999999359e-01 1.491353904780565731e-01
4.600000000000000000e+04 3.780289399999999800e-01 9.360893068357527269e-02
4.700000000000000000e+04 3.925416400000000250e-01 1.444639331408722194e-01
4.800000000000000000e+04 3.545090999999999659e-01 1.406440586090574874e-01
4.900000000000000000e+04 3.827990800000000693e-01 1.310451188890513208e-01
5.000000000000000000e+04 3.732726399999999889e-01 8.770471303373839067e-02
5.100000000000000000e+04 3.525795800000000035e-01 1.363466134574584931e-01
5.200000000000000000e+04 3.670883000000000340e-01 1.246419933947624376e-01
5.300000000000000000e+04 3.744635600000000286e-01 1.614944480244766833e-01
5.400000000000000000e+04 3.411511999999999878e-01 1.369485890438744413e-01
5.500000000000000000e+04 3.597749799999999665e-01 1.234566560432672766e-01
5.600000000000000000e+04 3.911043399999999393e-01 1.596162945308479408e-01
5.700000000000000000e+04 4.040880800000000161e-01 1.685470209524499441e-01
5.800000000000000000e+04 4.094102600000000258e-01 1.702298066512278052e-01
5.900000000000000000e+04 4.732180799999999854e-01 1.420560224309888320e-01
6.000000000000000000e+04 4.321861799999999754e-01 1.362868191484326863e-01
6.100000000000000000e+04 4.066031999999999980e-01 1.263270867170616096e-01
6.200000000000000000e+04 4.388858799999999505e-01 1.671995715685826722e-01
6.300000000000000000e+04 4.055550199999999883e-01 1.121854957287687915e-01
6.400000000000000000e+04 4.051204400000000261e-01 1.646583178311815387e-01
6.500000000000000000e+04 3.874660600000000565e-01 1.731709313830309405e-01
6.600000000000000000e+04 3.535408800000000018e-01 1.579887389269298559e-01
6.700000000000000000e+04 3.268096400000000123e-01 1.240759519485641615e-01
6.800000000000000000e+04 3.892837599999999787e-01 1.789517780381474632e-01
6.900000000000000000e+04 4.749565999999999510e-01 1.563418580995761253e-01
7.000000000000000000e+04 4.397720800000000096e-01 1.609626380042946669e-01
7.100000000000000000e+04 4.078857599999999861e-01 1.347572786527332644e-01
7.200000000000000000e+04 4.053628999999999705e-01 1.351360038499436755e-01
7.300000000000000000e+04 4.249170800000000026e-01 1.660298789593174229e-01
7.400000000000000000e+04 4.527852600000000227e-01 1.293543146946958267e-01
7.500000000000000000e+04 4.738798799999999756e-01 1.558025199502421354e-01
7.600000000000000000e+04 4.627675800000000672e-01 1.300146340232883058e-01
7.700000000000000000e+04 4.601415799999999945e-01 1.300537159353072625e-01
7.800000000000000000e+04 4.237213999999999703e-01 1.450421373540668746e-01
7.900000000000000000e+04 4.361887199999999742e-01 1.463808793708440414e-01
8.000000000000000000e+04 3.995800799999999486e-01 1.427779089102568233e-01
8.100000000000000000e+04 4.312741400000000280e-01 1.382490307736093937e-01
8.200000000000000000e+04 4.500659800000000321e-01 1.193923017946199178e-01
8.300000000000000000e+04 4.498084999999999445e-01 9.041173620686640544e-02
8.400000000000000000e+04 4.487962399999999574e-01 1.602202205186049611e-01
8.500000000000000000e+04 4.453386599999999973e-01 1.298324203616585126e-01
8.600000000000000000e+04 4.728440400000000210e-01 1.487486637860737371e-01
8.700000000000000000e+04 4.453115999999999741e-01 1.433304764062828252e-01
8.800000000000000000e+04 4.212143400000000204e-01 1.419577075776387587e-01
8.900000000000000000e+04 3.969180800000000064e-01 1.305016936095834967e-01
9.000000000000000000e+04 4.717743999999999827e-01 1.075796380313672612e-01
9.100000000000000000e+04 3.998350800000000094e-01 1.405917315534082057e-01
9.200000000000000000e+04 4.205746799999999785e-01 1.350969722960126129e-01
9.300000000000000000e+04 4.262156400000000067e-01 1.462488461701164921e-01
9.400000000000000000e+04 4.199317799999999212e-01 1.373290259569097949e-01
9.500000000000000000e+04 4.585753399999999980e-01 1.472321605229862662e-01
9.600000000000000000e+04 4.683568400000000520e-01 1.308498705547177787e-01
9.700000000000000000e+04 4.240780400000000450e-01 1.602145716036041390e-01
9.800000000000000000e+04 4.579323800000000277e-01 1.788189118441939063e-01
9.900000000000000000e+04 3.779642199999999619e-01 1.715774145627844693e-01
1.000000000000000000e+05 4.333668399999999754e-01 1.746585547591826271e-01
1.010000000000000000e+05 4.358735799999999827e-01 1.478561714033661545e-01
1.020000000000000000e+05 4.475588600000000028e-01 1.503406703604929506e-01
1.030000000000000000e+05 4.149239999999999595e-01 1.455756259133650365e-01
1.040000000000000000e+05 4.186147599999999747e-01 1.579506242267956495e-01
1.050000000000000000e+05 4.064329199999999753e-01 1.518774204127710248e-01
1.060000000000000000e+05 3.668042600000000486e-01 1.738053904797270677e-01
1.070000000000000000e+05 4.684120799999999529e-01 1.401078897922797273e-01
1.080000000000000000e+05 4.780387199999999726e-01 1.316750469852720207e-01
1.090000000000000000e+05 4.467854800000000681e-01 1.477187786895003963e-01
1.100000000000000000e+05 3.861593199999999726e-01 1.244624815675374474e-01
1.110000000000000000e+05 4.145057000000000325e-01 1.638186255485132581e-01
1.120000000000000000e+05 4.503881200000000584e-01 1.582204265475403160e-01
1.130000000000000000e+05 3.838634599999999897e-01 1.393832990730754784e-01
1.140000000000000000e+05 4.117077000000000098e-01 1.436298695230765754e-01
1.150000000000000000e+05 4.330772400000000855e-01 1.119178852287801146e-01
1.160000000000000000e+05 4.045730199999999499e-01 1.563316675859680038e-01
1.170000000000000000e+05 3.914536599999999811e-01 1.254130284142536966e-01
1.180000000000000000e+05 4.092540600000000306e-01 1.313629971601988078e-01
1.190000000000000000e+05 3.964696200000000226e-01 1.101286189294208712e-01
1.200000000000000000e+05 4.199503800000000675e-01 1.191566045577398952e-01
1.210000000000000000e+05 4.444161999999999280e-01 1.139533904074468557e-01
1.220000000000000000e+05 4.547249199999999769e-01 1.138254727866904042e-01
1.230000000000000000e+05 4.544908999999999755e-01 1.012389880128994613e-01
1.240000000000000000e+05 4.156250200000000672e-01 1.345855945179780522e-01
1.250000000000000000e+05 4.363089599999999679e-01 1.115340763647343775e-01
1.260000000000000000e+05 4.329202399999999562e-01 1.084080800602169187e-01
1.270000000000000000e+05 4.068702400000000496e-01 1.468157008197638336e-01
1.280000000000000000e+05 4.877971600000000629e-01 1.690323604932096879e-01
1.290000000000000000e+05 4.801282000000000605e-01 1.880043735227135970e-01
1.300000000000000000e+05 4.134696599999999611e-01 1.405810128093918643e-01
1.310000000000000000e+05 4.221643000000000479e-01 1.350194167700779213e-01
1.320000000000000000e+05 4.475735599999999259e-01 1.470011608346900034e-01
1.330000000000000000e+05 4.610791800000000329e-01 1.651328476492354147e-01
1.340000000000000000e+05 4.909755399999999881e-01 1.412571660311872646e-01
1.350000000000000000e+05 4.588046599999999198e-01 1.413237776040479066e-01
1.360000000000000000e+05 4.384769199999999922e-01 1.207041187376371172e-01
1.370000000000000000e+05 4.499844400000000411e-01 1.349884436204907279e-01
1.380000000000000000e+05 4.612752000000000518e-01 1.184727383849972365e-01
1.390000000000000000e+05 4.812928000000000206e-01 1.309456420636441187e-01
1.400000000000000000e+05 4.364698999999999662e-01 1.487288861564154963e-01
1.410000000000000000e+05 4.169266000000000361e-01 1.508193627574788698e-01
1.420000000000000000e+05 4.265397800000000350e-01 1.472814639881529775e-01
1.430000000000000000e+05 4.466170799999999441e-01 8.818267566680884628e-02
1.440000000000000000e+05 4.273168400000000311e-01 1.039987077665794901e-01
1.450000000000000000e+05 4.474319400000000835e-01 1.504836902935677012e-01
1.460000000000000000e+05 4.667698000000000680e-01 1.210813646887414358e-01
1.470000000000000000e+05 4.750970600000000710e-01 9.238949865969833808e-02
1.480000000000000000e+05 4.492756599999999656e-01 1.242913285198384288e-01
1.490000000000000000e+05 4.378177799999999342e-01 1.519268267610483503e-01
1.500000000000000000e+05 4.650038199999999011e-01 1.098931261986735713e-01
1.510000000000000000e+05 4.786537599999999282e-01 7.375989553348349936e-02
1.520000000000000000e+05 4.996720000000000050e-01 1.086716052390503950e-01
1.530000000000000000e+05 5.277201000000000253e-01 7.490323574869113543e-02
1.540000000000000000e+05 5.296081999999999734e-01 5.950097939398982932e-02
1.550000000000000000e+05 5.357646799999999931e-01 6.333837572743400424e-02
1.560000000000000000e+05 4.652572800000000508e-01 5.938446464493555427e-02
1.570000000000000000e+05 4.928609999999999935e-01 5.890135733498847587e-02
1.580000000000000000e+05 4.709952399999999817e-01 7.890835144935168244e-02
1.590000000000000000e+05 4.643099000000000531e-01 6.290264121170111022e-02
1.600000000000000000e+05 4.772218400000000083e-01 7.286856379788475557e-02
1.610000000000000000e+05 4.696052399999999238e-01 6.244040657617788703e-02
1.620000000000000000e+05 4.478933399999999732e-01 1.197460606513734288e-01
1.630000000000000000e+05 4.885921200000000186e-01 7.439805423652957883e-02
1.640000000000000000e+05 4.482853000000000532e-01 9.199689254999868226e-02
1.650000000000000000e+05 4.876618799999999920e-01 8.218441688021886626e-02
1.660000000000000000e+05 4.612535000000000385e-01 1.118502845709030968e-01
1.670000000000000000e+05 4.830827000000000315e-01 5.287164096371515382e-02
1.680000000000000000e+05 4.887888799999999812e-01 6.853948527426799442e-02
1.690000000000000000e+05 5.055625000000000258e-01 6.864876567668205809e-02
1.700000000000000000e+05 4.754391400000000378e-01 8.118100802785342684e-02
1.710000000000000000e+05 4.618632199999999632e-01 8.118830987538536159e-02
1.720000000000000000e+05 5.036643199999999432e-01 8.212933273841691029e-02
1.730000000000000000e+05 5.011021600000000742e-01 7.639849152946935618e-02
1.740000000000000000e+05 4.798052200000000878e-01 4.591281255895354046e-02
1.750000000000000000e+05 5.682318000000000646e-01 8.638791475101134654e-02
1.760000000000000000e+05 4.917595399999999950e-01 8.702126558111183963e-02
1.770000000000000000e+05 5.186292200000000019e-01 8.869197682238003089e-02
1.780000000000000000e+05 5.217280199999999590e-01 7.065928895870379756e-02
1.790000000000000000e+05 4.731424399999999975e-01 1.348084360222401024e-01
1.800000000000000000e+05 5.376422800000000279e-01 1.100742482330613059e-01
1.810000000000000000e+05 5.257541999999999494e-01 1.030071712366279618e-01
1.820000000000000000e+05 5.321166999999999980e-01 8.180699300426584608e-02
1.830000000000000000e+05 4.972151200000000104e-01 3.931201374030079271e-02
1.840000000000000000e+05 4.679339199999999477e-01 6.848170112015032618e-02
1.850000000000000000e+05 5.146707600000000049e-01 9.704071462609083210e-02
1.860000000000000000e+05 4.770970200000000938e-01 6.448853002825850889e-02
1.870000000000000000e+05 5.165751199999999432e-01 1.273013667884426436e-01
1.880000000000000000e+05 5.009398199999999246e-01 9.353061463444792278e-02
1.890000000000000000e+05 5.199197600000000641e-01 1.006195707774506509e-01
1.900000000000000000e+05 5.410079800000000549e-01 8.417097505818500747e-02
1.910000000000000000e+05 4.952263799999999661e-01 7.720101056495048963e-02
1.920000000000000000e+05 5.247465600000000840e-01 1.135161656326815899e-01
1.930000000000000000e+05 4.973887799999999748e-01 1.281158574420106500e-01
1.940000000000000000e+05 4.878680000000000239e-01 9.001797397086870600e-02
1.950000000000000000e+05 5.202428800000000741e-01 1.724213415426106843e-01
1.960000000000000000e+05 5.202940600000000027e-01 1.010124510760450484e-01
1.970000000000000000e+05 5.094883399999999840e-01 1.273797230792656221e-01
1.980000000000000000e+05 5.286024799999999857e-01 6.807778579587910051e-02
1.990000000000000000e+05 5.108218399999999715e-01 1.070351592445510369e-01
2.000000000000000000e+05 4.926062999999999970e-01 1.286694225766168431e-01
2.010000000000000000e+05 4.968042600000000530e-01 8.753084980290322392e-02
2.020000000000000000e+05 4.786879600000000790e-01 1.386029258978698497e-01
2.030000000000000000e+05 5.389861399999998914e-01 6.014979489203930996e-02
2.040000000000000000e+05 5.124034600000000328e-01 7.252395623490487386e-02
2.050000000000000000e+05 4.763148600000000066e-01 8.403920459125252540e-02
2.060000000000000000e+05 5.151942800000000044e-01 1.260366354400402067e-01
2.070000000000000000e+05 4.705583600000000644e-01 1.405863257994119375e-01
2.080000000000000000e+05 4.684230000000000338e-01 1.647412364557216957e-01
2.090000000000000000e+05 4.702679400000001064e-01 1.075213000545770931e-01
2.100000000000000000e+05 4.698991200000000035e-01 1.773894643942914573e-01
2.110000000000000000e+05 5.066042200000000495e-01 1.239009357441403641e-01
2.120000000000000000e+05 4.759775600000000217e-01 1.322774787473604829e-01
2.130000000000000000e+05 4.462695400000000201e-01 1.451966256531686539e-01
2.140000000000000000e+05 4.925676799999999522e-01 1.791711608027742597e-01
2.150000000000000000e+05 5.088821799999999618e-01 1.237014391084986509e-01
2.160000000000000000e+05 4.644685000000000064e-01 1.072359955520906238e-01
2.170000000000000000e+05 5.039465600000000434e-01 9.184302185800727325e-02
2.180000000000000000e+05 4.757941800000000110e-01 1.082589229883320070e-01
2.190000000000000000e+05 4.506668200000000235e-01 1.364356631364600225e-01
2.200000000000000000e+05 5.113511199999999368e-01 1.511806848018013294e-01
2.210000000000000000e+05 4.966515200000000130e-01 7.445157286976281097e-02
2.220000000000000000e+05 4.972699399999999659e-01 8.396931784221187134e-02
2.230000000000000000e+05 4.656289399999999357e-01 7.564032910297521783e-02
2.240000000000000000e+05 4.861508600000000735e-01 7.978554479429464386e-02
2.250000000000000000e+05 4.534905000000000186e-01 1.148282185102773439e-01
2.260000000000000000e+05 4.341842599999999885e-01 1.228532414555448260e-01
2.270000000000000000e+05 4.227406400000000564e-01 1.197001226710582705e-01
2.280000000000000000e+05 4.057283999999999335e-01 1.270915732304546131e-01
2.290000000000000000e+05 4.400013999999999870e-01 6.532516465565166297e-02
2.300000000000000000e+05 4.140386799999999923e-01 1.250168675288163000e-01
2.310000000000000000e+05 3.857981599999999456e-01 1.216418187786519473e-01
2.320000000000000000e+05 3.983470400000000966e-01 1.185225162032025048e-01
2.330000000000000000e+05 3.911070200000000274e-01 1.113151672013010240e-01
2.340000000000000000e+05 4.298534999999999995e-01 8.702338416699272050e-02
2.350000000000000000e+05 4.362583199999999772e-01 1.268644595042661971e-01
2.360000000000000000e+05 3.972096800000000094e-01 4.063681239430080860e-02
2.370000000000000000e+05 4.053282399999999508e-01 7.583993974635265534e-02
2.380000000000000000e+05 4.317747599999999797e-01 8.541757091232696220e-02
2.390000000000000000e+05 4.275482600000000133e-01 9.875513072410160853e-02
2.400000000000000000e+05 4.523138800000000015e-01 1.092712877481985118e-01
2.410000000000000000e+05 4.002485999999999544e-01 1.184206980928249608e-01
2.420000000000000000e+05 4.152483599999999830e-01 1.267029852215739993e-01
2.430000000000000000e+05 4.073484200000000444e-01 9.359223631928878517e-02
2.440000000000000000e+05 3.807685599999999781e-01 1.233782115975685517e-01
2.450000000000000000e+05 4.626078399999999924e-01 1.484406308934800856e-01
2.460000000000000000e+05 4.003888200000000341e-01 1.044993209658397620e-01
2.470000000000000000e+05 4.856972999999999985e-01 1.212424618261770670e-01
2.480000000000000000e+05 4.022772599999999699e-01 9.051655375316937369e-02
2.490000000000000000e+05 4.111466199999999627e-01 1.089239907889790748e-01
2.500000000000000000e+05 3.992901999999999840e-01 1.186033182803921254e-01
2.510000000000000000e+05 4.166523599999999439e-01 1.063279319488458774e-01
2.520000000000000000e+05 4.222414399999999679e-01 1.049268563932151815e-01
2.530000000000000000e+05 4.211618600000000545e-01 1.187850408080175779e-01
2.540000000000000000e+05 3.901529199999999586e-01 1.489135349403458430e-01
2.550000000000000000e+05 4.138480400000000836e-01 1.344840591689974441e-01
2.560000000000000000e+05 4.006375400000000697e-01 1.115365008418069265e-01
2.570000000000000000e+05 4.276984799999999920e-01 8.553447808586663037e-02
2.580000000000000000e+05 4.263279400000000163e-01 1.146236057677579717e-01
2.590000000000000000e+05 4.214287199999999234e-01 1.005379040201137275e-01
2.600000000000000000e+05 4.127028199999999702e-01 1.146948106505503440e-01
2.610000000000000000e+05 4.078431200000000589e-01 1.251654409035401483e-01
2.620000000000000000e+05 4.186201999999999979e-01 9.473466940523937729e-02
2.630000000000000000e+05 4.677715799999999646e-01 1.379867951766313161e-01
2.640000000000000000e+05 4.406247999999999831e-01 1.444529103876276976e-01
2.650000000000000000e+05 4.685046400000000832e-01 1.474970953871241608e-01
2.660000000000000000e+05 4.130317200000000466e-01 1.252740375477920109e-01
2.670000000000000000e+05 4.448735000000000328e-01 1.270153207025514763e-01
2.680000000000000000e+05 4.362099999999999866e-01 1.103976373088844526e-01
2.690000000000000000e+05 4.771398199999999923e-01 1.155601073475167884e-01
2.700000000000000000e+05 4.590115199999999507e-01 1.099821476513783980e-01
2.710000000000000000e+05 4.635454400000000308e-01 1.254427328676731013e-01
2.720000000000000000e+05 4.375449399999999933e-01 1.018518692986162127e-01
2.730000000000000000e+05 4.660424199999999573e-01 8.387173736663380841e-02
2.740000000000000000e+05 4.459982599999999797e-01 1.002957193125329632e-01
2.750000000000000000e+05 4.198938399999999627e-01 6.579502132549544524e-02
2.760000000000000000e+05 5.127608000000000166e-01 4.305877323840056475e-02
2.770000000000000000e+05 4.765778799999999538e-01 1.032269863330398524e-01
2.780000000000000000e+05 4.444921200000000461e-01 1.024455447344666120e-01
2.790000000000000000e+05 4.246538799999999836e-01 9.212021894746887096e-02
2.800000000000000000e+05 4.096894400000000158e-01 9.575778899508069486e-02
2.810000000000000000e+05 4.214947399999999789e-01 9.348242326877496955e-02
2.820000000000000000e+05 4.079700199999999333e-01 6.033884226742837475e-02
2.830000000000000000e+05 4.308471200000000279e-01 1.100577079716345691e-01
2.840000000000000000e+05 4.509468399999999599e-01 1.092891052841151317e-01
2.850000000000000000e+05 4.754980599999999447e-01 9.512045527646720289e-02
2.860000000000000000e+05 4.284234800000000232e-01 8.229007757693268532e-02
2.870000000000000000e+05 4.354191000000000034e-01 1.029400822602352661e-01
2.880000000000000000e+05 4.718375000000000208e-01 1.036359188811099424e-01
2.890000000000000000e+05 4.792037600000000341e-01 6.548292922832942009e-02
2.900000000000000000e+05 4.935580599999999651e-01 7.511983204966848904e-02
2.910000000000000000e+05 4.960541799999999557e-01 7.898130326872050688e-02
2.920000000000000000e+05 4.612981999999999916e-01 6.190572640717496161e-02
2.930000000000000000e+05 4.860743399999999381e-01 9.138937449416315029e-02
2.940000000000000000e+05 4.842547599999999508e-01 1.020263433864528890e-01
2.950000000000000000e+05 4.192802000000000473e-01 7.644662714874998766e-02
2.960000000000000000e+05 4.172230399999999895e-01 7.075785034919021554e-02
2.970000000000000000e+05 4.065126400000000362e-01 1.066336207240962120e-01
2.980000000000000000e+05 4.206238799999999500e-01 1.040018189905426715e-01
2.990000000000000000e+05 4.049411199999999877e-01 9.118201906914322197e-02
3.000000000000000000e+05 4.305107799999999818e-01 8.086581981918934681e-02
