# Time RMSD_average RMSD_std
0.000000000000000000e+00 2.750000000000000098e-05 0.000000000000000000e+00
1.000000000000000000e+03 1.838959799999999867e-01 4.448473281513107280e-02
2.000000000000000000e+03 2.003818400000000055e-01 8.079812175444672784e-02
3.000000000000000000e+03 2.169723399999999580e-01 1.059210498610847345e-01
4.000000000000000000e+03 2.401928400000000186e-01 6.948026218823875888e-02
5.000000000000000000e+03 2.601264399999999588e-01 8.837755226625367000e-02
6.000000000000000000e+03 2.330440599999999696e-01 6.742633201916294061e-02
7.000000000000000000e+03 2.558345199999999542e-01 9.008365765663381430e-02
8.000000000000000000e+03 2.027160400000000140e-01 8.240980155686822295e-02
9.000000000000000000e+03 2.091641799999999773e-01 5.251168314653036073e-02
1.000000000000000000e+04 2.242905799999999894e-01 1.057602713256428906e-01
1.100000000000000000e+04 2.429143800000000408e-01 1.388406089829254675e-01
1.200000000000000000e+04 2.671172599999999675e-01 1.426845235732116801e-01
1.300000000000000000e+04 2.772928600000000299e-01 9.906728690084533329e-02
1.400000000000000000e+04 2.373044799999999843e-01 9.041290237746822667e-02
1.500000000000000000e+04 2.531975800000000332e-01 5.282921725346306774e-02
1.600000000000000000e+04 2.654884800000000267e-01 9.101867397349623634e-02
1.700000000000000000e+04 2.515187799999999418e-01 8.379234645000460668e-02
1.800000000000000000e+04 2.333525799999999761e-01 8.482691051998533793e-02
1.900000000000000000e+04 2.161161799999999911e-01 6.190711755936953442e-02
2.000000000000000000e+04 2.469774200000000308e-01 6.027860281842637585e-02
2.100000000000000000e+04 2.252837399999999823e-01 8.665374871610807828e-02
2.200000000000000000e+04 2.016203200000000195e-01 5.388956799698435551e-02
2.300000000000000000e+04 3.113725999999999994e-01 9.242051216441077299e-02
2.400000000000000000e+04 3.053480199999999978e-01 6.193754321812903335e-02
2.500000000000000000e+04 3.116961999999999788e-01 6.750567342157248740e-02
2.600000000000000000e+04 3.038147399999999720e-01 3.493039795986298268e-02
2.700000000000000000e+04 2.713962600000000558e-01 8.628622372426782150e-02
2.800000000000000000e+04 2.844047199999999997e-01 1.202443486848575188e-01
2.900000000000000000e+04 2.806927200000000067e-01 8.159259000047491828e-02
3.000000000000000000e+04 2.678523600000000116e-01 8.554970518433362148e-02
3.100000000000000000e+04 2.744724600000000292e-01 8.889437935155629356e-02
3.200000000000000000e+04 2.915526600000000190e-01 1.074048811416799531e-01
3.300000000000000000e+04 2.600178800000000345e-01 1.118883558476466422e-01
3.400000000000000000e+04 2.647598599999999580e-01 1.180701184118589653e-01
3.500000000000000000e+04 2.894855600000000306e-01 1.163882864139617751e-01
3.600000000000000000e+04 2.639223800000000120e-01 9.535922267473451175e-02
3.700000000000000000e+04 1.991741999999999957e-01 1.122587347929416141e-01
3.800000000000000000e+04 2.279214800000000096e-01 1.152915591969923825e-01
3.900000000000000000e+04 2.628172599999999970e-01 9.582027866381102876e-02
4.000000000000000000e+04 2.988039399999999901e-01 9.522167502086065216e-02
4.100000000000000000e+04 2.256486199999999942e-01 9.974951002424824187e-02
4.200000000000000000e+04 2.273069600000000023e-01 1.001693668853028130e-01
4.300000000000000000e+04 2.874431000000000624e-01 9.436186739510828148e-02
4.400000000000000000e+04 2.845524799999999965e-01 1.220847569136032651e-01
4.500000000000000000e+04 2.269834799999999875e-01 5.427799357774382161e-02
4.600000000000000000e+04 2.292152600000000040e-01 9.393711487661518533e-02
4.700000000000000000e+04 2.623582400000000203e-01 6.228548134917477608e-02
4.800000000000000000e+04 2.721647200000000266e-01 2.431060310098455066e-02
4.900000000000000000e+04 2.370523399999999725e-01 7.419132014675570985e-02
5.000000000000000000e+04 2.261009800000000070e-01 6.839660565783656221e-02
5.100000000000000000e+04 2.773679799999999585e-01 4.720609706698490615e-02
5.200000000000000000e+04 2.274652600000000024e-01 7.634052573621954996e-02
5.300000000000000000e+04 2.664267200000000058e-01 9.258621514150797149e-02
5.400000000000000000e+04 3.217002399999999707e-01 8.401823658165172293e-02
5.500000000000000000e+04 2.810157999999999823e-01 9.696738968535763281e-02
5.600000000000000000e+04 2.764813200000000304e-01 1.044677513531788587e-01
5.700000000000000000e+04 2.386693599999999971e-01 8.938098230003069244e-02
5.800000000000000000e+04 2.957566600000000046e-01 2.543885453094142657e-02
5.900000000000000000e+04 2.190051799999999937e-01 5.893618192551668827e-02
6.000000000000000000e+04 2.629060999999999759e-01 8.677373865454916790e-02
6.100000000000000000e+04 2.734708399999999928e-01 1.054251964165037747e-01
6.200000000000000000e+04 3.308935800000000205e-01 2.970558535820494797e-02
6.300000000000000000e+04 2.630915200000000231e-01 5.208937873437924360e-02
6.400000000000000000e+04 2.987985999999999698e-01 7.288709528546188920e-02
6.500000000000000000e+04 2.706701199999999585e-01 6.607146401052121920e-02
6.600000000000000000e+04 2.860515000000000141e-01 5.969277115671546563e-02
6.700000000000000000e+04 2.991219800000000095e-01 4.811717197173583094e-02
6.800000000000000000e+04 2.672647999999999691e-01 6.902719053885938982e-02
6.900000000000000000e+04 3.103402000000000105e-01 7.154530441045030276e-02
7.000000000000000000e+04 3.197794400000000259e-01 1.073497623207727431e-01
7.100000000000000000e+04 2.314057599999999881e-01 8.898117629212597135e-02
7.200000000000000000e+04 2.828751000000000460e-01 5.644810911621399308e-02
7.300000000000000000e+04 2.604972199999999738e-01 9.605650553863387398e-02
7.400000000000000000e+04 2.429057400000000089e-01 1.056499889943127296e-01
7.500000000000000000e+04 2.782268999999999992e-01 1.026557815526626810e-01
7.600000000000000000e+04 2.912494600000000156e-01 5.672997604954897050e-02
7.700000000000000000e+04 2.271306399999999948e-01 6.120807653784261781e-02
7.800000000000000000e+04 2.117516800000000254e-01 8.006287318127922048e-02
7.900000000000000000e+04 2.787024400000000512e-01 2.633545806972796555e-02
8.000000000000000000e+04 2.407853200000000249e-01 5.979059361974589648e-02
8.100000000000000000e+04 2.376528800000000108e-01 6.882225477045632311e-02
8.200000000000000000e+04 2.706462600000000274e-01 5.976029385103791974e-02
8.300000000000000000e+04 2.328856599999999943e-01 7.172573941442778045e-02
8.400000000000000000e+04 1.824868800000000180e-01 5.064246573015181163e-02
8.500000000000000000e+04 2.322811000000000181e-01 5.336307756140006020e-02
8.600000000000000000e+04 2.212413199999999913e-01 5.104164806278888022e-02
8.700000000000000000e+04 2.950324800000000414e-01 5.999008306463328444e-02
8.800000000000000000e+04 2.710174399999999983e-01 8.775545817540011950e-02
8.900000000000000000e+04 2.933923600000000187e-01 4.661533276786083285e-02
9.000000000000000000e+04 3.032798600000000677e-01 9.314047670001694701e-02
9.100000000000000000e+04 2.828715599999999664e-01 6.892327071024996477e-02
9.200000000000000000e+04 3.180699000000000165e-01 1.156526249882984664e-01
9.300000000000000000e+04 3.304801599999999673e-01 9.792065331247744309e-02
9.400000000000000000e+04 3.168073800000000273e-01 1.390987750179763227e-01
9.500000000000000000e+04 3.438942399999999622e-01 5.455662227629565209e-02
9.600000000000000000e+04 3.311568799999999868e-01 6.949671874338816946e-02
9.700000000000000000e+04 3.050389399999999807e-01 9.377736229155946013e-02
9.800000000000000000e+04 2.835023799999999983e-01 1.117114077662509780e-01
9.900000000000000000e+04 2.682913000000000103e-01 7.979566938539960075e-02
1.000000000000000000e+05 3.365204199999999868e-01 9.041789229189983734e-02
1.010000000000000000e+05 2.695890200000000125e-01 6.044282328595843717e-02
1.020000000000000000e+05 2.893905199999999844e-01 8.456621285911768149e-02
1.030000000000000000e+05 3.160673800000000089e-01 9.476354946873613572e-02
1.040000000000000000e+05 3.322070599999999985e-01 8.579208995984652364e-02
1.050000000000000000e+05 3.144579600000000363e-01 7.356127257886720117e-02
1.060000000000000000e+05 2.996727000000000141e-01 7.493137775506333864e-02
1.070000000000000000e+05 3.548070399999999625e-01 7.028695991048694580e-02
1.080000000000000000e+05 2.918584399999999968e-01 1.054820408094686024e-01
1.090000000000000000e+05 2.911796599999999513e-01 7.802161587069572635e-02
1.100000000000000000e+05 2.883868399999999776e-01 1.263271617163719829e-01
1.110000000000000000e+05 3.096548799999999657e-01 1.325026617467196521e-01
1.120000000000000000e+05 3.215942800000000656e-01 1.479987289651286120e-01
1.130000000000000000e+05 3.208770800000000367e-01 1.106128022550265100e-01
1.140000000000000000e+05 3.804068600000000133e-01 1.682162190614876485e-01
1.150000000000000000e+05 2.501047600000000370e-01 8.486789357788018795e-02
1.160000000000000000e+05 2.806286800000000192e-01 1.362918115532609775e-01
1.170000000000000000e+05 2.862481199999999948e-01 1.112195418911335054e-01
1.180000000000000000e+05 2.759269800000000439e-01 1.033909887738462402e-01
1.190000000000000000e+05 3.116016400000000131e-01 6.492405934189883487e-02
1.200000000000000000e+05 2.908132600000000179e-01 3.639723901235366460e-02
1.210000000000000000e+05 3.331363200000000413e-01 6.092460675997506125e-02
1.220000000000000000e+05 2.960140599999999678e-01 9.938778805178430376e-02
1.230000000000000000e+05 2.846988999999999770e-01 7.741333427114478749e-02
1.240000000000000000e+05 3.039217799999999747e-01 6.333409063003588024e-02
1.250000000000000000e+05 3.459009400000000456e-01 5.777667691422206514e-02
1.260000000000000000e+05 3.263822799999999691e-01 8.541376458530322568e-02
1.270000000000000000e+05 2.515965399999999796e-01 3.786316015710256694e-02
1.280000000000000000e+05 3.587831999999999688e-01 1.012211862147643221e-01
1.290000000000000000e+05 3.442996799999999968e-01 6.241144646044986810e-02
1.300000000000000000e+05 3.372699200000000008e-01 5.739447966076181851e-02
1.310000000000000000e+05 2.990355799999999675e-01 9.580066092741532091e-02
1.320000000000000000e+05 3.529970599999999736e-01 6.491141028166312610e-02
1.330000000000000000e+05 3.327038399999999729e-01 1.539644702998792802e-01
1.340000000000000000e+05 3.266119399999999895e-01 9.281825877480356923e-02
1.350000000000000000e+05 3.092081600000000097e-01 6.289543622227608544e-02
1.360000000000000000e+05 3.652157600000000559e-01 1.043523738705085802e-01
1.370000000000000000e+05 2.715135400000000532e-01 6.429981236711659887e-02
1.380000000000000000e+05 3.103978200000000465e-01 8.491867293163266051e-02
1.390000000000000000e+05 2.868084000000000189e-01 1.024817624257311488e-01
1.400000000000000000e+05 3.071616600000000030e-01 1.004725376511134000e-01
1.410000000000000000e+05 3.142411399999999744e-01 8.363706862731619396e-02
1.420000000000000000e+05 2.864027999999999574e-01 1.106757454034803523e-01
1.430000000000000000e+05 3.313183000000000100e-01 1.013546366706328666e-01
1.440000000000000000e+05 3.092874200000000351e-01 6.851478372799260641e-02
1.450000000000000000e+05 2.894089799999999824e-01 3.435936891128241188e-02
1.460000000000000000e+05 3.054666400000000115e-01 9.202471738320308625e-02
1.470000000000000000e+05 3.165119200000000577e-01 1.556096899654311472e-01
1.480000000000000000e+05 3.256580800000000164e-01 1.356318506223136433e-01
1.490000000000000000e+05 3.168379000000000056e-01 1.322098964962759304e-01
1.500000000000000000e+05 3.275518000000000596e-01 1.299530967445254870e-01
1.510000000000000000e+05 3.413909000000000526e-01 1.241876067102832826e-01
1.520000000000000000e+05 3.035906000000000438e-01 6.496410727640303251e-02
1.530000000000000000e+05 3.311115199999999925e-01 9.425974633906883393e-02
1.540000000000000000e+05 3.426166800000000068e-01 1.114182872421111969e-01
1.550000000000000000e+05 3.319208399999999948e-01 8.740532761214502011e-02
1.560000000000000000e+05 2.645613599999999677e-01 1.176075247428428894e-01
1.570000000000000000e+05 2.877458599999999644e-01 1.245925294069206990e-01
1.580000000000000000e+05 3.032047599999999621e-01 1.169997850976248616e-01
1.590000000000000000e+05 3.080433200000000094e-01 9.304427610907400892e-02
1.600000000000000000e+05 3.167301399999999933e-01 1.070971719740087119e-01
1.610000000000000000e+05 2.876160999999999857e-01 1.144177773005576049e-01
1.620000000000000000e+05 3.074170999999999987e-01 8.108008834669581943e-02
1.630000000000000000e+05 3.391258799999999907e-01 8.761688539680924370e-02
1.640000000000000000e+05 3.213073799999999758e-01 1.306401033712910054e-01
1.650000000000000000e+05 3.459366600000000069e-01 1.358482393640285668e-01
1.660000000000000000e+05 3.861102799999999724e-01 1.032925384681081249e-01
1.670000000000000000e+05 3.728193599999999885e-01 1.232029236086644164e-01
1.680000000000000000e+05 3.737359400000000442e-01 9.537754542223447762e-02
1.690000000000000000e+05 3.401270399999999361e-01 9.191120860592791320e-02
1.700000000000000000e+05 3.730280800000000396e-01 8.582217405578584923e-02
1.710000000000000000e+05 4.095227399999999962e-01 7.433297206181385675e-02
1.720000000000000000e+05 3.932801799999999792e-01 4.226987151011461080e-02
1.730000000000000000e+05 3.824961399999999845e-01 6.609169390634801744e-02
1.740000000000000000e+05 3.424455799999999717e-01 5.092345036948693615e-02
1.750000000000000000e+05 3.975892999999999788e-01 5.422042331612692001e-02
1.760000000000000000e+05 3.137432399999999788e-01 1.042394254798557351e-01
1.770000000000000000e+05 3.801169999999999827e-01 1.303036978631074982e-01
1.780000000000000000e+05 3.840195999999999610e-01 7.894502565400812744e-02
1.790000000000000000e+05 3.866684599999999916e-01 1.443840864722923389e-01
1.800000000000000000e+05 3.309229200000000093e-01 1.042263594902249346e-01
1.810000000000000000e+05 3.233553200000000016e-01 1.411906739638762454e-01
1.820000000000000000e+05 2.936370799999999948e-01 7.498986527685991277e-02
1.830000000000000000e+05 3.644420800000000016e-01 1.243155250108915338e-01
1.840000000000000000e+05 3.338439000000000267e-01 1.014309455463962423e-01
1.850000000000000000e+05 3.458009400000000011e-01 8.362395097046300407e-02
1.860000000000000000e+05 3.459205200000000646e-01 1.096207218889093116e-01
1.870000000000000000e+05 3.501493400000000311e-01 1.003073942684506170e-01
1.880000000000000000e+05 3.108786799999999628e-01 1.192547308657631450e-01
1.890000000000000000e+05 3.502979800000000088e-01 7.281898703303693599e-02
1.900000000000000000e+05 3.314292200000000799e-01 1.424959380476285842e-01
1.910000000000000000e+05 3.037749200000000038e-01 8.151181554448165556e-02
1.920000000000000000e+05 3.766795600000000244e-01 1.678126562127850996e-01
1.930000000000000000e+05 3.556351999999999847e-01 1.401669574216262981e-01
1.940000000000000000e+05 4.498744999999999550e-01 8.779320275914302696e-02
1.950000000000000000e+05 4.646846200000000482e-01 1.124739583137252114e-01
1.960000000000000000e+05 4.112959400000000265e-01 1.563991527918690561e-01
1.970000000000000000e+05 4.027148799999999973e-01 1.445283789973913768e-01
1.980000000000000000e+05 3.445346199999999581e-01 6.234745166094280561e-02
1.990000000000000000e+05 4.031251599999999824e-01 6.766947996719348268e-02
2.000000000000000000e+05 3.694968999999999615e-01 1.201808241601962091e-01
2.010000000000000000e+05 3.515683000000000002e-01 1.217215963855716038e-01
2.020000000000000000e+05 3.316931799999999764e-01 1.273092133347527855e-01
2.030000000000000000e+05 3.395147399999999815e-01 1.232401441393444624e-01
2.040000000000000000e+05 3.868920000000000137e-01 1.022462849832110193e-01
2.050000000000000000e+05 4.134561599999999615e-01 8.052047907342828326e-02
2.060000000000000000e+05 4.214319800000000393e-01 1.271865129071066691e-01
2.070000000000000000e+05 4.177686200000000349e-01 1.077882396051702829e-01
2.080000000000000000e+05 3.450001200000000212e-01 4.326860394361713852e-02
2.090000000000000000e+05 3.836648799999999859e-01 7.178038854554634474e-02
2.100000000000000000e+05 3.426360599999999645e-01 9.176695380492043419e-02
2.110000000000000000e+05 3.449689399999999462e-01 4.642826878037129706e-02
2.120000000000000000e+05 4.050416399999999806e-01 9.082907593506830968e-02
2.130000000000000000e+05 3.773298200000000380e-01 7.759858369546185353e-02
2.140000000000000000e+05 4.122636000000000078e-01 9.541822491557887254e-02
2.150000000000000000e+05 4.229203199999999607e-01 8.754839396535839258e-02
2.160000000000000000e+05 3.859819999999999918e-01 7.548239565970331355e-02
2.170000000000000000e+05 3.583020600000000333e-01 1.633153609396935935e-01
2.180000000000000000e+05 3.938846999999999765e-01 1.151509754973009531e-01
2.190000000000000000e+05 4.165777400000000297e-01 6.066825651342223208e-02
2.200000000000000000e+05 4.030052800000000213e-01 7.882840684345712723e-02
2.210000000000000000e+05 3.756018600000000651e-01 8.475486204615284569e-02
2.220000000000000000e+05 3.656280599999999770e-01 8.334723441176916658e-02
2.230000000000000000e+05 3.745499600000000151e-01 6.820431229125031858e-02
2.240000000000000000e+05 3.792359399999999936e-01 5.444187772010072174e-02
2.250000000000000000e+05 4.107145399999999613e-01 1.028467581117966101e-01
2.260000000000000000e+05 4.808996599999999511e-01 1.498939525955146901e-01
2.270000000000000000e+05 3.734866600000000258e-01 5.386612176084704801e-02
2.280000000000000000e+05 4.301849599999999496e-01 7.384636578011405383e-02
2.290000000000000000e+05 4.353939400000000903e-01 7.794952178569411472e-02
2.300000000000000000e+05 4.264769400000000266e-01 9.720792805718266039e-02
2.310000000000000000e+05 3.644439199999999768e-01 1.356196169073250191e-01
2.320000000000000000e+05 3.268677999999999861e-01 1.482806727169120875e-01
2.330000000000000000e+05 3.785862999999999867e-01 8.820531219850651083e-02
2.340000000000000000e+05 3.403884799999999933e-01 1.113327251250125355e-01
2.350000000000000000e+05 3.664499599999999635e-01 1.094057514376753359e-01
2.360000000000000000e+05 3.743667800000000101e-01 9.043265184466060813e-02
2.370000000000000000e+05 2.972040999999999711e-01 4.901188747942686330e-02
2.380000000000000000e+05 3.903937599999999786e-01 7.384929623368390039e-02
2.390000000000000000e+05 3.210825999999999958e-01 1.114997538591005061e-01
2.400000000000000000e+05 4.145603599999999611e-01 1.035605650853760190e-01
2.410000000000000000e+05 3.852199399999999829e-01 1.330639714759273007e-01
2.420000000000000000e+05 3.624317000000000233e-01 4.177805475418881753e-02
2.430000000000000000e+05 3.655617199999999789e-01 5.786548590520605023e-02
2.440000000000000000e+05 3.311495400000000200e-01 1.018016951990014796e-01
2.450000000000000000e+05 2.990804599999999924e-01 3.518735832730839758e-02
2.460000000000000000e+05 3.749022599999999872e-01 8.702276002505553165e-02
2.470000000000000000e+05 3.276541000000000037e-01 1.239977889612068895e-01
2.480000000000000000e+05 3.541077000000000252e-01 1.192926031152141408e-01
2.490000000000000000e+05 3.726085000000000091e-01 1.095953903860741735e-01
2.500000000000000000e+05 3.872617200000000315e-01 1.383579036481313862e-01
2.510000000000000000e+05 3.869287799999999722e-01 4.235367980085791295e-02
2.520000000000000000e+05 4.136385800000000335e-01 6.654338778037680036e-02
2.530000000000000000e+05 3.583947600000000344e-01 1.090375897000772920e-01
2.540000000000000000e+05 4.053934599999999833e-01 1.242343262705537382e-01
2.550000000000000000e+05 4.197771600000000380e-01 1.281441225249070892e-01
2.560000000000000000e+05 4.143865800000000599e-01 1.141745408382166260e-01
2.570000000000000000e+05 4.041844199999999887e-01 8.545514619460665984e-02
2.580000000000000000e+05 4.103112000000000426e-01 9.697909182682626361e-02
2.590000000000000000e+05 3.832388400000000250e-01 8.809559138786912658e-02
2.600000000000000000e+05 3.571145199999999909e-01 1.058346242369745394e-01
2.610000000000000000e+05 3.477643200000000157e-01 1.085303455513415422e-01
2.620000000000000000e+05 4.030044400000000193e-01 1.084482360716042398e-01
2.630000000000000000e+05 3.666048600000000324e-01 1.442887213344632991e-01
2.640000000000000000e+05 3.718882399999999810e-01 1.188022347334527357e-01
2.650000000000000000e+05 3.889793599999999962e-01 8.332824106679800891e-02
2.660000000000000000e+05 4.245710600000000001e-01 8.741450925274590888e-02
2.670000000000000000e+05 3.955920599999999676e-01 1.241551910575083295e-01
2.680000000000000000e+05 3.846884600000000654e-01 1.123195877060025605e-01
2.690000000000000000e+05 3.751339799999999780e-01 1.455039867263904219e-01
2.700000000000000000e+05 4.019846000000000252e-01 1.017358601912816130e-01
2.710000000000000000e+05 4.293174999999999630e-01 5.420208065987872775e-02
2.720000000000000000e+05 3.701877999999999558e-01 1.305790124518791118e-01
2.730000000000000000e+05 4.429973399999999617e-01 1.069627643958326324e-01
2.740000000000000000e+05 3.343267800000000456e-01 1.283803312181644174e-01
2.750000000000000000e+05 3.430286399999999958e-01 1.312898197617713147e-01
2.760000000000000000e+05 3.610009999999999608e-01 1.635048256210684670e-01
2.770000000000000000e+05 3.791399999999999770e-01 1.341547155676758030e-01
2.780000000000000000e+05 3.455902800000000274e-01 9.736995517602747841e-02
2.790000000000000000e+05 3.494726799999999800e-01 1.049163981360092257e-01
2.800000000000000000e+05 3.860808199999999912e-01 1.281356891541056975e-01
2.810000000000000000e+05 3.968045000000000044e-01 1.206002781899444959e-01
2.820000000000000000e+05 4.141892799999999930e-01 1.030209591586372375e-01
2.830000000000000000e+05 3.924440599999999835e-01 1.412099905524619448e-01
2.840000000000000000e+05 4.001275200000000143e-01 9.145764205511533462e-02
2.850000000000000000e+05 3.303534600000000432e-01 1.184436260195136092e-01
2.860000000000000000e+05 3.782909199999999750e-01 1.420157689271216161e-01
2.870000000000000000e+05 4.193461600000000233e-01 1.799590600332597878e-01
2.880000000000000000e+05 4.154047400000000501e-01 1.384708157272513396e-01
2.890000000000000000e+05 4.504305200000000009e-01 9.557705594380692948e-02
2.900000000000000000e+05 4.109242800000000306e-01 1.589047404608106839e-01
2.910000000000000000e+05 3.869087199999999838e-01 9.655555671844887056e-02
2.920000000000000000e+05 4.216862000000000110e-01 9.270342341154397259e-02
2.930000000000000000e+05 4.149087999999999665e-01 1.186636325903433625e-01
2.940000000000000000e+05 4.244238599999999861e-01 1.230621190495369277e-01
2.950000000000000000e+05 4.432038999999999840e-01 1.293205331139336278e-01
2.960000000000000000e+05 4.509124400000000255e-01 1.342732853637923218e-01
2.970000000000000000e+05 4.481287200000000359e-01 1.051871273672477375e-01
2.980000000000000000e+05 4.424745999999999957e-01 6.590198158158827590e-02
2.990000000000000000e+05 4.612475400000000114e-01 1.710040469340255442e-01
3.000000000000000000e+05 4.565262800000000065e-01 1.615526106952332730e-01
