# Time RMSD_average RMSD_std
0.000000000000000000e+00 9.409999999999999691e-05 0.000000000000000000e+00
1.000000000000000000e+03 8.609031999999999796e-02 3.220923075513601463e-02
2.000000000000000000e+03 1.252350999999999881e-01 6.417956387343248803e-02
3.000000000000000000e+03 1.274940800000000096e-01 5.798520328043697825e-02
4.000000000000000000e+03 1.410254999999999981e-01 6.720972573200995059e-02
5.000000000000000000e+03 1.224611599999999856e-01 7.710891608413646126e-02
6.000000000000000000e+03 1.446225600000000111e-01 3.125786891741662299e-02
7.000000000000000000e+03 1.320621599999999840e-01 5.143150160800673970e-02
8.000000000000000000e+03 1.470439800000000186e-01 5.303728479005689195e-02
9.000000000000000000e+03 1.339092599999999744e-01 7.517486402987637317e-02
1.000000000000000000e+04 1.588593800000000222e-01 2.074112165273613723e-02
1.100000000000000000e+04 1.714261400000000046e-01 5.235203702354283839e-02
1.200000000000000000e+04 1.215198999999999863e-01 5.190100836735255657e-02
1.300000000000000000e+04 1.447297999999999918e-01 4.127816186784484531e-02
1.400000000000000000e+04 1.538190000000000113e-01 7.445073370160969206e-02
1.500000000000000000e+04 1.675004800000000071e-01 4.541071762486912494e-02
1.600000000000000000e+04 1.745533600000000185e-01 3.820735058957111518e-02
1.700000000000000000e+04 1.355194799999999977e-01 3.080141365641519274e-02
1.800000000000000000e+04 1.636972999999999900e-01 7.915898488093439656e-02
1.900000000000000000e+04 1.464430600000000138e-01 6.932100679279262767e-02
2.000000000000000000e+04 2.300491000000000064e-01 6.480148528905799177e-02
2.100000000000000000e+04 2.252416600000000102e-01 6.413070834165485179e-02
2.200000000000000000e+04 2.137988200000000005e-01 7.993801510496491292e-02
2.300000000000000000e+04 2.328318599999999738e-01 8.343622453231210045e-02
2.400000000000000000e+04 1.960748599999999897e-01 1.097322313558345419e-01
2.500000000000000000e+04 2.234533800000000348e-01 1.054485725963969639e-01
2.600000000000000000e+04 2.409141599999999883e-01 1.076539287178057414e-01
2.700000000000000000e+04 3.134447999999999679e-01 1.152562396466412509e-01
2.800000000000000000e+04 2.893220799999999815e-01 1.013947623609306598e-01
2.900000000000000000e+04 2.856227599999999756e-01 1.032876054171380370e-01
3.000000000000000000e+04 3.024910199999999993e-01 1.079366581602080183e-01
3.100000000000000000e+04 3.151875000000000093e-01 1.281834576839460949e-01
3.200000000000000000e+04 3.059889399999999871e-01 7.444598678324035324e-02
3.300000000000000000e+04 3.159816800000000425e-01 9.239419209223923013e-02
3.400000000000000000e+04 3.414745000000000141e-01 4.938063993510005689e-02
3.500000000000000000e+04 3.453557200000000327e-01 4.403247056781620095e-02
3.600000000000000000e+04 3.423229799999999989e-01 3.462104574020836295e-02
3.700000000000000000e+04 3.221486399999999861e-01 3.009451737586764722e-02
3.800000000000000000e+04 3.393813600000000208e-01 3.957617918999254553e-02
3.900000000000000000e+04 3.197707800000000322e-01 5.032159351592117857e-02
4.000000000000000000e+04 3.361491999999999813e-01 3.849822101256107632e-02
4.100000000000000000e+04 3.202555999999999736e-01 5.701529848565208003e-02
4.200000000000000000e+04 3.391620199999999530e-01 8.394330503241816122e-02
4.300000000000000000e+04 3.324329599999999996e-01 7.771810812807011803e-02
4.400000000000000000e+04 3.319758800000000010e-01 5.567353037178080638e-02
4.500000000000000000e+04 3.339358399999999838e-01 6.965068380671075865e-02
4.600000000000000000e+04 3.240094000000000030e-01 6.626787033303545293e-02
4.700000000000000000e+04 3.247041199999999850e-01 9.331884492412881316e-02
4.800000000000000000e+04 3.147480400000000067e-01 5.159035373550369119e-02
4.900000000000000000e+04 3.159740600000000010e-01 7.394857771334348295e-02
5.000000000000000000e+04 3.207394399999999868e-01 8.131328218990056811e-02
5.100000000000000000e+04 3.174617199999999473e-01 7.017657065372745473e-02
5.200000000000000000e+04 3.315509399999999607e-01 6.757007309167571696e-02
5.300000000000000000e+04 3.347855800000000270e-01 7.983866944340693717e-02
5.400000000000000000e+04 3.142438799999999754e-01 2.822469998192363508e-02
5.500000000000000000e+04 3.427735600000000327e-01 3.868012457506309759e-02
5.600000000000000000e+04 3.321265600000000151e-01 3.641756732559714438e-02
5.700000000000000000e+04 3.568297800000000408e-01 5.578282324950575161e-02
5.800000000000000000e+04 3.527496400000000309e-01 7.901805514398847763e-02
5.900000000000000000e+04 3.505301399999999901e-01 6.696931983834389368e-02
6.000000000000000000e+04 3.667593799999999682e-01 5.311310228037522535e-02
6.100000000000000000e+04 3.697300200000000481e-01 6.833332882865872371e-02
6.200000000000000000e+04 3.576452800000000098e-01 6.759978061737773047e-02
6.300000000000000000e+04 3.282853000000000021e-01 4.534508783870640908e-02
6.400000000000000000e+04 3.428623399999999877e-01 1.836624956604913927e-02
6.500000000000000000e+04 3.642872400000000122e-01 6.441062099643506123e-02
6.600000000000000000e+04 3.538835999999999649e-01 5.086229879228817974e-02
6.700000000000000000e+04 3.374710399999999999e-01 5.899526024000910362e-02
6.800000000000000000e+04 3.626884599999999903e-01 5.482819699105925815e-02
6.900000000000000000e+04 3.503691999999999918e-01 4.995251150050415700e-02
7.000000000000000000e+04 3.604197799999999674e-01 6.600838909670195265e-02
7.100000000000000000e+04 3.705143399999999976e-01 7.842475530615572454e-02
7.200000000000000000e+04 3.454240400000000433e-01 7.764954636994603199e-02
7.300000000000000000e+04 3.689233199999999990e-01 7.574209268219091185e-02
7.400000000000000000e+04 3.550624799999999581e-01 6.997571067784592869e-02
7.500000000000000000e+04 3.521898200000000423e-01 7.482135236501409603e-02
7.600000000000000000e+04 3.537444600000000383e-01 6.954646190076387013e-02
7.700000000000000000e+04 3.724118799999999174e-01 9.079570674661659180e-02
7.800000000000000000e+04 3.687279800000000662e-01 9.699941039990708780e-02
7.900000000000000000e+04 3.870825799999999539e-01 6.266606868592923540e-02
8.000000000000000000e+04 4.023578399999999666e-01 9.052921918126985434e-02
8.100000000000000000e+04 3.641089400000000476e-01 6.532120786028376702e-02
8.200000000000000000e+04 3.904797199999999746e-01 8.324873304081929770e-02
8.300000000000000000e+04 3.931433399999999523e-01 8.646746084077176764e-02
8.400000000000000000e+04 3.543000199999999933e-01 1.091820087434445113e-01
8.500000000000000000e+04 3.613332999999999684e-01 7.644022444922567161e-02
8.600000000000000000e+04 3.781148400000000076e-01 7.602719727480687639e-02
8.700000000000000000e+04 3.866361400000000725e-01 5.873989304289208707e-02
8.800000000000000000e+04 3.921823199999999732e-01 7.697147481890675991e-02
8.900000000000000000e+04 3.664532200000000239e-01 6.333982559064714468e-02
9.000000000000000000e+04 3.666426999999999881e-01 8.013160004113233092e-02
9.100000000000000000e+04 3.357828999999999953e-01 6.969304795561749588e-02
9.200000000000000000e+04 3.550969600000000170e-01 7.984995602459904473e-02
9.300000000000000000e+04 3.237739399999999823e-01 5.866755782619896553e-02
9.400000000000000000e+04 3.406780400000000153e-01 5.610260914893708956e-02
9.500000000000000000e+04 3.464727800000000357e-01 4.882302932577616689e-02
9.600000000000000000e+04 3.729687200000000313e-01 5.706862748173990169e-02
9.700000000000000000e+04 3.791819399999999951e-01 6.599984315740757557e-02
9.800000000000000000e+04 3.777385200000000220e-01 6.558825613926322351e-02
9.900000000000000000e+04 3.797175600000000095e-01 6.799705509274941995e-02
1.000000000000000000e+05 3.957616600000000151e-01 8.131931133310464632e-02
1.010000000000000000e+05 3.691692000000000307e-01 8.837631280400876088e-02
1.020000000000000000e+05 3.615188200000000185e-01 6.789018520721239180e-02
1.030000000000000000e+05 3.681877399999999856e-01 7.376146627587064353e-02
1.040000000000000000e+05 3.979671200000000075e-01 9.129868772266991339e-02
1.050000000000000000e+05 3.454009599999999791e-01 7.510758624300477304e-02
1.060000000000000000e+05 3.785845600000000144e-01 6.757145801891800696e-02
1.070000000000000000e+05 3.391616599999999759e-01 8.093551966229907413e-02
1.080000000000000000e+05 3.552598599999999829e-01 7.321517056885409880e-02
1.090000000000000000e+05 3.790916199999999625e-01 9.127452813321797198e-02
1.100000000000000000e+05 3.477171399999999801e-01 4.919698866681171401e-02
1.110000000000000000e+05 3.603528400000000076e-01 6.021695035926678818e-02
1.120000000000000000e+05 3.794946799999999731e-01 6.904640128314872005e-02
1.130000000000000000e+05 3.733833199999999630e-01 7.222558172817718225e-02
1.140000000000000000e+05 3.510408999999999891e-01 9.471272073002653946e-02
1.150000000000000000e+05 3.526326200000000077e-01 9.005826726786164693e-02
1.160000000000000000e+05 3.533459199999999800e-01 5.616246226113666418e-02
1.170000000000000000e+05 3.518096800000000135e-01 4.852989288462936091e-02
1.180000000000000000e+05 3.528247399999999701e-01 5.417819617545790306e-02
1.190000000000000000e+05 3.615201799999999688e-01 7.129636715871012775e-02
1.200000000000000000e+05 3.645710599999999468e-01 7.357722487445689241e-02
1.210000000000000000e+05 3.438702200000000042e-01 5.771611646538253593e-02
1.220000000000000000e+05 3.631085399999999797e-01 6.259017345279049849e-02
1.230000000000000000e+05 3.559714399999999723e-01 8.859970892423066346e-02
1.240000000000000000e+05 3.582536599999999738e-01 6.037100260448223510e-02
1.250000000000000000e+05 3.741365200000000280e-01 6.613614889754014514e-02
1.260000000000000000e+05 3.914546399999999649e-01 8.748561299479133690e-02
1.270000000000000000e+05 3.476700600000000030e-01 6.259881937827901921e-02
1.280000000000000000e+05 3.527447200000000116e-01 5.757338394839754681e-02
1.290000000000000000e+05 3.607498999999999567e-01 5.612854854446176073e-02
1.300000000000000000e+05 3.462362600000000179e-01 6.501799496110596821e-02
1.310000000000000000e+05 3.590524999999999967e-01 5.377730138402260496e-02
1.320000000000000000e+05 3.702759599999999596e-01 6.344117549038950921e-02
1.330000000000000000e+05 3.693073800000000184e-01 6.781023299076327504e-02
1.340000000000000000e+05 3.749859999999999860e-01 5.666968853935937939e-02
1.350000000000000000e+05 3.650554799999999878e-01 6.746017602438938998e-02
1.360000000000000000e+05 3.660347400000000251e-01 5.993958508260130436e-02
1.370000000000000000e+05 3.740658399999999828e-01 5.454515530822513086e-02
1.380000000000000000e+05 3.699281799999999953e-01 6.608120964696091726e-02
1.390000000000000000e+05 3.726035399999999553e-01 6.047062670376750909e-02
1.400000000000000000e+05 3.728108399999999767e-01 6.779563319039361158e-02
1.410000000000000000e+05 3.799174399999999951e-01 5.558514977267219742e-02
1.420000000000000000e+05 3.695145800000000369e-01 7.013784509354133168e-02
1.430000000000000000e+05 3.667574800000000246e-01 6.456115033902044831e-02
1.440000000000000000e+05 3.755878599999999956e-01 5.833112586064493482e-02
1.450000000000000000e+05 3.726072599999999957e-01 5.797015033558563374e-02
1.460000000000000000e+05 3.660421400000000158e-01 5.718460328859858305e-02
1.470000000000000000e+05 3.909653800000000290e-01 6.754574766350285309e-02
1.480000000000000000e+05 3.704856400000000050e-01 5.508176142792095553e-02
1.490000000000000000e+05 3.493738200000000016e-01 6.247672128501622485e-02
1.500000000000000000e+05 3.700972999999999624e-01 7.275579877901142134e-02
1.510000000000000000e+05 3.727614200000000100e-01 6.379781343680675232e-02
1.520000000000000000e+05 3.937992599999999843e-01 5.687964725138861671e-02
1.530000000000000000e+05 3.615746999999999711e-01 6.373163662411315822e-02
1.540000000000000000e+05 3.622984599999999888e-01 5.415330660096758647e-02
1.550000000000000000e+05 3.638379200000000369e-01 6.947202667737281678e-02
1.560000000000000000e+05 3.750656399999999779e-01 5.797180696350942575e-02
1.570000000000000000e+05 3.792724800000000229e-01 6.556179552087938733e-02
1.580000000000000000e+05 3.850526400000000016e-01 5.155916155965301062e-02
1.590000000000000000e+05 3.610059399999999696e-01 5.324465575039809273e-02
1.600000000000000000e+05 3.862010399999999954e-01 7.481251437441734098e-02
1.610000000000000000e+05 3.809583599999999959e-01 6.612016444920869318e-02
1.620000000000000000e+05 3.655932800000000205e-01 5.455233730125227248e-02
1.630000000000000000e+05 3.833948200000000250e-01 5.835502335756194425e-02
1.640000000000000000e+05 3.659085799999999833e-01 6.366904849188183280e-02
1.650000000000000000e+05 3.717213000000000322e-01 5.757068050294351230e-02
1.660000000000000000e+05 3.694266400000000283e-01 5.171506852392637049e-02
1.670000000000000000e+05 3.720324199999999748e-01 6.501438440817232378e-02
1.680000000000000000e+05 3.810407199999999994e-01 8.411256821325574506e-02
1.690000000000000000e+05 3.805684200000000184e-01 5.485946686009261775e-02
1.700000000000000000e+05 3.769477800000000101e-01 5.641570574275926037e-02
1.710000000000000000e+05 3.803459599999999829e-01 5.697339662198840082e-02
1.720000000000000000e+05 3.829154399999999958e-01 6.075838730972375756e-02
1.730000000000000000e+05 3.799586999999999826e-01 5.415651181776758027e-02
1.740000000000000000e+05 3.794793200000000089e-01 6.145463296730035996e-02
1.750000000000000000e+05 3.798670400000000447e-01 6.644170114536802896e-02
1.760000000000000000e+05 3.806250400000000256e-01 6.236493883395060472e-02
1.770000000000000000e+05 3.909960000000000102e-01 5.857337575612318187e-02
1.780000000000000000e+05 3.916083599999999887e-01 6.277195509667035656e-02
1.790000000000000000e+05 3.882704399999999945e-01 6.452398507546167061e-02
1.800000000000000000e+05 3.813666000000000000e-01 4.836937467298910859e-02
1.810000000000000000e+05 3.924126000000000003e-01 5.342721776095027408e-02
1.820000000000000000e+05 3.850834799999999780e-01 5.606571406221096121e-02
1.830000000000000000e+05 3.747631200000000051e-01 5.986777488594009766e-02
1.840000000000000000e+05 3.812221199999999977e-01 5.464947572954016730e-02
1.850000000000000000e+05 4.119626399999999355e-01 7.956592998424892593e-02
1.860000000000000000e+05 3.927546800000000227e-01 5.463490971082134162e-02
1.870000000000000000e+05 3.830430200000000118e-01 6.958062724659501430e-02
1.880000000000000000e+05 4.040278400000000270e-01 6.565062781212681331e-02
1.890000000000000000e+05 3.728698000000000290e-01 4.858763082316321785e-02
1.900000000000000000e+05 3.971492799999999934e-01 5.698216958047139929e-02
1.910000000000000000e+05 3.954339000000000048e-01 6.579428896392147674e-02
1.920000000000000000e+05 3.708212599999999859e-01 5.938392317597752240e-02
1.930000000000000000e+05 3.454276600000000252e-01 7.558202865339352927e-02
1.940000000000000000e+05 3.858472400000000357e-01 5.027758594398104575e-02
1.950000000000000000e+05 3.574294599999999766e-01 8.895789205156785784e-02
1.960000000000000000e+05 3.672250599999999920e-01 5.002689563531202005e-02
1.970000000000000000e+05 3.441162599999999516e-01 6.446201143503359210e-02
1.980000000000000000e+05 3.472250799999999638e-01 6.144977405948373606e-02
1.990000000000000000e+05 3.631090799999999730e-01 5.353533286667413321e-02
2.000000000000000000e+05 3.691763599999999812e-01 5.431226246179034906e-02
2.010000000000000000e+05 3.787393600000000249e-01 5.397414610676486146e-02
2.020000000000000000e+05 3.791663399999999906e-01 4.857936285792970738e-02
2.030000000000000000e+05 3.794763800000000020e-01 6.187595377286397857e-02
2.040000000000000000e+05 3.882690599999999992e-01 4.981701384493454621e-02
2.050000000000000000e+05 3.894487600000000049e-01 5.038436436406040081e-02
2.060000000000000000e+05 3.827849200000000285e-01 5.301066867223615947e-02
2.070000000000000000e+05 3.875585400000000069e-01 5.099743589972342839e-02
2.080000000000000000e+05 3.984784600000000343e-01 5.648824564018960909e-02
2.090000000000000000e+05 3.868933600000000195e-01 5.113602993008354441e-02
2.100000000000000000e+05 3.925879800000000031e-01 5.126275311652311872e-02
2.110000000000000000e+05 3.852034000000000291e-01 5.253085247673028313e-02
2.120000000000000000e+05 4.000672800000000251e-01 5.547840533517162803e-02
2.130000000000000000e+05 3.937542600000000226e-01 5.377197487318464281e-02
2.140000000000000000e+05 3.768625399999999681e-01 4.948102561065605837e-02
2.150000000000000000e+05 3.988596400000000153e-01 5.527021671119446145e-02
2.160000000000000000e+05 3.905114000000000085e-01 5.605070702851124714e-02
2.170000000000000000e+05 3.781248199999999726e-01 6.236462533165415545e-02
2.180000000000000000e+05 4.043641000000000041e-01 6.477600190771271027e-02
2.190000000000000000e+05 3.828930600000000073e-01 6.897739197860701388e-02
2.200000000000000000e+05 3.881799799999999800e-01 5.539864940308202035e-02
2.210000000000000000e+05 3.527669400000000288e-01 5.739777465040261234e-02
2.220000000000000000e+05 3.714558000000000026e-01 5.102394321539643895e-02
2.230000000000000000e+05 3.945275200000000204e-01 5.517753149478146768e-02
2.240000000000000000e+05 3.966179799999999811e-01 5.396442701259413638e-02
2.250000000000000000e+05 3.926166999999999851e-01 5.410931563000959121e-02
2.260000000000000000e+05 4.004859800000000192e-01 5.728188467777226012e-02
2.270000000000000000e+05 3.692409600000000069e-01 5.451591203307892125e-02
2.280000000000000000e+05 3.940011799999999509e-01 5.404287998111868829e-02
2.290000000000000000e+05 3.853116400000000108e-01 5.474903071509486241e-02
2.300000000000000000e+05 3.884458800000000211e-01 5.065151439388165117e-02
2.310000000000000000e+05 3.914052600000000326e-01 5.913622028004833497e-02
2.320000000000000000e+05 3.750742799999999821e-01 5.338388246481890614e-02
2.330000000000000000e+05 3.902862200000000170e-01 5.086433289515945866e-02
2.340000000000000000e+05 4.059554200000000113e-01 5.894659001277003513e-02
2.350000000000000000e+05 3.976190199999999897e-01 5.573181301760781609e-02
2.360000000000000000e+05 3.795109399999999633e-01 5.022339910729260726e-02
2.370000000000000000e+05 3.851019199999999865e-01 5.670757504561097645e-02
2.380000000000000000e+05 3.985296999999999867e-01 6.019117593378616599e-02
2.390000000000000000e+05 3.935782600000000131e-01 5.295167046810138334e-02
2.400000000000000000e+05 3.780549599999999955e-01 6.122940452052755972e-02
2.410000000000000000e+05 3.895623000000000280e-01 5.268898352380694400e-02
2.420000000000000000e+05 4.026362600000000791e-01 7.249902300204051631e-02
2.430000000000000000e+05 3.631955399999999834e-01 5.167408091670717268e-02
2.440000000000000000e+05 3.769146199999999780e-01 6.446059319929968445e-02
2.450000000000000000e+05 3.856431599999999849e-01 6.651289524564692190e-02
2.460000000000000000e+05 3.721468600000000237e-01 7.298536346069942060e-02
2.470000000000000000e+05 3.861295000000000144e-01 5.848757533763900701e-02
2.480000000000000000e+05 3.720554600000000045e-01 7.077865697727248051e-02
2.490000000000000000e+05 3.808610600000000290e-01 6.156790987527837461e-02
2.500000000000000000e+05 3.674015800000000054e-01 8.912710875340679184e-02
2.510000000000000000e+05 3.659861199999999704e-01 7.158427089458688219e-02
2.520000000000000000e+05 3.754896600000000029e-01 5.796751574523786865e-02
2.530000000000000000e+05 3.842928399999999689e-01 6.572760508540076430e-02
2.540000000000000000e+05 3.788572199999999945e-01 5.660878942904185029e-02
2.550000000000000000e+05 3.715015600000000084e-01 6.673108181016100537e-02
2.560000000000000000e+05 3.756912600000000269e-01 5.501502555086564689e-02
2.570000000000000000e+05 3.738528600000000091e-01 5.237326163433398546e-02
2.580000000000000000e+05 3.584300799999999843e-01 6.698204337105281847e-02
2.590000000000000000e+05 3.712395400000000345e-01 7.108340674775233403e-02
2.600000000000000000e+05 3.918550199999999983e-01 6.699195825450693365e-02
2.610000000000000000e+05 3.767191599999999974e-01 6.668566973452692836e-02
2.620000000000000000e+05 3.752554000000000167e-01 6.019494325163867593e-02
2.630000000000000000e+05 3.864899199999999868e-01 6.846828052152033328e-02
2.640000000000000000e+05 3.674284399999999673e-01 5.022437301620001626e-02
2.650000000000000000e+05 3.917632999999999810e-01 7.503403843613910829e-02
2.660000000000000000e+05 3.873382799999999793e-01 5.970297931441612832e-02
2.670000000000000000e+05 3.721520399999999618e-01 6.105753980935032382e-02
2.680000000000000000e+05 3.771082599999999729e-01 5.565010074228438075e-02
2.690000000000000000e+05 3.771609799999999790e-01 4.880699687583328616e-02
2.700000000000000000e+05 3.726270799999999994e-01 5.468100668313998630e-02
2.710000000000000000e+05 3.808927599999999969e-01 5.242632959365360612e-02
2.720000000000000000e+05 3.658629400000000254e-01 6.227742274027080888e-02
2.730000000000000000e+05 3.723731799999999703e-01 5.553563084152011303e-02
2.740000000000000000e+05 3.766145399999999976e-01 6.638207607999617454e-02
2.750000000000000000e+05 3.714395199999999675e-01 6.144425386372268094e-02
2.760000000000000000e+05 3.620191000000000381e-01 5.547201746318589088e-02
2.770000000000000000e+05 3.686273800000000045e-01 7.267881496731767865e-02
2.780000000000000000e+05 3.749820600000000059e-01 5.831142588476465050e-02
2.790000000000000000e+05 3.919077800000000389e-01 6.838350330626238871e-02
2.800000000000000000e+05 3.669525200000000043e-01 5.379151510022375793e-02
2.810000000000000000e+05 3.824118400000000029e-01 5.451372703822771754e-02
2.820000000000000000e+05 3.680817600000000356e-01 5.131221885623735851e-02
2.830000000000000000e+05 3.499566000000000066e-01 7.289319676085005695e-02
2.840000000000000000e+05 3.553950599999999849e-01 5.571084339647354444e-02
2.850000000000000000e+05 3.574637399999999743e-01 6.084822552951237723e-02
2.860000000000000000e+05 3.474064799999999620e-01 6.303855008616235378e-02
2.870000000000000000e+05 3.625516599999999978e-01 5.397916464342886189e-02
2.880000000000000000e+05 3.670770399999999656e-01 5.116361290744037699e-02
2.890000000000000000e+05 3.753558200000000067e-01 6.050235251325026403e-02
2.900000000000000000e+05 3.741559399999999647e-01 4.843258986684895184e-02
2.910000000000000000e+05 3.829752999999999630e-01 4.979814927472706737e-02
2.920000000000000000e+05 3.773372400000000182e-01 5.023411166339462192e-02
2.930000000000000000e+05 3.879905599999999843e-01 5.722207404376741108e-02
2.940000000000000000e+05 3.903865199999999591e-01 5.391225564616639737e-02
2.950000000000000000e+05 3.879618599999999917e-01 4.970675159986216729e-02
2.960000000000000000e+05 3.819617800000000285e-01 4.837480245993362044e-02
2.970000000000000000e+05 3.829798999999999842e-01 6.368335999518240365e-02
2.980000000000000000e+05 3.662354199999999782e-01 5.502848192488686563e-02
2.990000000000000000e+05 3.618358999999999881e-01 5.373653846748970009e-02
3.000000000000000000e+05 3.804041599999999912e-01 5.714319994780131529e-02
