# Time RMSD_average RMSD_std
0.000000000000000000e+00 5.690000000000000748e-05 6.776263578034402713e-21
1.000000000000000000e+03 1.056804999999999967e-01 1.310564721316730304e-02
2.000000000000000000e+03 1.004854799999999881e-01 4.955723819114216805e-02
3.000000000000000000e+03 1.206481600000000043e-01 3.237296952746843148e-02
4.000000000000000000e+03 9.803797999999999679e-02 3.690375298933158688e-02
5.000000000000000000e+03 9.279290000000001148e-02 2.941585290070644620e-02
6.000000000000000000e+03 7.334393999999999636e-02 1.378729194854450175e-02
7.000000000000000000e+03 8.477328000000000641e-02 2.169669666501332014e-02
8.000000000000000000e+03 1.080749600000000116e-01 1.988312786526304568e-02
9.000000000000000000e+03 8.999695999999998697e-02 2.285942185275909380e-02
1.000000000000000000e+04 9.131165999999998895e-02 1.076485268930327775e-02
1.100000000000000000e+04 1.115068200000000065e-01 2.079634578010281301e-02
1.200000000000000000e+04 1.156072200000000105e-01 2.775390220768243071e-02
1.300000000000000000e+04 9.522242000000000206e-02 1.823937549757666254e-02
1.400000000000000000e+04 1.139571600000000018e-01 3.490286721578042539e-02
1.500000000000000000e+04 1.042343400000000087e-01 8.621870953708367716e-03
1.600000000000000000e+04 8.373521999999999910e-02 2.932857841651382094e-02
1.700000000000000000e+04 9.355047999999999142e-02 4.352126121643994788e-02
1.800000000000000000e+04 1.070465600000000128e-01 3.436867353696385768e-02
1.900000000000000000e+04 9.167794000000001331e-02 3.302171598155371340e-02
2.000000000000000000e+04 1.051628800000000002e-01 3.004474879638037443e-02
2.100000000000000000e+04 9.945033999999999819e-02 2.931230056038591075e-02
2.200000000000000000e+04 1.070415200000000011e-01 2.633072680822920106e-02
2.300000000000000000e+04 9.202915999999999874e-02 2.297112517928540792e-02
2.400000000000000000e+04 1.012819199999999975e-01 1.635661665154502717e-02
2.500000000000000000e+04 1.421286599999999900e-01 9.066915181824515557e-03
2.600000000000000000e+04 1.268874799999999969e-01 3.839426575880309361e-02
2.700000000000000000e+04 1.229288200000000081e-01 5.245857162002793422e-02
2.800000000000000000e+04 1.068832400000000044e-01 2.422839085499489328e-02
2.900000000000000000e+04 1.143646599999999791e-01 3.022012811690909934e-02
3.000000000000000000e+04 1.014947999999999961e-01 2.168807811503821806e-02
3.100000000000000000e+04 1.048758799999999908e-01 2.071340268477393776e-02
3.200000000000000000e+04 9.482907999999999615e-02 2.499258989079762919e-02
3.300000000000000000e+04 1.029873800000000034e-01 3.028340848672091135e-02
3.400000000000000000e+04 9.261971999999998872e-02 3.379517241076896578e-02
3.500000000000000000e+04 1.067121200000000075e-01 3.048043782995250514e-02
3.600000000000000000e+04 1.235437399999999852e-01 2.268162836284908293e-02
3.700000000000000000e+04 1.345605400000000063e-01 4.817757567759507059e-02
3.800000000000000000e+04 9.906521999999999550e-02 1.771629817624438205e-02
3.900000000000000000e+04 1.134082600000000107e-01 3.475004564069521240e-02
4.000000000000000000e+04 1.210975800000000102e-01 3.342083192934610508e-02
4.100000000000000000e+04 9.720154000000000294e-02 2.209075091685205189e-02
4.200000000000000000e+04 1.161452399999999968e-01 2.237894821734033590e-02
4.300000000000000000e+04 1.136565800000000070e-01 2.910845373869247812e-02
4.400000000000000000e+04 1.175797599999999915e-01 4.029986210311892192e-02
4.500000000000000000e+04 9.145978000000000441e-02 3.366844900112863498e-02
4.600000000000000000e+04 9.741397999999999724e-02 3.039478753308863176e-02
4.700000000000000000e+04 1.432493399999999750e-01 4.241474953313292828e-02
4.800000000000000000e+04 1.256640199999999874e-01 2.771987000556820624e-02
4.900000000000000000e+04 1.219273999999999913e-01 2.974201649673404585e-02
5.000000000000000000e+04 1.143733000000000111e-01 3.383746106391553182e-02
5.100000000000000000e+04 1.674591799999999853e-01 8.919045529345391576e-02
5.200000000000000000e+04 1.685620000000000174e-01 7.567825136756266280e-02
5.300000000000000000e+04 1.604401799999999878e-01 1.187384525444962896e-01
5.400000000000000000e+04 1.932940800000000070e-01 1.358790717340297716e-01
5.500000000000000000e+04 1.837364800000000076e-01 1.238357549794953244e-01
5.600000000000000000e+04 2.068178599999999923e-01 1.558951045820053949e-01
5.700000000000000000e+04 1.714801599999999926e-01 1.457833852025339771e-01
5.800000000000000000e+04 1.879825599999999930e-01 1.475611401989643245e-01
5.900000000000000000e+04 1.731206600000000095e-01 1.067444039130595324e-01
6.000000000000000000e+04 1.701670000000000127e-01 1.304884784457693014e-01
6.100000000000000000e+04 1.835259600000000157e-01 1.477042675587757203e-01
6.200000000000000000e+04 1.675836199999999887e-01 1.401616275690233393e-01
6.300000000000000000e+04 1.923648599999999986e-01 1.217005130671452856e-01
6.400000000000000000e+04 1.757311000000000012e-01 1.212340471907953771e-01
6.500000000000000000e+04 1.967981800000000170e-01 1.412812916052426093e-01
6.600000000000000000e+04 1.695674199999999687e-01 1.003858787981337652e-01
6.700000000000000000e+04 1.973426400000000136e-01 1.104566430121719650e-01
6.800000000000000000e+04 2.209563600000000183e-01 1.343957203780030973e-01
6.900000000000000000e+04 2.217506800000000333e-01 1.210148020143222009e-01
7.000000000000000000e+04 2.275405600000000028e-01 1.126967650803091942e-01
7.100000000000000000e+04 2.316210799999999792e-01 1.250455369816356188e-01
7.200000000000000000e+04 2.059821799999999870e-01 1.084141340894331923e-01
7.300000000000000000e+04 1.898043799999999948e-01 1.040721263881813768e-01
7.400000000000000000e+04 1.975212599999999763e-01 1.359248776494074995e-01
7.500000000000000000e+04 2.101653599999999678e-01 1.199475322451712678e-01
7.600000000000000000e+04 2.141407200000000066e-01 1.129459283058650149e-01
7.700000000000000000e+04 2.162790000000000268e-01 1.132771595751588534e-01
7.800000000000000000e+04 2.057241200000000103e-01 1.258234259371981967e-01
7.900000000000000000e+04 2.071361800000000031e-01 1.364193581199588945e-01
8.000000000000000000e+04 2.253432000000000213e-01 1.372740359326118376e-01
8.100000000000000000e+04 2.176407800000000337e-01 1.085576681761615675e-01
8.200000000000000000e+04 1.955235800000000024e-01 1.031987808123797506e-01
8.300000000000000000e+04 2.049013399999999874e-01 1.127519261984574750e-01
8.400000000000000000e+04 2.086514200000000319e-01 1.442688173059639423e-01
8.500000000000000000e+04 2.210769800000000063e-01 1.013647576863161981e-01
8.600000000000000000e+04 2.163107000000000224e-01 9.966543278541463435e-02
8.700000000000000000e+04 2.131090000000000484e-01 1.249343476903289341e-01
8.800000000000000000e+04 1.832618599999999986e-01 1.256045097516582110e-01
8.900000000000000000e+04 1.920591000000000104e-01 1.229571474858619368e-01
9.000000000000000000e+04 2.506092000000000319e-01 1.149113636025436702e-01
9.100000000000000000e+04 2.387799399999999961e-01 1.222796494826608460e-01
9.200000000000000000e+04 2.316185400000000116e-01 1.290767852431504992e-01
9.300000000000000000e+04 2.187876599999999672e-01 9.902907035198503516e-02
9.400000000000000000e+04 2.177119399999999649e-01 9.088886090696922382e-02
9.500000000000000000e+04 2.622061600000000214e-01 1.272365507984179744e-01
9.600000000000000000e+04 2.360113800000000206e-01 1.392009472575729268e-01
9.700000000000000000e+04 2.128971199999999953e-01 1.031688504528648909e-01
9.800000000000000000e+04 2.428975800000000018e-01 1.073582856132753310e-01
9.900000000000000000e+04 2.144858599999999726e-01 1.095619554696355274e-01
1.000000000000000000e+05 2.569598599999999844e-01 9.750394447700255762e-02
1.010000000000000000e+05 1.959210399999999908e-01 1.131438930813430943e-01
1.020000000000000000e+05 2.415550600000000436e-01 1.209335987378627464e-01
1.030000000000000000e+05 2.151098399999999966e-01 1.259596601634443980e-01
1.040000000000000000e+05 2.371973599999999960e-01 8.651193227268939856e-02
1.050000000000000000e+05 2.544367799999999735e-01 1.136440451846976452e-01
1.060000000000000000e+05 2.494302799999999765e-01 1.125273802056086375e-01
1.070000000000000000e+05 2.110944599999999838e-01 1.051081829417595953e-01
1.080000000000000000e+05 2.380529400000000462e-01 9.700472910489674194e-02
1.090000000000000000e+05 2.188619599999999943e-01 1.086612014222666234e-01
1.100000000000000000e+05 2.401275799999999516e-01 1.186230250902985395e-01
1.110000000000000000e+05 2.179551599999999811e-01 9.975239130708796198e-02
1.120000000000000000e+05 2.248790600000000472e-01 1.394588323256092666e-01
1.130000000000000000e+05 2.330438599999999916e-01 1.306434753497104362e-01
1.140000000000000000e+05 2.227375199999999944e-01 1.146014346576237353e-01
1.150000000000000000e+05 2.404553200000000557e-01 1.338089845019892754e-01
1.160000000000000000e+05 2.248507800000000001e-01 1.094650468722578179e-01
1.170000000000000000e+05 2.357446799999999842e-01 1.151920080802379259e-01
1.180000000000000000e+05 2.608670400000000500e-01 1.210834897268260879e-01
1.190000000000000000e+05 2.453150799999999909e-01 1.206858517843313605e-01
1.200000000000000000e+05 2.530664599999999931e-01 1.350655283698782849e-01
1.210000000000000000e+05 2.402496000000000076e-01 1.268736084896933958e-01
1.220000000000000000e+05 2.366943599999999925e-01 1.245942652553575780e-01
1.230000000000000000e+05 2.143917199999999801e-01 1.140990959400713101e-01
1.240000000000000000e+05 2.364865599999999846e-01 1.387227150847127888e-01
1.250000000000000000e+05 2.470719200000000004e-01 1.462997856056583446e-01
1.260000000000000000e+05 2.236896599999999569e-01 1.442444494990722526e-01
1.270000000000000000e+05 2.519624200000000203e-01 1.725936455392190760e-01
1.280000000000000000e+05 2.410804199999999897e-01 1.461744684566412267e-01
1.290000000000000000e+05 2.184440200000000165e-01 1.480910306276028154e-01
1.300000000000000000e+05 2.474730800000000119e-01 1.505598102574441932e-01
1.310000000000000000e+05 2.333027399999999807e-01 1.257553404560235732e-01
1.320000000000000000e+05 2.323820600000000014e-01 1.494502899521255590e-01
1.330000000000000000e+05 2.494531799999999966e-01 1.414322625491425955e-01
1.340000000000000000e+05 2.344630000000000047e-01 1.403040272864467808e-01
1.350000000000000000e+05 2.268987799999999666e-01 1.205396225626478302e-01
1.360000000000000000e+05 2.379175399999999829e-01 1.111618357621103753e-01
1.370000000000000000e+05 2.527064399999999766e-01 1.182899422328305972e-01
1.380000000000000000e+05 2.335316800000000192e-01 1.229641700629967999e-01
1.390000000000000000e+05 2.423845199999999644e-01 1.454661783868043956e-01
1.400000000000000000e+05 2.509611800000000059e-01 1.184787500804325711e-01
1.410000000000000000e+05 2.475222199999999595e-01 1.607734819247676750e-01
1.420000000000000000e+05 2.555129600000000112e-01 1.501719738747094024e-01
1.430000000000000000e+05 2.508930600000000011e-01 1.480572050418972607e-01
1.440000000000000000e+05 2.495603599999999811e-01 1.553535520930834635e-01
1.450000000000000000e+05 2.686257400000000017e-01 1.414671824051302873e-01
1.460000000000000000e+05 2.512935800000000164e-01 1.483849340618028922e-01
1.470000000000000000e+05 2.374706000000000317e-01 1.397872173131720908e-01
1.480000000000000000e+05 2.637984199999999779e-01 1.455821009104814323e-01
1.490000000000000000e+05 2.532878600000000313e-01 1.279772778461801819e-01
1.500000000000000000e+05 2.647741600000000362e-01 1.562589073619369828e-01
1.510000000000000000e+05 2.675754799999999767e-01 1.529514457863592747e-01
1.520000000000000000e+05 2.528542599999999974e-01 1.504672855259853448e-01
1.530000000000000000e+05 2.406571200000000021e-01 1.456523964042391039e-01
1.540000000000000000e+05 2.586952999999999614e-01 1.365683086069824637e-01
1.550000000000000000e+05 2.572796000000000527e-01 1.165368188024197005e-01
1.560000000000000000e+05 2.569579599999999853e-01 1.490217930024142490e-01
1.570000000000000000e+05 2.434223400000000148e-01 1.455571737728044990e-01
1.580000000000000000e+05 2.255332000000000170e-01 1.357045383182301779e-01
1.590000000000000000e+05 2.549266000000000032e-01 1.428263203391867964e-01
1.600000000000000000e+05 2.370393000000000083e-01 1.231842258943571106e-01
1.610000000000000000e+05 2.507482199999999661e-01 1.309375278374751983e-01
1.620000000000000000e+05 2.316773000000000027e-01 1.189026952106132795e-01
1.630000000000000000e+05 2.582384199999999685e-01 1.423176165332514231e-01
1.640000000000000000e+05 2.329151799999999994e-01 1.178400509424092218e-01
1.650000000000000000e+05 2.366233400000000153e-01 1.290090757399277033e-01
1.660000000000000000e+05 2.445603600000000044e-01 1.439605793962861202e-01
1.670000000000000000e+05 2.550054800000000066e-01 1.256298555984746712e-01
1.680000000000000000e+05 2.368243200000000326e-01 1.238043689376655265e-01
1.690000000000000000e+05 2.558022799999999930e-01 1.608245130823457436e-01
1.700000000000000000e+05 2.577708400000000011e-01 1.546726271547567699e-01
1.710000000000000000e+05 2.574350400000000039e-01 1.524664178075762488e-01
1.720000000000000000e+05 2.483300199999999847e-01 1.215994839760991680e-01
1.730000000000000000e+05 2.452579399999999799e-01 1.240697253937252803e-01
1.740000000000000000e+05 2.250981200000000126e-01 1.091633505920444058e-01
1.750000000000000000e+05 2.300088600000000094e-01 1.279736523530152215e-01
1.760000000000000000e+05 2.191976399999999714e-01 1.471458112932284568e-01
1.770000000000000000e+05 2.440026399999999929e-01 1.495728294167172623e-01
1.780000000000000000e+05 2.437777799999999717e-01 1.419296786880376304e-01
1.790000000000000000e+05 2.451660399999999740e-01 1.420910022020620556e-01
1.800000000000000000e+05 2.215299000000000018e-01 1.501352374506398357e-01
1.810000000000000000e+05 2.282155800000000012e-01 1.357500894842784411e-01
1.820000000000000000e+05 2.198142999999999903e-01 1.290397634923437231e-01
1.830000000000000000e+05 2.343663000000000274e-01 1.374302323297024730e-01
1.840000000000000000e+05 2.514907199999999454e-01 1.501190377765511952e-01
1.850000000000000000e+05 2.760072199999999976e-01 1.190657301514654737e-01
1.860000000000000000e+05 2.663823200000000058e-01 1.290636546045307032e-01
1.870000000000000000e+05 2.770304599999999784e-01 1.288186062662315945e-01
1.880000000000000000e+05 2.981234600000000068e-01 1.402490144504780489e-01
1.890000000000000000e+05 2.712980200000000286e-01 1.255248534392675586e-01
1.900000000000000000e+05 2.829867200000000249e-01 1.327005681442457175e-01
1.910000000000000000e+05 2.715126800000000062e-01 1.272741400547872659e-01
1.920000000000000000e+05 3.035606200000000032e-01 1.175662544288351569e-01
1.930000000000000000e+05 2.796721400000000690e-01 1.283650814793431405e-01
1.940000000000000000e+05 2.904254400000000347e-01 1.061093787936881472e-01
1.950000000000000000e+05 2.970732999999999846e-01 1.389913547436242569e-01
1.960000000000000000e+05 3.178893600000000097e-01 1.395909184246826307e-01
1.970000000000000000e+05 3.158523599999999987e-01 1.428773354094847459e-01
1.980000000000000000e+05 3.057763399999999798e-01 1.581344516002329004e-01
1.990000000000000000e+05 2.927417399999999725e-01 1.511273698218638384e-01
2.000000000000000000e+05 3.037408400000000119e-01 1.622644287695439447e-01
2.010000000000000000e+05 2.995064399999999849e-01 1.600487527271687305e-01
2.020000000000000000e+05 3.101497200000000176e-01 1.598089384622199405e-01
2.030000000000000000e+05 2.873655600000000199e-01 1.197331170560359259e-01
2.040000000000000000e+05 2.992031800000000130e-01 1.686460419227252538e-01
2.050000000000000000e+05 2.949608400000000019e-01 1.636163364756539340e-01
2.060000000000000000e+05 2.848304200000000286e-01 1.672472399595210102e-01
2.070000000000000000e+05 2.796335600000000032e-01 1.673598630318583746e-01
2.080000000000000000e+05 2.832918200000000275e-01 1.434030918219185435e-01
2.090000000000000000e+05 2.937188400000000366e-01 1.466915923792035115e-01
2.100000000000000000e+05 3.128234799999999871e-01 1.795114913180256566e-01
2.110000000000000000e+05 3.187377800000000816e-01 1.620127601721592925e-01
2.120000000000000000e+05 3.166314000000000073e-01 1.639121660562997962e-01
2.130000000000000000e+05 3.076894799999999597e-01 1.487409356704925412e-01
2.140000000000000000e+05 3.171851799999999555e-01 1.670523962229503445e-01
2.150000000000000000e+05 2.974083799999999722e-01 1.537158688898891679e-01
2.160000000000000000e+05 2.978087799999999952e-01 1.639792037607988862e-01
2.170000000000000000e+05 3.029261999999999788e-01 1.313294502160730071e-01
2.180000000000000000e+05 2.906102999999999881e-01 1.402343167747039099e-01
2.190000000000000000e+05 3.049006400000000006e-01 1.423682524195981070e-01
2.200000000000000000e+05 3.208012599999999770e-01 1.610187705485121301e-01
2.210000000000000000e+05 2.854643799999999620e-01 1.460403254914669213e-01
2.220000000000000000e+05 2.957110000000000016e-01 1.563994185646992996e-01
2.230000000000000000e+05 2.912464799999999743e-01 1.402181351338891435e-01
2.240000000000000000e+05 2.990164000000000155e-01 1.403558235636127860e-01
2.250000000000000000e+05 2.799870799999999993e-01 1.232133387481306741e-01
2.260000000000000000e+05 2.978076600000000296e-01 1.599285931380327042e-01
2.270000000000000000e+05 2.879059600000000163e-01 1.493424539502495318e-01
2.280000000000000000e+05 3.048628599999999578e-01 1.489949356211626441e-01
2.290000000000000000e+05 2.912599599999999844e-01 1.489743494858171979e-01
2.300000000000000000e+05 2.917179799999999879e-01 1.599438247526349388e-01
2.310000000000000000e+05 3.079733000000000054e-01 1.610640490725102902e-01
2.320000000000000000e+05 2.856922800000000207e-01 1.527850498732045426e-01
2.330000000000000000e+05 2.769916399999999834e-01 1.587871229093039405e-01
2.340000000000000000e+05 2.921338800000000124e-01 1.499977393788506363e-01
2.350000000000000000e+05 2.942063600000000001e-01 1.504286586051554186e-01
2.360000000000000000e+05 2.791569400000000201e-01 1.436244666840799933e-01
2.370000000000000000e+05 3.098756400000000077e-01 1.313693123838683974e-01
2.380000000000000000e+05 3.038498800000000166e-01 1.363535390367173472e-01
2.390000000000000000e+05 3.012032400000000387e-01 1.370065985439183065e-01
2.400000000000000000e+05 3.197127400000000508e-01 1.387493077101085992e-01
2.410000000000000000e+05 2.769234799999999996e-01 1.319919143120426297e-01
2.420000000000000000e+05 3.062938400000000394e-01 1.272997791215931540e-01
2.430000000000000000e+05 3.410867999999999678e-01 1.385386519311488096e-01
2.440000000000000000e+05 3.028939999999999966e-01 1.463985196860541904e-01
2.450000000000000000e+05 2.993910399999999972e-01 1.593582784376463002e-01
2.460000000000000000e+05 2.802695199999999942e-01 1.592651696189898158e-01
2.470000000000000000e+05 2.930703600000000297e-01 1.385395653549353345e-01
2.480000000000000000e+05 2.964823600000000559e-01 1.256691162910219539e-01
2.490000000000000000e+05 2.861888399999999999e-01 1.532603510234215871e-01
2.500000000000000000e+05 2.970909599999999595e-01 1.461008594568368735e-01
2.510000000000000000e+05 2.947957200000000388e-01 1.364473994992268235e-01
2.520000000000000000e+05 2.919920200000000188e-01 1.523371025498305997e-01
2.530000000000000000e+05 2.978828000000000031e-01 1.514088310497508638e-01
2.540000000000000000e+05 2.930985999999999869e-01 1.487985689725408733e-01
2.550000000000000000e+05 2.928496800000000011e-01 1.555433828916344685e-01
2.560000000000000000e+05 2.865448400000000229e-01 1.654017249539870837e-01
2.570000000000000000e+05 3.063865399999999850e-01 1.534801267868201868e-01
2.580000000000000000e+05 2.748146999999999673e-01 1.493404193448109873e-01
2.590000000000000000e+05 3.014889200000000491e-01 1.400860904777829763e-01
2.600000000000000000e+05 2.912335200000000235e-01 1.377861594622246666e-01
2.610000000000000000e+05 2.910505799999999477e-01 1.406777200669018513e-01
2.620000000000000000e+05 2.799734799999999968e-01 1.579015102984312746e-01
2.630000000000000000e+05 2.983422000000000018e-01 1.456946700168129105e-01
2.640000000000000000e+05 2.997320600000000224e-01 1.594021955753633923e-01
2.650000000000000000e+05 2.906044799999999984e-01 1.639659047661604641e-01
2.660000000000000000e+05 3.024650400000000183e-01 1.497933384575509119e-01
2.670000000000000000e+05 2.784434000000000076e-01 1.636187814539761254e-01
2.680000000000000000e+05 3.132858799999999611e-01 1.294625965225384978e-01
2.690000000000000000e+05 3.193917400000000351e-01 1.584950842982154051e-01
2.700000000000000000e+05 3.213418399999999897e-01 1.146426410910983823e-01
2.710000000000000000e+05 3.089495800000000014e-01 1.301608382561728894e-01
2.720000000000000000e+05 3.352673000000000458e-01 1.492643023527192858e-01
2.730000000000000000e+05 3.171561200000000413e-01 1.648972513939319651e-01
2.740000000000000000e+05 2.830494599999999750e-01 1.507879335376355601e-01
2.750000000000000000e+05 3.288715799999999967e-01 1.432703172860785024e-01
2.760000000000000000e+05 3.107847400000000038e-01 1.583424134650043835e-01
2.770000000000000000e+05 3.150797000000000181e-01 1.468874335958117172e-01
2.780000000000000000e+05 3.167087599999999226e-01 1.747239693969616925e-01
2.790000000000000000e+05 3.091776999999999997e-01 1.481816836722676667e-01
2.800000000000000000e+05 3.303617799999999938e-01 1.724773552492894768e-01
2.810000000000000000e+05 3.025532800000000355e-01 1.565124969278734735e-01
2.820000000000000000e+05 3.031992800000000154e-01 1.333355370747258684e-01
2.830000000000000000e+05 3.108861199999999880e-01 1.561403206554463352e-01
2.840000000000000000e+05 2.929704999999999671e-01 1.602275574645634915e-01
2.850000000000000000e+05 2.875101599999999591e-01 1.623477871048644994e-01
2.860000000000000000e+05 2.889485999999999999e-01 1.730178359840857383e-01
2.870000000000000000e+05 2.882411400000000623e-01 1.537779660853739183e-01
2.880000000000000000e+05 2.918353599999999881e-01 1.597534611670194671e-01
2.890000000000000000e+05 2.998380399999999724e-01 1.583926351369482066e-01
2.900000000000000000e+05 3.048727999999999438e-01 1.507538904410363756e-01
2.910000000000000000e+05 2.791590600000000144e-01 1.501935937724988290e-01
2.920000000000000000e+05 2.812446000000000113e-01 1.465199367836609590e-01
2.930000000000000000e+05 3.091869199999999762e-01 1.461989255635676721e-01
2.940000000000000000e+05 2.916366599999999920e-01 1.595669233030529988e-01
2.950000000000000000e+05 2.963852200000000048e-01 1.526226314788655392e-01
2.960000000000000000e+05 3.021677600000000075e-01 1.640434988115847259e-01
2.970000000000000000e+05 3.047187799999999669e-01 1.605735507938763629e-01
2.980000000000000000e+05 2.921431799999999468e-01 1.450612230670953462e-01
2.990000000000000000e+05 2.888606400000000018e-01 1.436672152348419385e-01
3.000000000000000000e+05 2.783226199999999650e-01 1.705654410843579771e-01
