# x average std
0.000000000000000000e+00 2.826000000000000387e-05 9.880000000000000273e-06
1.000000000000000000e+03 1.009825399999999956e-01 1.291767868939307229e-02
2.000000000000000000e+03 1.016130400000000017e-01 1.219918370131378889e-02
3.000000000000000000e+03 1.058476799999999995e-01 1.372305936726938257e-02
4.000000000000000000e+03 1.148623600000000106e-01 1.567348163052484714e-02
5.000000000000000000e+03 1.397373399999999877e-01 4.361835287663210631e-02
6.000000000000000000e+03 1.359046599999999827e-01 3.698707325964572384e-02
7.000000000000000000e+03 1.400534199999999840e-01 4.769461553372246476e-02
8.000000000000000000e+03 1.450912799999999891e-01 4.046580198189082822e-02
9.000000000000000000e+03 1.428631999999999957e-01 4.174990939908732046e-02
1.000000000000000000e+04 1.466829000000000049e-01 3.000938947596235029e-02
1.100000000000000000e+04 1.411519999999999997e-01 2.745083899322569090e-02
1.200000000000000000e+04 1.556403199999999987e-01 3.716131493106238082e-02
1.300000000000000000e+04 1.648628600000000000e-01 4.000922919075548118e-02
1.400000000000000000e+04 1.737103000000000119e-01 4.225149390745847056e-02
1.500000000000000000e+04 1.688444000000000056e-01 3.876330103585090558e-02
1.600000000000000000e+04 1.547488200000000091e-01 3.139818256590020534e-02
1.700000000000000000e+04 1.745425800000000305e-01 5.664623591362094590e-02
1.800000000000000000e+04 1.782469200000000309e-01 4.774735203419767232e-02
1.900000000000000000e+04 1.631283799999999895e-01 2.632973125821074650e-02
2.000000000000000000e+04 1.579772200000000015e-01 2.761479729973769642e-02
2.100000000000000000e+04 1.484430199999999811e-01 1.843978573274646787e-02
2.200000000000000000e+04 1.456074999999999731e-01 1.450365584850936591e-02
2.300000000000000000e+04 1.506680999999999993e-01 1.428272609665255308e-02
2.400000000000000000e+04 1.520120799999999939e-01 2.043399156713147577e-02
2.500000000000000000e+04 1.395238799999999890e-01 1.979497244690176308e-02
2.600000000000000000e+04 1.527983599999999942e-01 2.890621710328766455e-02
2.700000000000000000e+04 1.507960000000000134e-01 1.710993451922011507e-02
2.800000000000000000e+04 1.452344999999999886e-01 2.881242532221124641e-02
2.900000000000000000e+04 1.573816000000000381e-01 2.385947096177951782e-02
3.000000000000000000e+04 1.529230799999999890e-01 3.740508558596812583e-02
3.100000000000000000e+04 1.607246800000000087e-01 2.639918168287797712e-02
3.200000000000000000e+04 1.545677200000000195e-01 3.026208039017806717e-02
3.300000000000000000e+04 1.548590999999999995e-01 2.002371471430813149e-02
3.400000000000000000e+04 1.723109399999999680e-01 6.340655806525377636e-02
3.500000000000000000e+04 1.681111999999999884e-01 4.511660351028210642e-02
3.600000000000000000e+04 1.720617400000000186e-01 4.766590682748415159e-02
3.700000000000000000e+04 1.683197200000000060e-01 3.706378430313882200e-02
3.800000000000000000e+04 1.610593400000000230e-01 3.661375131928440441e-02
3.900000000000000000e+04 1.606233800000000100e-01 3.627057767019434276e-02
4.000000000000000000e+04 1.746012400000000186e-01 6.836383490801552221e-02
4.100000000000000000e+04 1.600134400000000068e-01 4.180319998151337674e-02
4.200000000000000000e+04 1.639070199999999866e-01 4.211703947147282107e-02
4.300000000000000000e+04 1.621752399999999705e-01 3.379907195031248146e-02
4.400000000000000000e+04 1.594753799999999999e-01 6.012000407522939682e-02
4.500000000000000000e+04 1.572139200000000070e-01 5.036039031029843765e-02
4.600000000000000000e+04 1.541446800000000061e-01 3.070347855435276441e-02
4.700000000000000000e+04 1.676136599999999977e-01 5.285144347469045156e-02
4.800000000000000000e+04 1.637959400000000287e-01 5.719268165521179670e-02
4.900000000000000000e+04 1.691487400000000196e-01 4.840174864959322781e-02
5.000000000000000000e+04 1.631807000000000119e-01 4.106241390317914158e-02
5.100000000000000000e+04 1.621518000000000126e-01 4.896498702468938397e-02
5.200000000000000000e+04 1.738711999999999758e-01 3.253851865810734878e-02
5.300000000000000000e+04 1.667395600000000089e-01 5.716207123271863783e-02
5.400000000000000000e+04 1.676188399999999912e-01 4.207215288661134839e-02
5.500000000000000000e+04 1.786249599999999993e-01 4.667741827241948110e-02
5.600000000000000000e+04 1.587138800000000016e-01 1.848323565757899883e-02
5.700000000000000000e+04 1.618344800000000028e-01 2.914662543488696564e-02
5.800000000000000000e+04 1.651564000000000088e-01 4.189205689364034618e-02
5.900000000000000000e+04 1.574070200000000086e-01 2.736999307412408405e-02
6.000000000000000000e+04 1.520334000000000130e-01 3.806848413808986559e-02
6.100000000000000000e+04 1.578411399999999909e-01 3.393233538921834602e-02
6.200000000000000000e+04 1.668790400000000063e-01 4.240877801307648548e-02
6.300000000000000000e+04 1.484939999999999871e-01 2.145359823852399997e-02
6.400000000000000000e+04 1.594112800000000163e-01 4.760141696535514361e-02
6.500000000000000000e+04 1.614122000000000057e-01 4.372809958253388168e-02
6.600000000000000000e+04 1.377461799999999958e-01 1.595251215807717143e-02
6.700000000000000000e+04 1.446604400000000012e-01 1.737435540888926724e-02
6.800000000000000000e+04 1.535590400000000078e-01 2.973498048747299713e-02
6.900000000000000000e+04 1.670186200000000065e-01 4.636063671410910886e-02
7.000000000000000000e+04 1.720033800000000113e-01 5.773001006632164783e-02
7.100000000000000000e+04 1.628887199999999869e-01 4.773902501440095703e-02
7.200000000000000000e+04 1.713668000000000136e-01 4.850317828233528111e-02
7.300000000000000000e+04 1.826773399999999936e-01 4.415319784987718765e-02
7.400000000000000000e+04 1.657364199999999954e-01 4.752018568740656174e-02
7.500000000000000000e+04 1.543809199999999771e-01 3.929209246804755973e-02
7.600000000000000000e+04 1.586059999999999970e-01 4.270714921775978223e-02
7.700000000000000000e+04 1.534065800000000146e-01 2.810224311868360358e-02
7.800000000000000000e+04 1.601383200000000007e-01 2.397496827096128394e-02
7.900000000000000000e+04 1.571027799999999974e-01 3.244054815710733369e-02
8.000000000000000000e+04 1.508454800000000040e-01 3.234704796109839908e-02
8.100000000000000000e+04 1.582299199999999961e-01 3.070173900451894644e-02
8.200000000000000000e+04 1.520014199999999982e-01 2.742703877361900647e-02
8.300000000000000000e+04 1.675759199999999893e-01 5.213406331228748192e-02
8.400000000000000000e+04 1.674383799999999978e-01 3.625482302802759960e-02
8.500000000000000000e+04 1.583820200000000122e-01 2.999295245302803156e-02
8.600000000000000000e+04 1.549417800000000012e-01 2.221571210196963270e-02
8.700000000000000000e+04 1.653407199999999966e-01 2.604009120601539010e-02
8.800000000000000000e+04 1.606591599999999953e-01 3.091868175317958808e-02
8.900000000000000000e+04 1.697383600000000048e-01 3.927511750284650577e-02
9.000000000000000000e+04 1.686064599999999858e-01 5.197878335123284899e-02
9.100000000000000000e+04 1.596325600000000067e-01 3.719638914193688223e-02
9.200000000000000000e+04 1.721239999999999992e-01 3.204390405515532975e-02
9.300000000000000000e+04 1.525421200000000033e-01 3.412405285896737833e-02
9.400000000000000000e+04 1.799479599999999624e-01 3.876903856969372841e-02
9.500000000000000000e+04 1.701618799999999876e-01 2.975115627301903529e-02
9.600000000000000000e+04 1.687544599999999950e-01 5.011721471999816546e-02
9.700000000000000000e+04 1.745744199999999802e-01 4.301270779332079519e-02
9.800000000000000000e+04 1.703691199999999850e-01 3.846354810364743110e-02
9.900000000000000000e+04 1.531057600000000074e-01 3.013371204080905058e-02
1.000000000000000000e+05 1.539077400000000151e-01 2.134929132290811979e-02
1.010000000000000000e+05 1.719961000000000129e-01 3.248862290131730723e-02
1.020000000000000000e+05 1.657572799999999791e-01 4.508401478774490267e-02
1.030000000000000000e+05 1.686547399999999697e-01 3.914841165317438365e-02
1.040000000000000000e+05 1.708356000000000041e-01 4.016019139854789394e-02
1.050000000000000000e+05 1.670770199999999928e-01 3.546413778381761472e-02
1.060000000000000000e+05 1.690254200000000095e-01 5.089534217283149531e-02
1.070000000000000000e+05 1.662970199999999898e-01 4.950420670045728444e-02
1.080000000000000000e+05 1.827804399999999885e-01 6.327287239573052557e-02
1.090000000000000000e+05 1.652735599999999860e-01 4.521657156851235926e-02
1.100000000000000000e+05 1.532381199999999777e-01 1.600052641039037896e-02
1.110000000000000000e+05 1.650210000000000288e-01 3.688741616269699403e-02
1.120000000000000000e+05 1.678511200000000203e-01 3.752191229958302954e-02
1.130000000000000000e+05 1.621712000000000153e-01 2.478386826328771511e-02
1.140000000000000000e+05 1.708378799999999975e-01 3.910346711786053669e-02
1.150000000000000000e+05 1.773164399999999918e-01 3.892595122925578133e-02
1.160000000000000000e+05 1.627137799999999745e-01 3.461942321110506038e-02
1.170000000000000000e+05 1.676112999999999909e-01 4.085324635125096165e-02
1.180000000000000000e+05 1.750689999999999746e-01 3.556744534739598312e-02
1.190000000000000000e+05 1.654534799999999861e-01 3.327680427465353613e-02
1.200000000000000000e+05 1.892725000000000102e-01 4.398864373030839797e-02
1.210000000000000000e+05 1.862388600000000061e-01 4.779148903098123791e-02
1.220000000000000000e+05 1.855426800000000154e-01 4.301769598197466987e-02
1.230000000000000000e+05 1.949661000000000033e-01 5.833621936454230078e-02
1.240000000000000000e+05 1.930442800000000125e-01 4.684680245311947239e-02
1.250000000000000000e+05 1.930951200000000090e-01 5.396047571196532777e-02
1.260000000000000000e+05 1.852173999999999765e-01 4.380036299310770959e-02
1.270000000000000000e+05 1.970987000000000156e-01 6.807371781902321617e-02
1.280000000000000000e+05 1.980619000000000129e-01 6.087563415229445968e-02
1.290000000000000000e+05 2.026080199999999998e-01 5.705994124001179807e-02
1.300000000000000000e+05 1.930039199999999955e-01 5.940282631711726186e-02
1.310000000000000000e+05 1.932306200000000196e-01 4.956302685007848291e-02
1.320000000000000000e+05 2.048785800000000046e-01 5.398035187682274916e-02
1.330000000000000000e+05 1.889807799999999871e-01 3.537437959322537601e-02
1.340000000000000000e+05 2.007628800000000047e-01 5.020091521912323912e-02
1.350000000000000000e+05 2.055583200000000166e-01 6.156688302135816110e-02
1.360000000000000000e+05 2.026496800000000265e-01 7.143852408392548092e-02
1.370000000000000000e+05 2.001120200000000016e-01 5.631843407440941668e-02
1.380000000000000000e+05 1.905403599999999642e-01 5.395397126520345282e-02
1.390000000000000000e+05 2.028157000000000154e-01 6.738039395963785205e-02
1.400000000000000000e+05 1.932286599999999965e-01 5.105121077802562968e-02
1.410000000000000000e+05 1.928208600000000106e-01 4.984757638656468759e-02
1.420000000000000000e+05 1.952853800000000084e-01 4.882869697734725650e-02
1.430000000000000000e+05 2.010207799999999823e-01 3.517700979511476089e-02
1.440000000000000000e+05 1.873865599999999798e-01 4.924448607844739839e-02
1.450000000000000000e+05 1.909662200000000198e-01 5.192920814826276765e-02
1.460000000000000000e+05 1.902544999999999931e-01 4.440924053288909656e-02
1.470000000000000000e+05 1.897637199999999968e-01 4.770826697684165535e-02
1.480000000000000000e+05 1.902904599999999946e-01 5.349301201243392145e-02
1.490000000000000000e+05 1.769302600000000059e-01 4.490112208961375556e-02
1.500000000000000000e+05 1.919777799999999868e-01 5.092350562722091495e-02
1.510000000000000000e+05 2.043756600000000145e-01 5.639639370210119962e-02
1.520000000000000000e+05 1.904444799999999716e-01 5.168801908374511672e-02
1.530000000000000000e+05 1.924002400000000002e-01 4.614059211811655931e-02
1.540000000000000000e+05 2.005220600000000020e-01 5.307047494423240697e-02
1.550000000000000000e+05 1.939249400000000179e-01 4.637223357905460863e-02
1.560000000000000000e+05 1.928037199999999840e-01 5.603106861845131431e-02
1.570000000000000000e+05 2.073565799999999848e-01 6.333762146394196491e-02
1.580000000000000000e+05 2.002964799999999990e-01 6.513707825917279537e-02
1.590000000000000000e+05 2.293966600000000022e-01 1.053118214314537338e-01
1.600000000000000000e+05 2.230514799999999964e-01 8.584491318416952177e-02
1.610000000000000000e+05 2.260516599999999876e-01 8.956196498953336582e-02
1.620000000000000000e+05 2.089776399999999923e-01 8.681156476623606844e-02
1.630000000000000000e+05 2.255106799999999634e-01 1.083090554334844302e-01
1.640000000000000000e+05 2.249992000000000103e-01 7.827550210422160037e-02
1.650000000000000000e+05 2.228116399999999775e-01 7.347822586640480325e-02
1.660000000000000000e+05 2.263265799999999994e-01 7.973476644030257077e-02
1.670000000000000000e+05 2.219326799999999655e-01 7.143762645923786014e-02
1.680000000000000000e+05 2.430145800000000078e-01 1.127309155916760841e-01
1.690000000000000000e+05 2.152775000000000105e-01 7.644016994604341253e-02
1.700000000000000000e+05 2.286465400000000092e-01 9.220626220799973960e-02
1.710000000000000000e+05 2.443337399999999937e-01 9.789656388829182099e-02
1.720000000000000000e+05 2.389735600000000293e-01 1.030270778988242597e-01
1.730000000000000000e+05 2.237412199999999629e-01 8.183580306226363732e-02
1.740000000000000000e+05 2.386201400000000084e-01 7.010413706518610344e-02
1.750000000000000000e+05 2.267875800000000164e-01 7.275853345700146468e-02
1.760000000000000000e+05 2.277912800000000126e-01 7.592696286456873667e-02
1.770000000000000000e+05 2.192097599999999757e-01 6.337128797332747254e-02
1.780000000000000000e+05 2.235160199999999819e-01 6.666685747132229667e-02
1.790000000000000000e+05 2.108477599999999952e-01 7.168353139553323983e-02
1.800000000000000000e+05 2.080322400000000072e-01 8.002169181187311631e-02
1.810000000000000000e+05 2.275963399999999803e-01 9.853960027774821828e-02
1.820000000000000000e+05 2.363160599999999945e-01 9.500952966448365788e-02
1.830000000000000000e+05 2.260257800000000095e-01 1.050132660395704520e-01
1.840000000000000000e+05 2.223694199999999843e-01 8.755697001839202187e-02
1.850000000000000000e+05 2.136727599999999894e-01 8.144268825847043869e-02
1.860000000000000000e+05 2.144120399999999704e-01 8.272149430300688999e-02
1.870000000000000000e+05 2.052240399999999965e-01 6.811338417270428047e-02
1.880000000000000000e+05 2.135247999999999868e-01 7.447595301531897971e-02
1.890000000000000000e+05 2.435824600000000006e-01 1.031477283476005813e-01
1.900000000000000000e+05 2.063465600000000122e-01 5.978893448920459541e-02
1.910000000000000000e+05 2.061336199999999896e-01 4.681210414973460687e-02
1.920000000000000000e+05 2.036380399999999646e-01 5.255807784794264831e-02
1.930000000000000000e+05 2.136483000000000132e-01 4.839266145191851304e-02
1.940000000000000000e+05 2.100928800000000096e-01 4.820616290867382747e-02
1.950000000000000000e+05 2.325229600000000008e-01 8.362897165438780422e-02
1.960000000000000000e+05 2.025040200000000346e-01 5.050658518499939048e-02
1.970000000000000000e+05 2.056687600000000060e-01 5.343042239318720327e-02
1.980000000000000000e+05 2.142339200000000221e-01 4.981796049050582487e-02
1.990000000000000000e+05 2.100571000000000521e-01 4.796474195360588694e-02
2.000000000000000000e+05 2.137217199999999762e-01 5.469261791365996606e-02
2.010000000000000000e+05 2.144422200000000167e-01 5.361178156649525767e-02
2.020000000000000000e+05 2.217168800000000051e-01 6.536297147576447530e-02
2.030000000000000000e+05 2.149761799999999889e-01 4.223221390556739646e-02
2.040000000000000000e+05 1.985203999999999858e-01 4.485627429990146631e-02
2.050000000000000000e+05 2.072218799999999972e-01 5.203056598405978589e-02
2.060000000000000000e+05 2.149114000000000302e-01 6.380028430826935326e-02
2.070000000000000000e+05 2.104702999999999713e-01 4.927574266671177344e-02
2.080000000000000000e+05 2.083342599999999933e-01 6.571083216744710853e-02
2.090000000000000000e+05 2.054587999999999970e-01 5.547505021603856695e-02
2.100000000000000000e+05 2.125276200000000004e-01 6.549649332015876346e-02
2.110000000000000000e+05 2.012926399999999949e-01 5.242652246218892226e-02
2.120000000000000000e+05 2.295706200000000030e-01 7.219870895481164674e-02
2.130000000000000000e+05 1.913613399999999909e-01 4.255625401778685701e-02
2.140000000000000000e+05 1.957375400000000154e-01 3.488593056082064936e-02
2.150000000000000000e+05 2.034178600000000059e-01 3.909681332203943094e-02
2.160000000000000000e+05 1.887659999999999894e-01 3.183560561515989124e-02
2.170000000000000000e+05 1.897848200000000207e-01 4.054587646991492100e-02
2.180000000000000000e+05 2.126579799999999687e-01 4.405509061247745578e-02
2.190000000000000000e+05 2.057445999999999997e-01 5.380498717174830858e-02
2.200000000000000000e+05 2.199830400000000186e-01 4.814336256717430956e-02
2.210000000000000000e+05 2.007982600000000062e-01 4.773305251511156949e-02
2.220000000000000000e+05 1.937437799999999766e-01 4.084031439949500908e-02
2.230000000000000000e+05 1.867835800000000046e-01 2.744790079211159237e-02
2.240000000000000000e+05 1.975713800000000187e-01 2.893832034347536969e-02
2.250000000000000000e+05 2.088287999999999811e-01 4.669399097172996504e-02
2.260000000000000000e+05 1.846173000000000120e-01 3.328475846377737524e-02
2.270000000000000000e+05 1.935843399999999936e-01 3.883087313932562235e-02
2.280000000000000000e+05 2.022548400000000191e-01 5.244509326282488504e-02
2.290000000000000000e+05 1.923345399999999983e-01 4.365065463873823298e-02
2.300000000000000000e+05 2.024883799999999956e-01 3.692995002452073572e-02
2.310000000000000000e+05 1.851296399999999842e-01 5.473487563843001946e-02
2.320000000000000000e+05 1.818611000000000255e-01 3.819309943767329463e-02
2.330000000000000000e+05 1.879962199999999917e-01 3.150548495544228111e-02
2.340000000000000000e+05 1.978778199999999821e-01 4.228887753608032846e-02
2.350000000000000000e+05 2.042318999999999940e-01 3.510499778384838093e-02
2.360000000000000000e+05 1.881397399999999998e-01 3.013938339771402714e-02
2.370000000000000000e+05 1.823550600000000133e-01 3.160239827352348541e-02
2.380000000000000000e+05 2.055524400000000029e-01 4.259169487360650597e-02
2.390000000000000000e+05 2.008271399999999873e-01 2.971582770374063542e-02
2.400000000000000000e+05 1.976148400000000138e-01 3.300375460565661140e-02
2.410000000000000000e+05 1.808767400000000358e-01 3.439679533477500717e-02
2.420000000000000000e+05 2.015137600000000140e-01 4.172918193056748826e-02
2.430000000000000000e+05 1.828467599999999693e-01 3.434443511135975430e-02
2.440000000000000000e+05 2.061415199999999948e-01 5.369164691485632523e-02
2.450000000000000000e+05 1.910476400000000186e-01 2.560304781377404498e-02
2.460000000000000000e+05 1.880970799999999721e-01 4.150987400040621195e-02
2.470000000000000000e+05 2.036794799999999961e-01 5.573545322336222879e-02
2.480000000000000000e+05 1.957696199999999775e-01 3.549223650030524507e-02
2.490000000000000000e+05 2.115129999999999788e-01 6.406914458042967109e-02
2.500000000000000000e+05 2.029500799999999772e-01 5.315085474682039457e-02
2.510000000000000000e+05 1.948127999999999804e-01 4.941313318829317069e-02
2.520000000000000000e+05 1.921628999999999976e-01 4.105222192481181726e-02
2.530000000000000000e+05 2.036331000000000113e-01 4.051630340843054290e-02
2.540000000000000000e+05 2.059186199999999689e-01 3.893726250256429600e-02
2.550000000000000000e+05 2.045766199999999591e-01 4.127247237301879396e-02
2.560000000000000000e+05 2.011662399999999962e-01 2.763137474586452313e-02
2.570000000000000000e+05 1.944114400000000187e-01 3.952756461896432538e-02
2.580000000000000000e+05 2.029692399999999952e-01 4.198864437257292942e-02
2.590000000000000000e+05 2.059934999999999961e-01 4.953554388210550108e-02
2.600000000000000000e+05 1.877046000000000270e-01 4.160228774118077122e-02
2.610000000000000000e+05 2.005937000000000414e-01 4.190305741408376083e-02
2.620000000000000000e+05 2.007048199999999782e-01 4.127888641193704078e-02
2.630000000000000000e+05 2.206002999999999992e-01 3.383285993320694213e-02
2.640000000000000000e+05 1.988674199999999892e-01 3.844166106522454301e-02
2.650000000000000000e+05 2.029374199999999795e-01 4.687679858579933689e-02
2.660000000000000000e+05 1.843717399999999784e-01 4.267470704024105971e-02
2.670000000000000000e+05 1.920001600000000030e-01 4.848180134527181606e-02
2.680000000000000000e+05 1.905819199999999880e-01 4.230713058251055897e-02
2.690000000000000000e+05 2.024147199999999924e-01 4.957236446797348012e-02
2.700000000000000000e+05 1.913963999999999943e-01 5.125032412670186416e-02
2.710000000000000000e+05 1.803439000000000014e-01 5.649329046929377901e-02
2.720000000000000000e+05 1.854380999999999946e-01 4.548937973844004168e-02
2.730000000000000000e+05 1.909986200000000078e-01 5.225156070937593544e-02
2.740000000000000000e+05 1.841554599999999930e-01 4.912695746836353433e-02
2.750000000000000000e+05 1.876179199999999936e-01 3.658655533774120977e-02
2.760000000000000000e+05 2.036950800000000006e-01 3.909882398770581774e-02
2.770000000000000000e+05 2.059514999999999818e-01 5.572821773611640050e-02
2.780000000000000000e+05 1.899781799999999965e-01 5.207817808773267804e-02
2.790000000000000000e+05 1.952011800000000019e-01 4.804012408428603997e-02
2.800000000000000000e+05 1.908023399999999870e-01 3.269105900435774481e-02
2.810000000000000000e+05 1.877522999999999831e-01 4.225779655353553016e-02
2.820000000000000000e+05 1.946439400000000153e-01 3.825387212519015118e-02
2.830000000000000000e+05 2.002851400000000004e-01 4.742151260441194310e-02
2.840000000000000000e+05 1.966458199999999990e-01 4.893930090009050715e-02
2.850000000000000000e+05 1.835367400000000315e-01 3.530702057487150602e-02
2.860000000000000000e+05 1.913853199999999977e-01 4.514564356659011429e-02
2.870000000000000000e+05 1.978744199999999953e-01 5.509400960269274922e-02
2.880000000000000000e+05 1.969227999999999812e-01 5.323112694531272754e-02
2.890000000000000000e+05 2.041609200000000235e-01 6.429121746883940947e-02
2.900000000000000000e+05 1.960094000000000281e-01 3.627180645487622368e-02
2.910000000000000000e+05 2.116283399999999981e-01 6.953860303835850132e-02
2.920000000000000000e+05 2.107556999999999903e-01 5.691392648229430529e-02
2.930000000000000000e+05 1.982078399999999962e-01 5.153288720503053366e-02
2.940000000000000000e+05 2.006623200000000051e-01 5.324880803516262445e-02
2.950000000000000000e+05 2.200970800000000005e-01 6.924430881796424242e-02
2.960000000000000000e+05 2.025965799999999706e-01 5.157195447156912721e-02
2.970000000000000000e+05 2.028806399999999732e-01 5.619150487828564883e-02
2.980000000000000000e+05 1.985737000000000196e-01 4.981968513561682577e-02
2.990000000000000000e+05 1.993698199999999754e-01 4.519445890785286218e-02
3.000000000000000000e+05 2.058658399999999666e-01 6.261925503969525963e-02
