# x average std
0.000000000000000000e+00 9.370000000000000074e-05 0.000000000000000000e+00
1.000000000000000000e+03 8.414246000000000225e-02 1.293344639105911340e-02
2.000000000000000000e+03 8.344221999999999750e-02 6.909974154047176208e-03
3.000000000000000000e+03 8.371091999999999422e-02 3.684487073338701176e-03
4.000000000000000000e+03 8.295321999999999418e-02 4.832502024583124403e-03
5.000000000000000000e+03 9.040577999999999115e-02 1.199105203581403954e-02
6.000000000000000000e+03 8.984249999999999181e-02 4.157497217317169050e-03
7.000000000000000000e+03 9.224731999999999377e-02 6.853947611530161570e-03
8.000000000000000000e+03 9.557134000000000462e-02 6.990002848239762652e-03
9.000000000000000000e+03 9.867408000000001123e-02 1.150065276989093409e-02
1.000000000000000000e+04 9.285631999999999220e-02 9.514797382057070194e-03
1.100000000000000000e+04 1.005221599999999993e-01 3.121385829787786618e-03
1.200000000000000000e+04 1.048808999999999853e-01 1.161428759984873063e-02
1.300000000000000000e+04 1.071303600000000078e-01 6.258972433107532277e-03
1.400000000000000000e+04 1.006437400000000093e-01 4.099361298348804146e-03
1.500000000000000000e+04 9.580447999999999742e-02 3.931202975375352494e-03
1.600000000000000000e+04 1.049781800000000043e-01 1.094246262454663492e-02
1.700000000000000000e+04 1.043853400000000209e-01 1.223487700985996518e-02
1.800000000000000000e+04 1.082949799999999990e-01 5.156984662920766765e-03
1.900000000000000000e+04 1.071040800000000043e-01 8.180327848540055319e-03
2.000000000000000000e+04 1.084265999999999980e-01 9.203543940895810710e-03
2.100000000000000000e+04 1.080509200000000086e-01 7.897595728422666245e-03
2.200000000000000000e+04 1.102792599999999901e-01 1.445208061873444992e-02
2.300000000000000000e+04 1.109255999999999992e-01 8.593654345620378721e-03
2.400000000000000000e+04 1.133471399999999851e-01 1.253270576908275223e-02
2.500000000000000000e+04 1.090171800000000052e-01 8.273931472377567611e-03
2.600000000000000000e+04 1.106133400000000044e-01 9.523668750140358574e-03
2.700000000000000000e+04 1.111444399999999832e-01 9.470622122880838906e-03
2.800000000000000000e+04 1.055699999999999833e-01 9.539902004108848088e-03
2.900000000000000000e+04 1.094051799999999908e-01 1.054363822471162011e-02
3.000000000000000000e+04 1.109940399999999883e-01 8.390559090692346553e-03
3.100000000000000000e+04 1.163534999999999986e-01 1.712821267850209855e-02
3.200000000000000000e+04 1.113352199999999986e-01 1.428281306905610989e-02
3.300000000000000000e+04 1.097071200000000052e-01 1.236493868620463718e-02
3.400000000000000000e+04 1.162032200000000098e-01 1.483793139860135890e-02
3.500000000000000000e+04 1.156460400000000055e-01 1.588411228247899043e-02
3.600000000000000000e+04 1.122111199999999975e-01 1.557336023899787841e-02
3.700000000000000000e+04 1.169714599999999993e-01 2.065689699897833506e-02
3.800000000000000000e+04 1.163482399999999917e-01 1.686099732846191648e-02
3.900000000000000000e+04 1.092206000000000010e-01 1.254468450810940217e-02
4.000000000000000000e+04 1.135555199999999931e-01 1.084856831925761107e-02
4.100000000000000000e+04 1.155996400000000035e-01 1.785460441651957192e-02
4.200000000000000000e+04 1.208374200000000009e-01 1.923411356807482042e-02
4.300000000000000000e+04 1.236542399999999847e-01 1.045737308287315696e-02
4.400000000000000000e+04 1.201363000000000153e-01 1.452973322852143395e-02
4.500000000000000000e+04 1.216280799999999995e-01 9.765017009386109045e-03
4.600000000000000000e+04 1.210982399999999820e-01 1.786961915795633529e-02
4.700000000000000000e+04 1.162506199999999990e-01 1.874314982593907816e-02
4.800000000000000000e+04 1.127863999999999950e-01 1.270118146882407567e-02
4.900000000000000000e+04 1.158644600000000163e-01 6.185437212550139174e-03
5.000000000000000000e+04 1.224552799999999858e-01 1.630569698006190463e-02
5.100000000000000000e+04 1.220876600000000006e-01 1.449095749418926639e-02
5.200000000000000000e+04 1.253534800000000171e-01 1.698087074591877674e-02
5.300000000000000000e+04 1.304371400000000070e-01 1.463150968131450395e-02
5.400000000000000000e+04 1.231216599999999939e-01 9.196715155445445850e-03
5.500000000000000000e+04 1.268933200000000039e-01 1.286203103625550501e-02
5.600000000000000000e+04 1.246808599999999767e-01 1.711046138975802142e-02
5.700000000000000000e+04 1.292338799999999954e-01 2.399855451800378750e-02
5.800000000000000000e+04 1.256038800000000011e-01 2.687250161934314624e-02
5.900000000000000000e+04 1.309405999999999903e-01 1.122024255762771316e-02
6.000000000000000000e+04 1.261964000000000141e-01 2.098518043734672739e-02
6.100000000000000000e+04 1.360990800000000112e-01 2.481491002001821183e-02
6.200000000000000000e+04 1.392181799999999969e-01 3.249657736706437067e-02
6.300000000000000000e+04 1.384888400000000019e-01 2.707008465465892202e-02
6.400000000000000000e+04 1.331995400000000052e-01 2.005205610071944533e-02
6.500000000000000000e+04 1.349185400000000035e-01 3.180750061615027213e-02
6.600000000000000000e+04 1.418355000000000032e-01 3.371922359456100415e-02
6.700000000000000000e+04 1.477151399999999948e-01 3.665663203043072194e-02
6.800000000000000000e+04 1.500137799999999855e-01 4.146753807504854200e-02
6.900000000000000000e+04 1.335502600000000317e-01 2.228828171255918186e-02
7.000000000000000000e+04 1.536221200000000009e-01 3.045322484955576003e-02
7.100000000000000000e+04 1.512137600000000026e-01 3.138392522324764955e-02
7.200000000000000000e+04 1.590619800000000195e-01 3.929402852787685502e-02
7.300000000000000000e+04 1.540429799999999960e-01 3.218786501018046364e-02
7.400000000000000000e+04 1.510216199999999953e-01 3.409820094241924199e-02
7.500000000000000000e+04 1.552552199999999716e-01 5.173065997744084182e-02
7.600000000000000000e+04 1.663048599999999710e-01 5.645638030255215739e-02
7.700000000000000000e+04 1.557588000000000028e-01 4.214927414705975373e-02
7.800000000000000000e+04 1.619879200000000075e-01 5.575588066460434450e-02
7.900000000000000000e+04 1.473649399999999998e-01 3.720972855819295461e-02
8.000000000000000000e+04 1.593504800000000166e-01 4.959284236731749396e-02
8.100000000000000000e+04 1.418868999999999825e-01 4.536002339285111207e-02
8.200000000000000000e+04 1.478944999999999843e-01 2.933960494233008726e-02
8.300000000000000000e+04 1.550438399999999883e-01 4.450678868009239758e-02
8.400000000000000000e+04 1.418115199999999965e-01 3.395786378083285456e-02
8.500000000000000000e+04 1.381174599999999975e-01 2.463700065889515289e-02
8.600000000000000000e+04 1.492401800000000001e-01 3.012344532535413469e-02
8.700000000000000000e+04 1.444526999999999894e-01 3.196745580073585141e-02
8.800000000000000000e+04 1.532773199999999947e-01 4.289692537743934608e-02
8.900000000000000000e+04 1.430575399999999830e-01 3.688470861869997536e-02
9.000000000000000000e+04 1.484219400000000022e-01 4.126765568299706893e-02
9.100000000000000000e+04 1.455635000000000123e-01 3.664217683042316626e-02
9.200000000000000000e+04 1.497021600000000008e-01 5.535430271408357111e-02
9.300000000000000000e+04 1.586161999999999850e-01 5.251735828066754486e-02
9.400000000000000000e+04 1.681305800000000017e-01 6.605847913942311522e-02
9.500000000000000000e+04 1.585646599999999684e-01 4.466073193075097147e-02
9.600000000000000000e+04 1.672866199999999970e-01 6.061842650143271088e-02
9.700000000000000000e+04 1.766916600000000004e-01 6.103939380664261116e-02
9.800000000000000000e+04 1.688309199999999954e-01 4.716004728277527897e-02
9.900000000000000000e+04 1.733829800000000199e-01 6.775286765093857522e-02
1.000000000000000000e+05 1.697127399999999731e-01 5.414947469228487131e-02
1.010000000000000000e+05 1.495248399999999922e-01 3.098503042635911142e-02
1.020000000000000000e+05 1.699372199999999722e-01 4.829186059167320938e-02
1.030000000000000000e+05 1.637918400000000219e-01 3.701178642533213548e-02
1.040000000000000000e+05 1.690227400000000046e-01 5.270178831882652015e-02
1.050000000000000000e+05 1.629699600000000248e-01 4.814861413534558127e-02
1.060000000000000000e+05 1.621386400000000005e-01 4.284828119706086957e-02
1.070000000000000000e+05 1.619743999999999906e-01 4.024462394372694402e-02
1.080000000000000000e+05 1.592067600000000027e-01 3.610826624702991733e-02
1.090000000000000000e+05 1.721172400000000047e-01 4.548602078210842864e-02
1.100000000000000000e+05 1.606867200000000051e-01 3.556690363393474191e-02
1.110000000000000000e+05 1.665177400000000252e-01 4.232677495702218129e-02
1.120000000000000000e+05 1.630182000000000020e-01 4.021587899111494363e-02
1.130000000000000000e+05 1.694807599999999803e-01 4.157119445686400377e-02
1.140000000000000000e+05 1.713002799999999992e-01 2.761304171766667398e-02
1.150000000000000000e+05 1.666591799999999901e-01 3.990697522280534787e-02
1.160000000000000000e+05 1.624276199999999948e-01 3.946744625016419816e-02
1.170000000000000000e+05 1.663660599999999823e-01 3.794058104075898052e-02
1.180000000000000000e+05 1.691423400000000021e-01 3.546637307228355657e-02
1.190000000000000000e+05 1.676001199999999913e-01 3.395718614334232444e-02
1.200000000000000000e+05 1.717173399999999961e-01 3.069398913393956221e-02
1.210000000000000000e+05 1.763158399999999737e-01 3.155618042961473579e-02
1.220000000000000000e+05 1.770270999999999928e-01 3.368343269211141605e-02
1.230000000000000000e+05 1.848226599999999720e-01 4.076161372215776624e-02
1.240000000000000000e+05 1.729729199999999745e-01 3.270941924090979558e-02
1.250000000000000000e+05 1.739213999999999760e-01 3.813142962218961374e-02
1.260000000000000000e+05 1.804394800000000132e-01 3.957683005403034998e-02
1.270000000000000000e+05 1.748761199999999960e-01 3.335268486754252443e-02
1.280000000000000000e+05 1.778262399999999688e-01 3.329633254811105447e-02
1.290000000000000000e+05 1.726999800000000029e-01 3.674522043190923265e-02
1.300000000000000000e+05 1.719192999999999971e-01 3.804196043986166065e-02
1.310000000000000000e+05 1.715456200000000098e-01 3.970736351325279689e-02
1.320000000000000000e+05 1.679209399999999630e-01 4.074619869821477502e-02
1.330000000000000000e+05 1.696663399999999988e-01 4.138850938869868823e-02
1.340000000000000000e+05 1.704168399999999584e-01 4.005746236693483175e-02
1.350000000000000000e+05 1.754810400000000048e-01 3.876511508795504879e-02
1.360000000000000000e+05 1.752302800000000160e-01 3.549067589936263922e-02
1.370000000000000000e+05 1.683536200000000094e-01 3.909233098772187109e-02
1.380000000000000000e+05 1.701580399999999826e-01 3.831417863755400693e-02
1.390000000000000000e+05 1.696655199999999586e-01 3.818394382598004622e-02
1.400000000000000000e+05 1.741586999999999719e-01 4.092507860718167662e-02
1.410000000000000000e+05 1.792014599999999791e-01 3.829527996161406767e-02
1.420000000000000000e+05 1.786247799999999830e-01 3.786992451027067913e-02
1.430000000000000000e+05 1.797380399999999878e-01 4.199666811334441807e-02
1.440000000000000000e+05 1.766951800000000072e-01 3.146053577378490201e-02
1.450000000000000000e+05 1.741920799999999714e-01 3.770524433027321043e-02
1.460000000000000000e+05 1.712079999999999991e-01 3.682142321154900644e-02
1.470000000000000000e+05 1.850074800000000019e-01 4.288173096139660107e-02
1.480000000000000000e+05 1.724181399999999698e-01 3.783638438723235103e-02
1.490000000000000000e+05 1.750768199999999664e-01 3.629555457360583715e-02
1.500000000000000000e+05 1.707077599999999584e-01 3.568814788181644965e-02
1.510000000000000000e+05 1.747982399999999936e-01 3.241878006178517541e-02
1.520000000000000000e+05 1.833207399999999820e-01 4.019477814684887379e-02
1.530000000000000000e+05 1.758577600000000019e-01 3.602783758643307577e-02
1.540000000000000000e+05 1.667920599999999642e-01 3.907432442904675007e-02
1.550000000000000000e+05 1.691830999999999752e-01 3.867425886095297860e-02
1.560000000000000000e+05 1.700766200000000117e-01 3.674953282203189536e-02
1.570000000000000000e+05 1.692525199999999619e-01 3.823312103825163288e-02
1.580000000000000000e+05 1.770403199999999733e-01 3.230890420094126303e-02
1.590000000000000000e+05 1.744582600000000039e-01 3.677737570738836420e-02
1.600000000000000000e+05 1.788426399999999972e-01 3.251085611820149490e-02
1.610000000000000000e+05 1.835639799999999877e-01 3.500097120089098318e-02
1.620000000000000000e+05 1.693040999999999852e-01 3.620231565096354576e-02
1.630000000000000000e+05 1.781366199999999678e-01 3.123480514973000013e-02
1.640000000000000000e+05 1.724771799999999800e-01 3.893425633703050809e-02
1.650000000000000000e+05 1.758070199999999805e-01 3.650426211495857304e-02
1.660000000000000000e+05 1.766159799999999780e-01 4.041179669143157155e-02
1.670000000000000000e+05 1.751092799999999783e-01 3.945989441214459159e-02
1.680000000000000000e+05 1.773495799999999789e-01 3.634021878753070783e-02
1.690000000000000000e+05 1.760971400000000131e-01 3.222787270612814670e-02
1.700000000000000000e+05 1.755158399999999785e-01 3.171718149398523867e-02
1.710000000000000000e+05 1.722340199999999877e-01 3.443787923327451539e-02
1.720000000000000000e+05 1.788045600000000013e-01 3.353934366499140840e-02
1.730000000000000000e+05 1.811653599999999975e-01 3.270165627864130009e-02
1.740000000000000000e+05 1.755799599999999794e-01 3.168246362766632962e-02
1.750000000000000000e+05 1.741517799999999783e-01 3.238153333512172605e-02
1.760000000000000000e+05 1.795162600000000108e-01 2.980841459619078260e-02
1.770000000000000000e+05 1.738088999999999884e-01 3.346356562932287920e-02
1.780000000000000000e+05 1.776865599999999934e-01 3.527003755652097228e-02
1.790000000000000000e+05 1.812986199999999937e-01 2.689473071361005510e-02
1.800000000000000000e+05 1.868431200000000014e-01 2.450851469921423026e-02
1.810000000000000000e+05 1.850807999999999898e-01 2.546449448396728016e-02
1.820000000000000000e+05 1.777373999999999898e-01 3.596863028156618847e-02
1.830000000000000000e+05 1.755673600000000056e-01 3.585924308077904216e-02
1.840000000000000000e+05 1.778500599999999765e-01 3.743095356811525221e-02
1.850000000000000000e+05 1.848834199999999928e-01 3.323572465329437814e-02
1.860000000000000000e+05 1.904123600000000027e-01 2.356224079501777896e-02
1.870000000000000000e+05 1.836268599999999751e-01 2.678056641392037585e-02
1.880000000000000000e+05 1.875846399999999692e-01 2.465453610884617633e-02
1.890000000000000000e+05 1.787682599999999844e-01 2.982407719280514083e-02
1.900000000000000000e+05 1.881981799999999927e-01 2.775280465375706829e-02
1.910000000000000000e+05 1.914142599999999750e-01 2.521910577166446704e-02
1.920000000000000000e+05 1.836746599999999896e-01 3.019027316024815166e-02
1.930000000000000000e+05 1.854408599999999852e-01 3.055718906055333167e-02
1.940000000000000000e+05 1.828969000000000011e-01 2.643744209661744171e-02
1.950000000000000000e+05 1.785670599999999719e-01 2.798076954700138078e-02
1.960000000000000000e+05 1.813376000000000154e-01 2.622212447930182336e-02
1.970000000000000000e+05 1.811287799999999892e-01 2.720638453623707570e-02
1.980000000000000000e+05 1.770337200000000055e-01 2.980917088443755733e-02
1.990000000000000000e+05 1.770095399999999930e-01 2.925221744009161642e-02
2.000000000000000000e+05 1.774815599999999827e-01 3.362121939083113908e-02
2.010000000000000000e+05 1.737971399999999889e-01 3.263091495625582844e-02
2.020000000000000000e+05 1.726331200000000010e-01 3.291022001326639884e-02
2.030000000000000000e+05 1.734618399999999783e-01 3.251054974278964199e-02
2.040000000000000000e+05 1.829342599999999597e-01 2.541557510587552637e-02
2.050000000000000000e+05 1.830586800000000014e-01 2.578994608830347673e-02
2.060000000000000000e+05 1.879632799999999826e-01 2.357608655213159002e-02
2.070000000000000000e+05 1.859128399999999681e-01 2.483401800882007598e-02
2.080000000000000000e+05 1.845602199999999971e-01 2.475195790699394327e-02
2.090000000000000000e+05 1.826195599999999863e-01 2.584841698917749939e-02
2.100000000000000000e+05 1.814584600000000159e-01 2.675121433494935530e-02
2.110000000000000000e+05 1.832750999999999686e-01 2.694718565794951282e-02
2.120000000000000000e+05 1.930951399999999984e-01 2.338413731901179196e-02
2.130000000000000000e+05 1.922518200000000177e-01 2.362552444551443281e-02
2.140000000000000000e+05 1.886627199999999782e-01 2.338060669951915610e-02
2.150000000000000000e+05 1.868358399999999753e-01 2.719902151156177242e-02
2.160000000000000000e+05 1.899711199999999933e-01 2.367833462035706660e-02
2.170000000000000000e+05 1.943179599999999840e-01 2.450892462664161844e-02
2.180000000000000000e+05 1.993057199999999640e-01 3.040350796815393872e-02
2.190000000000000000e+05 1.903449200000000008e-01 2.332130069069047323e-02
2.200000000000000000e+05 1.971336799999999778e-01 3.233391490119314621e-02
2.210000000000000000e+05 1.866077399999999664e-01 2.454109553191136800e-02
2.220000000000000000e+05 1.909788999999999792e-01 2.338299523251886544e-02
2.230000000000000000e+05 1.915309599999999723e-01 2.629159550765985606e-02
2.240000000000000000e+05 1.928763199999999900e-01 2.498080948675602750e-02
2.250000000000000000e+05 1.872118799999999694e-01 2.527923028459529500e-02
2.260000000000000000e+05 1.936797999999999853e-01 2.330379981908529963e-02
2.270000000000000000e+05 1.829083999999999710e-01 2.539994783640312989e-02
2.280000000000000000e+05 1.906546599999999758e-01 2.394959164049358102e-02
2.290000000000000000e+05 1.878002199999999899e-01 2.354663970110384974e-02
2.300000000000000000e+05 1.865433599999999914e-01 2.414992913385875448e-02
2.310000000000000000e+05 1.919232599999999844e-01 2.449506004896497349e-02
2.320000000000000000e+05 1.858684599999999854e-01 2.692189414172784304e-02
2.330000000000000000e+05 1.885592999999999853e-01 2.481883530635553212e-02
2.340000000000000000e+05 2.070747799999999861e-01 5.105721210796373977e-02
2.350000000000000000e+05 1.957009599999999794e-01 2.512108633619175233e-02
2.360000000000000000e+05 1.895943400000000001e-01 2.345993227923729579e-02
2.370000000000000000e+05 1.859406999999999865e-01 2.415831817962500391e-02
2.380000000000000000e+05 1.895048199999999905e-01 2.323980399292558882e-02
2.390000000000000000e+05 1.921261199999999836e-01 2.421046481911489495e-02
2.400000000000000000e+05 1.814638799999999663e-01 2.625085717224487011e-02
2.410000000000000000e+05 1.828651399999999816e-01 2.540219238716217437e-02
2.420000000000000000e+05 1.854186600000000129e-01 2.741516525039380467e-02
2.430000000000000000e+05 1.818086399999999658e-01 2.736628948532117064e-02
2.440000000000000000e+05 1.827421399999999696e-01 2.691148650005049589e-02
2.450000000000000000e+05 1.854879199999999728e-01 2.684703168854240055e-02
2.460000000000000000e+05 1.819994600000000018e-01 2.660991241042329897e-02
2.470000000000000000e+05 1.857858000000000009e-01 2.452312792145406456e-02
2.480000000000000000e+05 1.831760199999999950e-01 2.526909743155857091e-02
2.490000000000000000e+05 1.818202000000000151e-01 2.596382308659492960e-02
2.500000000000000000e+05 1.899797599999999975e-01 2.588770779505980210e-02
2.510000000000000000e+05 1.804685799999999896e-01 2.685878586707894991e-02
2.520000000000000000e+05 1.882485199999999748e-01 3.159997491545839948e-02
2.530000000000000000e+05 1.850042599999999759e-01 2.486757783947604605e-02
2.540000000000000000e+05 1.843496799999999880e-01 2.483231081292274628e-02
2.550000000000000000e+05 1.862556599999999896e-01 2.505698731823919473e-02
2.560000000000000000e+05 1.792320799999999881e-01 2.754699087286304610e-02
2.570000000000000000e+05 1.829194599999999782e-01 2.598518017506132316e-02
2.580000000000000000e+05 1.805772599999999894e-01 2.715920186902405845e-02
2.590000000000000000e+05 1.797163399999999744e-01 2.829526308091868600e-02
2.600000000000000000e+05 1.861510999999999860e-01 2.440553182546940578e-02
2.610000000000000000e+05 1.815866999999999620e-01 2.618346978664210303e-02
2.620000000000000000e+05 1.854447999999999930e-01 2.430331863980719764e-02
2.630000000000000000e+05 1.848369799999999841e-01 2.523812910715847457e-02
2.640000000000000000e+05 1.881821799999999767e-01 2.417277316382214492e-02
2.650000000000000000e+05 1.894749400000000084e-01 2.588926842957135419e-02
2.660000000000000000e+05 1.798235599999999657e-01 2.785359278309352746e-02
2.670000000000000000e+05 1.855682000000000165e-01 2.474964065379535796e-02
2.680000000000000000e+05 1.872255999999999920e-01 2.370449700018964490e-02
2.690000000000000000e+05 1.936272800000000127e-01 2.347130615184421509e-02
2.700000000000000000e+05 1.861987999999999976e-01 2.419072982371552744e-02
2.710000000000000000e+05 1.802961199999999764e-01 2.711988612611785851e-02
2.720000000000000000e+05 1.850290599999999952e-01 2.522113968484374427e-02
2.730000000000000000e+05 1.952967999999999926e-01 2.360240800655730165e-02
2.740000000000000000e+05 1.905444799999999883e-01 2.368509951597417423e-02
2.750000000000000000e+05 1.817574799999999713e-01 2.626792745478028629e-02
2.760000000000000000e+05 1.928103800000000034e-01 2.382887903695010343e-02
2.770000000000000000e+05 1.856344400000000117e-01 2.618576887697589978e-02
2.780000000000000000e+05 1.852130800000000022e-01 3.126275637709508698e-02
2.790000000000000000e+05 1.961741199999999796e-01 2.395011565946185764e-02
2.800000000000000000e+05 1.822237799999999741e-01 2.674636905790391331e-02
2.810000000000000000e+05 1.847757200000000044e-01 2.945960048150008184e-02
2.820000000000000000e+05 1.859178799999999798e-01 2.409921683344917048e-02
2.830000000000000000e+05 1.875053199999999753e-01 3.099203831705168999e-02
2.840000000000000000e+05 1.769418199999999719e-01 2.938220875205947019e-02
2.850000000000000000e+05 1.850135999999999725e-01 2.617948495658384972e-02
2.860000000000000000e+05 1.839613199999999837e-01 2.489147631751881251e-02
2.870000000000000000e+05 1.812477600000000078e-01 2.634322672024821954e-02
2.880000000000000000e+05 1.885941799999999724e-01 2.414453113294188699e-02
2.890000000000000000e+05 1.861686999999999648e-01 2.532271588206920498e-02
2.900000000000000000e+05 1.807584799999999714e-01 2.670992152630928193e-02
2.910000000000000000e+05 1.852801399999999821e-01 2.648606476157603848e-02
2.920000000000000000e+05 1.832592999999999861e-01 2.751010365236743194e-02
2.930000000000000000e+05 1.857473799999999897e-01 2.543850152421718233e-02
2.940000000000000000e+05 1.951902199999999976e-01 2.671791370817714131e-02
2.950000000000000000e+05 1.779435199999999662e-01 2.899808375147571241e-02
2.960000000000000000e+05 1.827530999999999739e-01 2.594607273195695049e-02
2.970000000000000000e+05 1.858427800000000130e-01 2.580238619007164599e-02
2.980000000000000000e+05 1.867313800000000024e-01 2.558100817132897761e-02
2.990000000000000000e+05 1.892871799999999716e-01 2.453136465502072511e-02
3.000000000000000000e+05 1.985113799999999873e-01 3.238255363194200015e-02
