# x average std
0.000000000000000000e+00 2.979999999999999929e-05 0.000000000000000000e+00
1.000000000000000000e+03 8.752052000000001830e-02 1.280836573359770900e-02
2.000000000000000000e+03 8.197030000000000982e-02 7.045552167147725413e-03
3.000000000000000000e+03 9.285155999999999965e-02 3.194328241493036256e-03
4.000000000000000000e+03 1.261218199999999956e-01 4.945292510003427428e-02
5.000000000000000000e+03 1.153009399999999907e-01 4.251181137042268909e-02
6.000000000000000000e+03 1.164377800000000046e-01 3.371263780527415654e-02
7.000000000000000000e+03 1.280503800000000192e-01 5.103145149557868770e-02
8.000000000000000000e+03 1.180363200000000001e-01 2.709000733985873419e-02
9.000000000000000000e+03 1.268530200000000108e-01 3.763348391735211323e-02
1.000000000000000000e+04 1.186733800000000089e-01 2.745358576779361598e-02
1.100000000000000000e+04 1.200809800000000038e-01 3.420708656552907956e-02
1.200000000000000000e+04 1.295345600000000208e-01 4.888547025988805583e-02
1.300000000000000000e+04 1.367879200000000073e-01 3.987742975846863408e-02
1.400000000000000000e+04 1.264678800000000047e-01 2.478856170522202376e-02
1.500000000000000000e+04 1.179972600000000205e-01 3.665674308749210936e-02
1.600000000000000000e+04 1.243293600000000138e-01 2.495869364190362108e-02
1.700000000000000000e+04 1.240031600000000012e-01 4.455361610318964161e-02
1.800000000000000000e+04 1.216551600000000122e-01 1.962272294464761577e-02
1.900000000000000000e+04 1.269541799999999998e-01 2.165257401210304161e-02
2.000000000000000000e+04 1.292313400000000001e-01 2.375767091502026945e-02
2.100000000000000000e+04 1.172437200000000096e-01 1.932752633788400315e-02
2.200000000000000000e+04 1.258939400000000097e-01 1.921266618089222805e-02
2.300000000000000000e+04 1.338149000000000144e-01 2.390274212746312105e-02
2.400000000000000000e+04 1.208744800000000064e-01 2.599982303727470245e-02
2.500000000000000000e+04 1.142363400000000057e-01 9.212934083037822158e-03
2.600000000000000000e+04 1.208055999999999991e-01 1.852389948612332901e-02
2.700000000000000000e+04 1.178107199999999938e-01 1.002548083104246729e-02
2.800000000000000000e+04 1.243813399999999791e-01 1.307959597305665550e-02
2.900000000000000000e+04 1.245049199999999912e-01 1.062951052634127265e-02
3.000000000000000000e+04 1.203811800000000043e-01 1.000369783558060187e-02
3.100000000000000000e+04 1.235614600000000118e-01 6.308788111388747254e-03
3.200000000000000000e+04 1.231115799999999982e-01 1.391393145841964864e-02
3.300000000000000000e+04 1.188767800000000152e-01 1.418117638398169386e-02
3.400000000000000000e+04 1.178142000000000078e-01 1.025152552686672131e-02
3.500000000000000000e+04 1.217119400000000046e-01 1.749136046436640390e-02
3.600000000000000000e+04 1.213456599999999941e-01 4.797331055743390971e-03
3.700000000000000000e+04 1.308054200000000056e-01 1.616207651527488617e-02
3.800000000000000000e+04 1.143815800000000105e-01 9.372214792331638039e-03
3.900000000000000000e+04 1.173812399999999839e-01 6.791302366586253469e-03
4.000000000000000000e+04 1.200383200000000039e-01 4.988814627704661088e-03
4.100000000000000000e+04 1.208281999999999828e-01 1.115646985188415222e-02
4.200000000000000000e+04 1.198131000000000057e-01 1.361467908061001625e-02
4.300000000000000000e+04 1.377837799999999946e-01 2.140815180583321292e-02
4.400000000000000000e+04 1.278982799999999753e-01 1.202006862699210935e-02
4.500000000000000000e+04 1.273832599999999982e-01 1.557993643203976937e-02
4.600000000000000000e+04 1.222184600000000010e-01 5.530943303488118287e-03
4.700000000000000000e+04 1.224902600000000036e-01 1.382462835501916884e-02
4.800000000000000000e+04 1.267549400000000104e-01 8.257147380930050795e-03
4.900000000000000000e+04 1.268017599999999856e-01 1.356342040085759502e-02
5.000000000000000000e+04 1.274027600000000038e-01 1.216080062407076667e-02
5.100000000000000000e+04 1.357766999999999724e-01 2.134516390445385936e-02
5.200000000000000000e+04 1.412482000000000182e-01 2.457887556915491073e-02
5.300000000000000000e+04 1.347824400000000034e-01 1.768716908548114905e-02
5.400000000000000000e+04 1.457748799999999956e-01 2.559187505833834808e-02
5.500000000000000000e+04 1.491428600000000160e-01 3.882738572382127273e-02
5.600000000000000000e+04 1.447431599999999818e-01 4.301462406338570077e-02
5.700000000000000000e+04 1.522372399999999959e-01 5.538773303519833185e-02
5.800000000000000000e+04 1.321457399999999838e-01 1.472385079639154312e-02
5.900000000000000000e+04 1.455113799999999957e-01 2.840937643816913993e-02
6.000000000000000000e+04 1.407655200000000051e-01 2.937821204058544897e-02
6.100000000000000000e+04 1.148687599999999864e-01 5.783084367221351385e-03
6.200000000000000000e+04 1.393975600000000037e-01 1.934278267898391704e-02
6.300000000000000000e+04 1.335108999999999879e-01 2.053954457508734566e-02
6.400000000000000000e+04 1.435169000000000028e-01 2.531807705865514110e-02
6.500000000000000000e+04 1.465756400000000070e-01 4.168420436830239800e-02
6.600000000000000000e+04 1.450563599999999953e-01 4.299701808235542599e-02
6.700000000000000000e+04 1.573871400000000087e-01 5.499573768082760550e-02
6.800000000000000000e+04 1.448494999999999922e-01 3.224623932727659070e-02
6.900000000000000000e+04 1.400519600000000031e-01 3.313799170985471526e-02
7.000000000000000000e+04 1.392702400000000174e-01 2.477707979472964367e-02
7.100000000000000000e+04 1.411854800000000021e-01 3.310397898702813202e-02
7.200000000000000000e+04 1.470962600000000065e-01 4.654558764706274998e-02
7.300000000000000000e+04 1.392062199999999916e-01 2.957515698138556831e-02
7.400000000000000000e+04 1.419025600000000109e-01 1.916933529578947540e-02
7.500000000000000000e+04 1.379723999999999673e-01 3.406336180731431990e-02
7.600000000000000000e+04 1.367395199999999755e-01 2.510894350731627395e-02
7.700000000000000000e+04 1.405953200000000236e-01 2.688321512181160444e-02
7.800000000000000000e+04 1.586449400000000121e-01 4.495763140191440244e-02
7.900000000000000000e+04 1.540335800000000033e-01 3.295654856828305473e-02
8.000000000000000000e+04 1.546085199999999993e-01 3.741214303385466400e-02
8.100000000000000000e+04 1.402346200000000043e-01 3.177537576900704014e-02
8.200000000000000000e+04 1.526764599999999861e-01 3.740009813476964651e-02
8.300000000000000000e+04 1.440142600000000050e-01 2.836871956184135180e-02
8.400000000000000000e+04 1.497309000000000001e-01 3.778160096464944218e-02
8.500000000000000000e+04 1.421834799999999732e-01 2.795557975577684165e-02
8.600000000000000000e+04 1.594575400000000087e-01 4.173034211106350228e-02
8.700000000000000000e+04 1.540080199999999955e-01 2.329479051568397394e-02
8.800000000000000000e+04 1.513114799999999982e-01 4.000971229831076781e-02
8.900000000000000000e+04 1.359682200000000007e-01 1.952809696753885285e-02
9.000000000000000000e+04 1.485519000000000145e-01 3.348053177588432294e-02
9.100000000000000000e+04 1.422374999999999889e-01 2.430540164621847882e-02
9.200000000000000000e+04 1.718879199999999996e-01 5.080288539173341555e-02
9.300000000000000000e+04 1.764807599999999865e-01 5.980602278338193606e-02
9.400000000000000000e+04 1.780115000000000169e-01 5.349325092188732950e-02
9.500000000000000000e+04 1.683513799999999949e-01 3.911628453973613195e-02
9.600000000000000000e+04 1.574963000000000057e-01 4.480644799030603781e-02
9.700000000000000000e+04 1.575244999999999840e-01 4.379918990908394233e-02
9.800000000000000000e+04 1.648671399999999954e-01 4.078449679653286392e-02
9.900000000000000000e+04 1.629358200000000090e-01 4.248026473045572737e-02
1.000000000000000000e+05 1.538762400000000252e-01 3.908437355386933099e-02
1.010000000000000000e+05 1.518996400000000024e-01 3.928688386989225012e-02
1.020000000000000000e+05 1.539147599999999838e-01 4.222784232970469565e-02
1.030000000000000000e+05 1.622476199999999813e-01 5.037747244955427528e-02
1.040000000000000000e+05 1.488233800000000051e-01 2.594729869596448454e-02
1.050000000000000000e+05 1.465332199999999918e-01 2.650883572919791181e-02
1.060000000000000000e+05 1.461513200000000012e-01 2.641082032519247516e-02
1.070000000000000000e+05 1.384618599999999922e-01 1.369066993256356363e-02
1.080000000000000000e+05 1.501113000000000031e-01 3.674615178143147975e-02
1.090000000000000000e+05 1.348868000000000011e-01 1.888464760433722703e-02
1.100000000000000000e+05 1.471703200000000211e-01 3.832522687527889493e-02
1.110000000000000000e+05 1.497869199999999901e-01 2.349436972514052854e-02
1.120000000000000000e+05 1.482959399999999872e-01 2.614616486160828424e-02
1.130000000000000000e+05 1.457328200000000129e-01 3.160475839473542853e-02
1.140000000000000000e+05 1.445008799999999982e-01 4.290596606698886956e-02
1.150000000000000000e+05 1.487189600000000111e-01 2.049234342671428163e-02
1.160000000000000000e+05 1.456902200000000092e-01 2.913216170814654851e-02
1.170000000000000000e+05 1.529053400000000007e-01 4.439634460365402685e-02
1.180000000000000000e+05 1.447180200000000028e-01 3.056826599553203253e-02
1.190000000000000000e+05 1.490511399999999986e-01 2.583778850401867791e-02
1.200000000000000000e+05 1.354498600000000053e-01 1.606409159817013058e-02
1.210000000000000000e+05 1.356849599999999934e-01 2.037819726419390701e-02
1.220000000000000000e+05 1.354456200000000166e-01 2.509089886659304422e-02
1.230000000000000000e+05 1.400070800000000060e-01 1.253970148949328303e-02
1.240000000000000000e+05 1.295111999999999930e-01 1.210236180999394763e-02
1.250000000000000000e+05 1.313655599999999923e-01 1.662414607197615357e-02
1.260000000000000000e+05 1.364698799999999879e-01 1.418779287745630148e-02
1.270000000000000000e+05 1.248182799999999898e-01 1.416278463062967292e-02
1.280000000000000000e+05 1.292291799999999991e-01 1.934838194944476716e-02
1.290000000000000000e+05 1.334727400000000064e-01 1.428077747219667556e-02
1.300000000000000000e+05 1.312791400000000164e-01 1.746259367283107405e-02
1.310000000000000000e+05 1.329144600000000120e-01 1.467693914841919703e-02
1.320000000000000000e+05 1.244433000000000067e-01 9.498856373058809505e-03
1.330000000000000000e+05 1.287184200000000001e-01 1.876962361257145800e-02
1.340000000000000000e+05 1.353159800000000024e-01 1.527829581404942239e-02
1.350000000000000000e+05 1.311272200000000165e-01 1.442050486125918962e-02
1.360000000000000000e+05 1.386225000000000096e-01 2.085104880278208089e-02
1.370000000000000000e+05 1.492674199999999840e-01 2.106109667414306219e-02
1.380000000000000000e+05 1.421565000000000190e-01 2.523290059933657251e-02
1.390000000000000000e+05 1.368191599999999952e-01 1.895328189666370053e-02
1.400000000000000000e+05 1.429565399999999931e-01 2.143060497490446858e-02
1.410000000000000000e+05 1.424136199999999908e-01 2.289994709910047471e-02
1.420000000000000000e+05 1.391142400000000001e-01 1.535082928972894036e-02
1.430000000000000000e+05 1.370400200000000124e-01 1.698335543435395764e-02
1.440000000000000000e+05 1.457314600000000071e-01 2.168644122539242422e-02
1.450000000000000000e+05 1.389549600000000162e-01 2.207524359300255118e-02
1.460000000000000000e+05 1.416857600000000217e-01 1.014852010425165187e-02
1.470000000000000000e+05 1.409075599999999873e-01 1.790288890236433131e-02
1.480000000000000000e+05 1.433473600000000070e-01 1.955992514633939083e-02
1.490000000000000000e+05 1.388347799999999910e-01 1.076764502821299374e-02
1.500000000000000000e+05 1.473165800000000025e-01 1.724134157325351788e-02
1.510000000000000000e+05 1.473208199999999912e-01 1.793372974519244142e-02
1.520000000000000000e+05 1.345100399999999974e-01 1.813380307245007761e-02
1.530000000000000000e+05 1.584038799999999969e-01 3.838345246370628017e-02
1.540000000000000000e+05 1.458096600000000076e-01 2.229422861698515668e-02
1.550000000000000000e+05 1.547824800000000001e-01 2.717985453069239610e-02
1.560000000000000000e+05 1.527048400000000083e-01 2.841567335099416322e-02
1.570000000000000000e+05 1.499142599999999936e-01 2.321074926602757771e-02
1.580000000000000000e+05 1.651680400000000160e-01 3.225621673380807408e-02
1.590000000000000000e+05 1.594878599999999813e-01 3.227274678248506778e-02
1.600000000000000000e+05 1.534614400000000045e-01 2.197618033622767558e-02
1.610000000000000000e+05 1.643870199999999948e-01 3.774594240076143553e-02
1.620000000000000000e+05 1.705143399999999865e-01 4.514278129156864411e-02
1.630000000000000000e+05 1.733652600000000210e-01 4.917355832878479022e-02
1.640000000000000000e+05 1.818181199999999720e-01 5.731172105042388332e-02
1.650000000000000000e+05 1.694711999999999885e-01 4.198517759552768125e-02
1.660000000000000000e+05 1.797213999999999756e-01 4.848237620034728107e-02
1.670000000000000000e+05 1.979006200000000271e-01 7.567252145241099015e-02
1.680000000000000000e+05 1.956220200000000076e-01 8.907811871146359417e-02
1.690000000000000000e+05 1.903642999999999863e-01 7.904417301266425389e-02
1.700000000000000000e+05 1.903547999999999907e-01 7.105700166719673694e-02
1.710000000000000000e+05 1.848500799999999999e-01 7.383752985555246118e-02
1.720000000000000000e+05 1.931141999999999859e-01 7.023746084359826225e-02
1.730000000000000000e+05 1.877636799999999884e-01 6.586430169223385367e-02
1.740000000000000000e+05 2.015494600000000136e-01 8.251383825995733945e-02
1.750000000000000000e+05 2.027849199999999796e-01 6.616788304772640295e-02
1.760000000000000000e+05 1.899902000000000257e-01 6.538721223710337871e-02
1.770000000000000000e+05 2.010850399999999927e-01 6.256635286553308140e-02
1.780000000000000000e+05 1.870422399999999985e-01 4.875722614909917818e-02
1.790000000000000000e+05 1.808789199999999986e-01 4.633644941828841263e-02
1.800000000000000000e+05 1.803976799999999769e-01 4.647883059675231993e-02
1.810000000000000000e+05 1.828410799999999892e-01 3.702518729397057812e-02
1.820000000000000000e+05 1.671056599999999892e-01 3.384223926536777255e-02
1.830000000000000000e+05 1.803349200000000097e-01 5.380073691563712346e-02
1.840000000000000000e+05 1.833494800000000091e-01 4.899545225860865022e-02
1.850000000000000000e+05 1.705943000000000043e-01 4.472554838107633407e-02
1.860000000000000000e+05 1.657930200000000132e-01 3.822667379390468773e-02
1.870000000000000000e+05 1.824341200000000052e-01 4.385661635832841659e-02
1.880000000000000000e+05 1.842282599999999770e-01 6.830319258578181063e-02
1.890000000000000000e+05 1.926882600000000001e-01 4.980652064071933172e-02
1.900000000000000000e+05 1.891221999999999903e-01 4.459269701899627736e-02
1.910000000000000000e+05 1.870605000000000184e-01 3.807380443801223341e-02
1.920000000000000000e+05 1.803952400000000122e-01 3.786214270506095547e-02
1.930000000000000000e+05 1.867182599999999970e-01 5.024194306834081636e-02
1.940000000000000000e+05 1.961016200000000043e-01 4.702200454763279941e-02
1.950000000000000000e+05 1.870325200000000077e-01 4.672213894082332536e-02
1.960000000000000000e+05 1.909138200000000118e-01 4.293800596317439572e-02
1.970000000000000000e+05 2.049491000000000229e-01 5.434608815570813461e-02
1.980000000000000000e+05 1.952906799999999943e-01 5.071899958557542221e-02
1.990000000000000000e+05 1.912348199999999998e-01 4.615767344186229304e-02
2.000000000000000000e+05 1.803234599999999910e-01 3.488538092614726360e-02
2.010000000000000000e+05 1.816300000000000137e-01 5.335102463968241504e-02
2.020000000000000000e+05 1.864546800000000115e-01 4.345855146538596392e-02
2.030000000000000000e+05 1.900948400000000149e-01 5.368734395701094120e-02
2.040000000000000000e+05 1.977056800000000225e-01 5.209645026734163742e-02
2.050000000000000000e+05 1.829033800000000043e-01 3.174889832730578426e-02
2.060000000000000000e+05 1.812402400000000247e-01 3.144541718779383932e-02
2.070000000000000000e+05 1.916978000000000015e-01 5.559205139337818069e-02
2.080000000000000000e+05 1.800328399999999995e-01 3.376512940514815597e-02
2.090000000000000000e+05 1.900482400000000072e-01 4.300935931959926073e-02
2.100000000000000000e+05 1.836013200000000123e-01 3.845773776848555175e-02
2.110000000000000000e+05 1.847061400000000186e-01 5.397885096222778539e-02
2.120000000000000000e+05 1.964180600000000054e-01 5.832488177330837770e-02
2.130000000000000000e+05 2.088848600000000055e-01 7.634575349627770180e-02
2.140000000000000000e+05 2.035864199999999902e-01 4.816128901308185800e-02
2.150000000000000000e+05 2.053501599999999760e-01 4.957707070376789898e-02
2.160000000000000000e+05 1.871433399999999914e-01 3.197659993473978002e-02
2.170000000000000000e+05 1.751745000000000108e-01 3.467617058915242745e-02
2.180000000000000000e+05 1.797305000000000152e-01 3.612756494672730856e-02
2.190000000000000000e+05 1.770578600000000113e-01 2.935981506246931536e-02
2.200000000000000000e+05 1.919173799999999985e-01 4.119662266644682352e-02
2.210000000000000000e+05 2.010673600000000005e-01 5.997356026692429731e-02
2.220000000000000000e+05 1.886128600000000211e-01 4.477297461324632882e-02
2.230000000000000000e+05 1.912464199999999725e-01 5.883411125649472273e-02
2.240000000000000000e+05 1.960654199999999903e-01 4.897958165351763010e-02
2.250000000000000000e+05 1.837350799999999951e-01 4.830173723560675370e-02
2.260000000000000000e+05 1.758761400000000141e-01 3.164499547926023088e-02
2.270000000000000000e+05 1.885785400000000167e-01 4.377237498941998622e-02
2.280000000000000000e+05 1.841184399999999666e-01 4.909391997987531259e-02
2.290000000000000000e+05 1.904056000000000082e-01 3.621563714502341880e-02
2.300000000000000000e+05 2.004190399999999650e-01 5.562968797451950387e-02
2.310000000000000000e+05 1.936600599999999672e-01 3.646951920179918732e-02
2.320000000000000000e+05 1.971759200000000045e-01 5.993020142316893284e-02
2.330000000000000000e+05 2.018137999999999876e-01 5.752806413346446546e-02
2.340000000000000000e+05 1.833615799999999962e-01 4.306945186641687046e-02
2.350000000000000000e+05 1.931729200000000257e-01 4.759664876734075178e-02
2.360000000000000000e+05 1.874432800000000177e-01 5.755449551732339658e-02
2.370000000000000000e+05 1.950292399999999648e-01 3.766661777906797626e-02
2.380000000000000000e+05 2.024997599999999731e-01 4.892961630912713578e-02
2.390000000000000000e+05 1.902303200000000083e-01 5.062959787197208322e-02
2.400000000000000000e+05 1.906401599999999752e-01 5.565948352809609034e-02
2.410000000000000000e+05 2.000562200000000068e-01 5.821270975934380448e-02
2.420000000000000000e+05 1.961460199999999765e-01 5.681165739868534320e-02
2.430000000000000000e+05 2.045236200000000171e-01 5.612935555156143425e-02
2.440000000000000000e+05 1.941411399999999898e-01 3.975128208944209152e-02
2.450000000000000000e+05 2.002234199999999853e-01 5.951453381698960932e-02
2.460000000000000000e+05 1.898361399999999866e-01 4.806654372557278565e-02
2.470000000000000000e+05 1.939439199999999919e-01 4.615453570505936853e-02
2.480000000000000000e+05 1.966318999999999984e-01 5.492578819337962104e-02
2.490000000000000000e+05 2.022223000000000215e-01 6.179086477549897150e-02
2.500000000000000000e+05 1.845328400000000035e-01 5.005154912362253655e-02
2.510000000000000000e+05 2.040216399999999763e-01 6.681692249071637113e-02
2.520000000000000000e+05 1.966740800000000289e-01 5.882085277043849064e-02
2.530000000000000000e+05 1.953469399999999967e-01 5.062843622556793127e-02
2.540000000000000000e+05 2.004223800000000111e-01 6.689245012924552314e-02
2.550000000000000000e+05 1.881474399999999991e-01 4.674360618897947101e-02
2.560000000000000000e+05 2.131258600000000281e-01 7.451732454267530337e-02
2.570000000000000000e+05 2.127744800000000436e-01 6.298239381733278242e-02
2.580000000000000000e+05 2.039776199999999984e-01 5.804199907961130056e-02
2.590000000000000000e+05 1.985210199999999925e-01 4.801947066323826452e-02
2.600000000000000000e+05 2.082912400000000164e-01 4.879449636951282976e-02
2.610000000000000000e+05 1.906495400000000062e-01 5.118455464597107540e-02
2.620000000000000000e+05 2.054887200000000136e-01 5.004236881177388102e-02
2.630000000000000000e+05 2.051502600000000009e-01 5.625681032890506028e-02
2.640000000000000000e+05 2.021524199999999993e-01 5.590404923589702840e-02
2.650000000000000000e+05 2.037538799999999983e-01 6.124804183238514999e-02
2.660000000000000000e+05 1.972363400000000100e-01 5.013838733029214040e-02
2.670000000000000000e+05 2.043835800000000091e-01 5.306654622401574956e-02
2.680000000000000000e+05 2.034679000000000071e-01 5.095003350899781486e-02
2.690000000000000000e+05 2.062477599999999744e-01 5.519346627797895588e-02
2.700000000000000000e+05 2.098409999999999997e-01 5.206966114462431572e-02
2.710000000000000000e+05 2.120508600000000077e-01 4.952796848814213643e-02
2.720000000000000000e+05 2.082404000000000477e-01 4.763924985106293697e-02
2.730000000000000000e+05 2.101795599999999875e-01 5.314426868088787531e-02
2.740000000000000000e+05 2.005466399999999982e-01 4.790532620803662073e-02
2.750000000000000000e+05 2.095066999999999902e-01 4.583280198857582477e-02
2.760000000000000000e+05 1.994125800000000059e-01 4.353852770530487054e-02
2.770000000000000000e+05 2.010529200000000238e-01 4.211246627341600629e-02
2.780000000000000000e+05 1.994075799999999732e-01 4.296668092731389943e-02
2.790000000000000000e+05 1.962217400000000056e-01 4.391311911944310170e-02
2.800000000000000000e+05 2.083341200000000115e-01 4.641556051288834445e-02
2.810000000000000000e+05 1.989872799999999886e-01 4.461221109998471379e-02
2.820000000000000000e+05 2.007537000000000071e-01 4.165678616470550738e-02
2.830000000000000000e+05 1.884131400000000067e-01 4.422570890934819643e-02
2.840000000000000000e+05 2.040618999999999905e-01 4.792335335241054706e-02
2.850000000000000000e+05 2.009651400000000143e-01 4.251359931300101314e-02
2.860000000000000000e+05 2.002565600000000001e-01 5.250346010683867859e-02
2.870000000000000000e+05 2.117651999999999590e-01 6.256639928322549338e-02
2.880000000000000000e+05 2.022694200000000053e-01 6.010198496054518225e-02
2.890000000000000000e+05 1.882847999999999744e-01 4.806586151596577844e-02
2.900000000000000000e+05 1.807006200000000062e-01 4.642147841792202551e-02
2.910000000000000000e+05 1.804732000000000003e-01 4.386086394347470108e-02
2.920000000000000000e+05 1.916349800000000103e-01 6.173307493888183228e-02
2.930000000000000000e+05 1.944272999999999973e-01 6.744956433365600912e-02
2.940000000000000000e+05 1.976467799999999941e-01 5.498135608409090991e-02
2.950000000000000000e+05 2.023961999999999983e-01 5.210078100731312112e-02
2.960000000000000000e+05 2.057230399999999959e-01 6.556338025643887457e-02
2.970000000000000000e+05 2.155715599999999676e-01 6.492945303322983364e-02
2.980000000000000000e+05 2.161427399999999999e-01 5.640196710883761677e-02
2.990000000000000000e+05 2.151535800000000109e-01 6.892433443640641477e-02
3.000000000000000000e+05 2.333016000000000256e-01 6.894047575611877976e-02
