# x average std
0.000000000000000000e+00 5.009999999999999127e-05 6.776263578034402713e-21
1.000000000000000000e+03 9.797029999999999628e-02 9.592520603053194400e-03
2.000000000000000000e+03 1.132227199999999989e-01 1.907173818962498366e-02
3.000000000000000000e+03 1.062717200000000001e-01 8.402367470516867651e-03
4.000000000000000000e+03 1.090391799999999856e-01 2.709519727479393642e-03
5.000000000000000000e+03 1.092474799999999940e-01 1.159933846396422365e-02
6.000000000000000000e+03 1.309347399999999939e-01 1.170453269611392878e-02
7.000000000000000000e+03 1.190617999999999954e-01 1.444180136949681573e-02
8.000000000000000000e+03 1.315900200000000297e-01 1.480599507529297906e-02
9.000000000000000000e+03 1.282562800000000003e-01 9.621346746147335996e-03
1.000000000000000000e+04 1.181560000000000110e-01 9.129938020819202901e-03
1.100000000000000000e+04 1.237988799999999862e-01 1.213179312012861895e-02
1.200000000000000000e+04 1.212931000000000009e-01 8.649208508297159814e-03
1.300000000000000000e+04 1.152508200000000038e-01 1.410693763499364095e-02
1.400000000000000000e+04 1.056972599999999873e-01 1.320674441784953912e-02
1.500000000000000000e+04 1.144908000000000037e-01 1.116049609148266931e-02
1.600000000000000000e+04 1.133221600000000190e-01 7.246204038695017689e-03
1.700000000000000000e+04 1.151589999999999836e-01 1.130120639595614228e-02
1.800000000000000000e+04 1.138248399999999966e-01 6.198653827275723768e-03
1.900000000000000000e+04 1.063221200000000061e-01 6.578140241557639024e-03
2.000000000000000000e+04 1.167569599999999930e-01 8.650740890490242821e-03
2.100000000000000000e+04 1.168003999999999987e-01 7.845200739305526610e-03
2.200000000000000000e+04 1.253139999999999810e-01 8.349599821548332051e-03
2.300000000000000000e+04 1.231721800000000061e-01 1.561174149022459372e-02
2.400000000000000000e+04 1.279099999999999959e-01 8.508840894269916952e-03
2.500000000000000000e+04 1.278120799999999946e-01 7.230965823290827661e-03
2.600000000000000000e+04 1.315020199999999972e-01 1.868013657577481321e-02
2.700000000000000000e+04 1.204868199999999945e-01 9.839627604213479692e-03
2.800000000000000000e+04 1.337231000000000114e-01 1.269724364088521511e-02
2.900000000000000000e+04 1.179304600000000008e-01 8.985247801502194501e-03
3.000000000000000000e+04 1.225270799999999827e-01 9.740567101847815226e-03
3.100000000000000000e+04 1.197575800000000024e-01 1.044569001596352617e-02
3.200000000000000000e+04 1.191868199999999989e-01 1.351616528226848996e-02
3.300000000000000000e+04 1.234377000000000113e-01 1.349383307174058938e-02
3.400000000000000000e+04 1.162557400000000102e-01 1.011811878989369792e-02
3.500000000000000000e+04 1.246167400000000036e-01 1.540440047617562709e-02
3.600000000000000000e+04 1.191138599999999881e-01 1.457790723603357048e-02
3.700000000000000000e+04 1.233777799999999925e-01 1.678898342335234661e-02
3.800000000000000000e+04 1.197788199999999942e-01 1.251626216845907850e-02
3.900000000000000000e+04 1.228810399999999969e-01 1.086969172526985536e-02
4.000000000000000000e+04 1.280281600000000020e-01 1.525653454236577077e-02
4.100000000000000000e+04 1.330351999999999923e-01 2.040107688461567648e-02
4.200000000000000000e+04 1.435765599999999920e-01 3.147945586966839626e-02
4.300000000000000000e+04 1.384615399999999941e-01 1.464571298730110195e-02
4.400000000000000000e+04 1.384249599999999858e-01 1.404677452806871174e-02
4.500000000000000000e+04 1.304853400000000052e-01 1.218404200544301839e-02
4.600000000000000000e+04 1.294006400000000112e-01 1.484927648642855695e-02
4.700000000000000000e+04 1.328886599999999918e-01 1.743776491315329399e-02
4.800000000000000000e+04 1.296527399999999886e-01 1.181253400462406976e-02
4.900000000000000000e+04 1.223026799999999970e-01 1.506432909093531180e-03
5.000000000000000000e+04 1.253444600000000186e-01 1.547842060503590300e-02
5.100000000000000000e+04 1.372499600000000319e-01 6.568510952902493517e-03
5.200000000000000000e+04 1.365803000000000156e-01 7.500863161796783411e-03
5.300000000000000000e+04 1.387633599999999745e-01 1.589937601713979631e-02
5.400000000000000000e+04 1.312250200000000255e-01 1.367552396208642981e-02
5.500000000000000000e+04 1.275777600000000123e-01 7.215904922766099190e-03
5.600000000000000000e+04 1.374143999999999921e-01 1.636445996285853730e-02
5.700000000000000000e+04 1.290225999999999873e-01 1.428095174195333911e-02
5.800000000000000000e+04 1.353801000000000032e-01 1.254428910237642865e-02
5.900000000000000000e+04 1.365906600000000026e-01 1.469863406777650004e-02
6.000000000000000000e+04 1.224710000000000243e-01 1.052780476395720477e-02
6.100000000000000000e+04 1.346684400000000004e-01 1.693893431377547013e-02
6.200000000000000000e+04 1.335079399999999916e-01 8.371994648971052902e-03
6.300000000000000000e+04 1.365680400000000017e-01 1.170851765982355158e-02
6.400000000000000000e+04 1.367103199999999963e-01 1.721500171680502567e-02
6.500000000000000000e+04 1.377783999999999953e-01 1.187752405377484957e-02
6.600000000000000000e+04 1.372729399999999822e-01 1.492299660599036293e-02
6.700000000000000000e+04 1.369709000000000065e-01 1.499777350942465420e-02
6.800000000000000000e+04 1.339674200000000037e-01 2.355483120596707156e-02
6.900000000000000000e+04 1.348516399999999948e-01 2.311830141758689644e-02
7.000000000000000000e+04 1.327624599999999988e-01 1.758092475299294355e-02
7.100000000000000000e+04 1.364738000000000062e-01 1.489689158489111882e-02
7.200000000000000000e+04 1.352321200000000112e-01 1.926597401289641479e-02
7.300000000000000000e+04 1.243485000000000146e-01 1.593709643768274203e-02
7.400000000000000000e+04 1.335658200000000018e-01 1.450650501415141035e-02
7.500000000000000000e+04 1.359716000000000258e-01 5.257357446093997508e-03
7.600000000000000000e+04 1.390816400000000341e-01 8.964084066674074883e-03
7.700000000000000000e+04 1.289167399999999741e-01 1.273676726938197286e-02
7.800000000000000000e+04 1.398641399999999979e-01 1.453400571481929492e-02
7.900000000000000000e+04 1.320057000000000313e-01 1.246014165360891969e-02
8.000000000000000000e+04 1.352518000000000054e-01 1.556326660017106310e-02
8.100000000000000000e+04 1.312601000000000184e-01 1.773928054651596753e-02
8.200000000000000000e+04 1.273270400000000024e-01 1.195963892491742550e-02
8.300000000000000000e+04 1.344249599999999822e-01 1.248736056652486118e-02
8.400000000000000000e+04 1.400352400000000053e-01 1.817821415745782612e-02
8.500000000000000000e+04 1.399227399999999899e-01 1.264102475349209408e-02
8.600000000000000000e+04 1.330937999999999843e-01 1.306114507660029178e-02
8.700000000000000000e+04 1.313244199999999973e-01 8.423296634311299921e-03
8.800000000000000000e+04 1.291521999999999948e-01 1.249674230269633146e-02
8.900000000000000000e+04 1.400791200000000014e-01 1.871088742207594954e-02
9.000000000000000000e+04 1.363773799999999925e-01 1.520177781740016977e-02
9.100000000000000000e+04 1.451249199999999906e-01 1.415377197490477745e-02
9.200000000000000000e+04 1.515776799999999924e-01 2.383698118759168538e-02
9.300000000000000000e+04 1.336038399999999737e-01 1.725843226154681609e-02
9.400000000000000000e+04 1.309002400000000010e-01 2.071205861266330051e-02
9.500000000000000000e+04 1.466572200000000048e-01 1.980875107576447400e-02
9.600000000000000000e+04 1.429193400000000058e-01 1.738629869438576211e-02
9.700000000000000000e+04 1.497004799999999969e-01 1.597165944921190295e-02
9.800000000000000000e+04 1.501329399999999925e-01 1.662847893171230315e-02
9.900000000000000000e+04 1.397295999999999816e-01 1.958436972077477398e-02
1.000000000000000000e+05 1.467494400000000088e-01 9.779357010887779200e-03
1.010000000000000000e+05 1.486488800000000110e-01 1.977290257513044172e-02
1.020000000000000000e+05 1.484972599999999920e-01 1.716871669748208304e-02
1.030000000000000000e+05 1.432037600000000133e-01 2.113035257922593960e-02
1.040000000000000000e+05 1.358166399999999885e-01 1.165926784349686184e-02
1.050000000000000000e+05 1.434563199999999983e-01 1.235224275205113950e-02
1.060000000000000000e+05 1.486081799999999786e-01 2.215364944467615449e-02
1.070000000000000000e+05 1.466418200000000061e-01 2.360112114264065544e-02
1.080000000000000000e+05 1.398793399999999909e-01 1.001049050078965490e-02
1.090000000000000000e+05 1.430639799999999795e-01 1.807792204158431212e-02
1.100000000000000000e+05 1.458303799999999817e-01 1.489396598779519666e-02
1.110000000000000000e+05 1.442902400000000140e-01 1.846572649018716344e-02
1.120000000000000000e+05 1.469225200000000009e-01 2.270555135216055856e-02
1.130000000000000000e+05 1.309976600000000158e-01 1.488517687615433828e-02
1.140000000000000000e+05 1.381206199999999995e-01 1.282829128487500761e-02
1.150000000000000000e+05 1.342411199999999916e-01 1.763649464869933292e-02
1.160000000000000000e+05 1.500151999999999874e-01 1.140424212931310556e-02
1.170000000000000000e+05 1.389697200000000188e-01 1.679694950214472363e-02
1.180000000000000000e+05 1.419794399999999845e-01 1.764314648917250303e-02
1.190000000000000000e+05 1.362356200000000017e-01 1.520482407940322057e-02
1.200000000000000000e+05 1.480664600000000108e-01 1.512883234867780542e-02
1.210000000000000000e+05 1.331373000000000140e-01 8.376454173933027894e-03
1.220000000000000000e+05 1.486795200000000094e-01 1.838222053326528035e-02
1.230000000000000000e+05 1.455970199999999937e-01 1.319249801158218875e-02
1.240000000000000000e+05 1.401152400000000020e-01 2.158432058208921075e-02
1.250000000000000000e+05 1.368667400000000145e-01 1.458167653976730031e-02
1.260000000000000000e+05 1.433979400000000015e-01 1.802843203981976603e-02
1.270000000000000000e+05 1.478493399999999958e-01 2.655693181334018924e-02
1.280000000000000000e+05 1.413722599999999996e-01 1.239171784372126127e-02
1.290000000000000000e+05 1.337732000000000088e-01 2.361985744563247988e-02
1.300000000000000000e+05 1.410881600000000180e-01 1.650359317925644692e-02
1.310000000000000000e+05 1.383724800000000199e-01 2.332639882634265568e-02
1.320000000000000000e+05 1.355189599999999939e-01 1.546341453671859316e-02
1.330000000000000000e+05 1.289957600000000149e-01 1.094074094393977098e-02
1.340000000000000000e+05 1.386320399999999842e-01 1.609462981476741245e-02
1.350000000000000000e+05 1.308506399999999903e-01 1.452931327896814229e-02
1.360000000000000000e+05 1.361440599999999834e-01 1.452056185918437943e-02
1.370000000000000000e+05 1.332488800000000140e-01 1.959719762347668023e-02
1.380000000000000000e+05 1.393166599999999811e-01 1.301148669946674760e-02
1.390000000000000000e+05 1.371644999999999948e-01 1.918160445114015789e-02
1.400000000000000000e+05 1.417068200000000111e-01 1.238495971756064899e-02
1.410000000000000000e+05 1.319135800000000025e-01 1.724923656437003447e-02
1.420000000000000000e+05 1.388952999999999993e-01 2.466755633645132881e-02
1.430000000000000000e+05 1.461195399999999922e-01 2.282017134112713022e-02
1.440000000000000000e+05 1.438543600000000144e-01 1.871482771810630691e-02
1.450000000000000000e+05 1.397416600000000175e-01 2.102404697079988949e-02
1.460000000000000000e+05 1.428770600000000002e-01 1.245491155530218871e-02
1.470000000000000000e+05 1.378159400000000256e-01 1.327484288458435913e-02
1.480000000000000000e+05 1.447707800000000156e-01 1.764700030638635675e-02
1.490000000000000000e+05 1.337272399999999972e-01 1.479980479028017611e-02
1.500000000000000000e+05 1.315207999999999933e-01 2.061793064262269076e-02
1.510000000000000000e+05 1.411395799999999867e-01 1.444136088357326000e-02
1.520000000000000000e+05 1.402654799999999979e-01 1.369427090741233942e-02
1.530000000000000000e+05 1.378444400000000125e-01 2.995341835401095151e-02
1.540000000000000000e+05 1.469726600000000050e-01 1.399608889248706717e-02
1.550000000000000000e+05 1.359813999999999745e-01 1.533650919916262553e-02
1.560000000000000000e+05 1.402989199999999936e-01 2.329696181371296998e-02
1.570000000000000000e+05 1.427878199999999820e-01 2.643391825677002954e-02
1.580000000000000000e+05 1.377998999999999752e-01 3.074247591662063531e-02
1.590000000000000000e+05 1.466795000000000182e-01 3.187727691557106641e-02
1.600000000000000000e+05 1.391747799999999979e-01 1.866998175879130625e-02
1.610000000000000000e+05 1.413728399999999996e-01 1.192029664573830521e-02
1.620000000000000000e+05 1.260030400000000106e-01 1.125859191188667389e-02
1.630000000000000000e+05 1.416647000000000045e-01 1.131898051752011289e-02
1.640000000000000000e+05 1.474179200000000078e-01 1.643188307825977496e-02
1.650000000000000000e+05 1.458100800000000086e-01 1.075543778419084211e-02
1.660000000000000000e+05 1.442279999999999951e-01 1.339539148408884495e-02
1.670000000000000000e+05 1.384699399999999858e-01 1.626162120117179491e-02
1.680000000000000000e+05 1.374565999999999844e-01 1.417859302935238659e-02
1.690000000000000000e+05 1.461371799999999777e-01 2.620686083584983922e-02
1.700000000000000000e+05 1.419623799999999991e-01 1.548596181364269957e-02
1.710000000000000000e+05 1.341190600000000122e-01 2.148571175852454981e-02
1.720000000000000000e+05 1.311689000000000049e-01 1.167185475732113349e-02
1.730000000000000000e+05 1.416214400000000151e-01 2.061355268269882829e-02
1.740000000000000000e+05 1.401152199999999848e-01 1.432889639091580562e-02
1.750000000000000000e+05 1.366054600000000119e-01 2.020037055329430495e-02
1.760000000000000000e+05 1.346854000000000107e-01 1.775511172119173184e-02
1.770000000000000000e+05 1.379786800000000202e-01 2.228828484216764660e-02
1.780000000000000000e+05 1.454180799999999774e-01 2.350487164877953367e-02
1.790000000000000000e+05 1.382152000000000103e-01 2.875774752723168209e-02
1.800000000000000000e+05 1.355938999999999894e-01 2.066647959842217441e-02
1.810000000000000000e+05 1.438145200000000012e-01 1.514464229955927478e-02
1.820000000000000000e+05 1.355144200000000243e-01 1.662429217770188331e-02
1.830000000000000000e+05 1.432938599999999951e-01 1.790454768002811350e-02
1.840000000000000000e+05 1.418789799999999879e-01 1.178566314848681837e-02
1.850000000000000000e+05 1.465438199999999913e-01 1.715974682277101107e-02
1.860000000000000000e+05 1.394013399999999847e-01 1.475329672047573197e-02
1.870000000000000000e+05 1.473967200000000088e-01 1.154999086205699479e-02
1.880000000000000000e+05 1.477292600000000011e-01 1.319735324246494590e-02
1.890000000000000000e+05 1.484639600000000059e-01 1.909039619291333714e-02
1.900000000000000000e+05 1.487311400000000394e-01 1.436669692011354263e-02
1.910000000000000000e+05 1.438536800000000115e-01 1.208196712119347094e-02
1.920000000000000000e+05 1.396599199999999930e-01 1.755750654795834587e-02
1.930000000000000000e+05 1.403356799999999904e-01 1.239240119515181045e-02
1.940000000000000000e+05 1.492172599999999905e-01 1.577492834958054216e-02
1.950000000000000000e+05 1.531225800000000081e-01 1.343031453844621866e-02
1.960000000000000000e+05 1.523890800000000101e-01 1.588863940762706706e-02
1.970000000000000000e+05 1.517913599999999863e-01 2.551721567778114305e-02
1.980000000000000000e+05 1.565616999999999703e-01 2.350810722631662200e-02
1.990000000000000000e+05 1.599259000000000097e-01 4.467950722306593403e-02
2.000000000000000000e+05 1.535288799999999787e-01 4.168195433227189078e-02
2.010000000000000000e+05 1.617520000000000069e-01 3.634191264042110903e-02
2.020000000000000000e+05 1.620064600000000188e-01 5.288196045210880741e-02
2.030000000000000000e+05 1.606273800000000140e-01 4.945595387434762596e-02
2.040000000000000000e+05 1.554778400000000060e-01 2.944247417243326531e-02
2.050000000000000000e+05 1.669746400000000075e-01 3.973173944893930443e-02
2.060000000000000000e+05 1.623854799999999987e-01 4.948676373829267311e-02
2.070000000000000000e+05 1.614819999999999867e-01 3.924340747916776201e-02
2.080000000000000000e+05 1.660501999999999811e-01 4.565738621568257022e-02
2.090000000000000000e+05 1.487330000000000041e-01 2.062982552209300172e-02
2.100000000000000000e+05 1.636549599999999882e-01 4.022484119499292882e-02
2.110000000000000000e+05 1.615559599999999985e-01 5.294076426220536979e-02
2.120000000000000000e+05 1.895054999999999934e-01 1.006449060596113776e-01
2.130000000000000000e+05 1.716631400000000196e-01 4.422129371959170746e-02
2.140000000000000000e+05 1.625780200000000175e-01 5.024838380709971408e-02
2.150000000000000000e+05 1.653449999999999920e-01 5.479143089856296223e-02
2.160000000000000000e+05 1.529636799999999908e-01 3.974483284983847814e-02
2.170000000000000000e+05 1.632104999999999806e-01 4.315117017379714592e-02
2.180000000000000000e+05 1.495416399999999757e-01 4.161607500601660625e-02
2.190000000000000000e+05 1.472330800000000162e-01 2.250654251771248837e-02
2.200000000000000000e+05 1.473408599999999902e-01 2.180577749373775395e-02
2.210000000000000000e+05 1.507728399999999913e-01 1.919204681232307072e-02
2.220000000000000000e+05 1.479021199999999980e-01 1.557666991951745308e-02
2.230000000000000000e+05 1.428967200000000048e-01 7.422561227608699512e-03
2.240000000000000000e+05 1.582835999999999965e-01 3.176405611737896650e-02
2.250000000000000000e+05 1.468164200000000030e-01 1.273240893333229921e-02
2.260000000000000000e+05 1.578359199999999907e-01 3.486512039103837474e-02
2.270000000000000000e+05 1.701436999999999811e-01 3.887062881081292803e-02
2.280000000000000000e+05 1.710078599999999838e-01 2.237064843106699105e-02
2.290000000000000000e+05 1.627322999999999964e-01 1.491430314134723455e-02
2.300000000000000000e+05 1.646377400000000046e-01 2.913874211613123183e-02
2.310000000000000000e+05 1.606914399999999910e-01 3.119774335817256106e-02
2.320000000000000000e+05 1.651922400000000180e-01 2.522349801344770173e-02
2.330000000000000000e+05 1.471733000000000069e-01 1.738158580532857961e-02
2.340000000000000000e+05 1.515153399999999984e-01 1.949429464931727585e-02
2.350000000000000000e+05 1.536367400000000216e-01 1.442159524527020058e-02
2.360000000000000000e+05 1.458717599999999892e-01 1.841532510346749821e-02
2.370000000000000000e+05 1.460178400000000098e-01 1.631175859661980476e-02
2.380000000000000000e+05 1.443242199999999753e-01 2.188209568093513538e-02
2.390000000000000000e+05 1.481953399999999810e-01 1.599825151828786554e-02
2.400000000000000000e+05 1.497273799999999933e-01 2.045430497058259300e-02
2.410000000000000000e+05 1.440216999999999747e-01 1.156285258143508257e-02
2.420000000000000000e+05 1.428750400000000087e-01 1.741252774522986796e-02
2.430000000000000000e+05 1.585532799999999909e-01 3.066016882624099729e-02
2.440000000000000000e+05 1.473862599999999912e-01 2.190112415686464725e-02
2.450000000000000000e+05 1.502895000000000203e-01 1.618696621025694435e-02
2.460000000000000000e+05 1.516083000000000014e-01 3.217401929246639647e-02
2.470000000000000000e+05 1.399047000000000207e-01 1.783168735795914728e-02
2.480000000000000000e+05 1.499134599999999984e-01 2.174231017767891058e-02
2.490000000000000000e+05 1.501953400000000105e-01 2.200523189649225206e-02
2.500000000000000000e+05 1.515022799999999892e-01 2.096648992343735224e-02
2.510000000000000000e+05 1.486545599999999911e-01 1.579775362950061948e-02
2.520000000000000000e+05 1.508502399999999688e-01 1.362799348056785605e-02
2.530000000000000000e+05 1.521201400000000148e-01 1.509785059094174466e-02
2.540000000000000000e+05 1.557808200000000143e-01 2.119863250583867847e-02
2.550000000000000000e+05 1.599170400000000103e-01 2.025532373995537691e-02
2.560000000000000000e+05 1.492257800000000023e-01 1.837909425237272201e-02
2.570000000000000000e+05 1.595721000000000223e-01 2.491904495930773178e-02
2.580000000000000000e+05 1.536085600000000051e-01 9.536954180575683143e-03
2.590000000000000000e+05 1.449929200000000251e-01 2.244384017029172132e-02
2.600000000000000000e+05 1.480334999999999845e-01 2.572231532168128831e-02
2.610000000000000000e+05 1.536132800000000187e-01 2.648747460030118073e-02
2.620000000000000000e+05 1.582790000000000030e-01 2.546923753998143677e-02
2.630000000000000000e+05 1.442485399999999807e-01 2.592996713091630379e-02
2.640000000000000000e+05 1.499464199999999692e-01 1.776975182296026967e-02
2.650000000000000000e+05 1.555651399999999906e-01 1.560615672798398683e-02
2.660000000000000000e+05 1.577430200000000116e-01 2.900545573938806757e-02
2.670000000000000000e+05 1.622905800000000176e-01 3.810667509696431809e-02
2.680000000000000000e+05 1.587201599999999990e-01 2.789682632254787339e-02
2.690000000000000000e+05 1.522457200000000010e-01 3.735322263191758613e-02
2.700000000000000000e+05 1.655033200000000093e-01 3.721265083190929829e-02
2.710000000000000000e+05 1.647827599999999726e-01 3.823493577646495251e-02
2.720000000000000000e+05 1.623045600000000144e-01 2.462457202646170865e-02
2.730000000000000000e+05 1.548022200000000181e-01 2.348963327950438426e-02
2.740000000000000000e+05 1.641671600000000064e-01 2.265659304163801860e-02
2.750000000000000000e+05 1.865845200000000037e-01 2.973264636929581761e-02
2.760000000000000000e+05 1.758907799999999966e-01 3.173985620606369767e-02
2.770000000000000000e+05 1.709655000000000202e-01 2.307331712069160198e-02
2.780000000000000000e+05 1.834115400000000118e-01 3.719236094525863595e-02
2.790000000000000000e+05 1.832268600000000192e-01 5.764160554820102478e-02
2.800000000000000000e+05 1.704782799999999821e-01 4.983572295963608484e-02
2.810000000000000000e+05 1.689336399999999960e-01 2.461319751203406778e-02
2.820000000000000000e+05 1.736290199999999950e-01 3.095186145189978907e-02
2.830000000000000000e+05 1.639271599999999884e-01 3.205877896904996138e-02
2.840000000000000000e+05 1.638781199999999882e-01 3.565990998762616493e-02
2.850000000000000000e+05 1.658204200000000239e-01 2.335350343467976902e-02
2.860000000000000000e+05 1.580613199999999774e-01 2.303616635340176994e-02
2.870000000000000000e+05 1.567883200000000088e-01 2.883272028008456236e-02
2.880000000000000000e+05 1.540887800000000085e-01 3.015305347571949762e-02
2.890000000000000000e+05 1.602505399999999969e-01 2.206358155681891614e-02
2.900000000000000000e+05 1.767777399999999888e-01 3.665904698431753095e-02
2.910000000000000000e+05 1.604230799999999957e-01 2.636745977036088900e-02
2.920000000000000000e+05 1.615372999999999948e-01 1.932882046840934953e-02
2.930000000000000000e+05 1.641608800000000090e-01 2.979714714353708105e-02
2.940000000000000000e+05 1.723259399999999830e-01 3.145364525740061701e-02
2.950000000000000000e+05 1.590516200000000047e-01 1.965543654843616289e-02
2.960000000000000000e+05 1.627012399999999970e-01 2.140792586876178599e-02
2.970000000000000000e+05 1.571900400000000031e-01 2.282003875821423874e-02
2.980000000000000000e+05 1.519495600000000113e-01 3.021828698345423517e-02
2.990000000000000000e+05 1.585789000000000226e-01 2.552859136145196883e-02
3.000000000000000000e+05 1.680583200000000110e-01 2.334939274597093786e-02
